88.60114774626078
268.3061223624693
50.0
275.63696010903845
52.553711647919755
50.0
50.0
50.0
50.0
50.0
50.0
78.23132234545143
50.0
50.0
51.97021411024205
58.38864984642329
296.2225998267069
50.0
50.0
50.0
50.0
50.0
58.68298058133791
52.47715144720586
405.8346150621002
100.05551655741552
50.0
153.2532776190295
96.62364522387216
50.0
50.0
52.934566842640315
50.0
50.0
50.0
50.462710242571696
269.66643099966495
50.0
50.0
50.0
54.606948177636106
98.3738693898609
56.62019796610546
50.0
50.0
50.0
668.0489143410697
50.0
50.0
