144.38335820895523
139.8811333333333
1103.9566666666665
370.1280172413793
1890.0075396825398
110.829375
3.05
15.656666666666666
21.827985074626863
168.09720125786166
317.7576262626262
1170.6385227272726
181.04142156862744
218.88391304347826
537.6946666666666
211.58104166666666
30.342734375
75.40035714285715
99.51895833333334
68.3390625
248.60439759036146
341.4352298850574
252.10769565217387
1630.8747826086958
87.49036585365853
1051.9558928571428
214.54615
536.6100943396227
660.6791935483872
150.51749999999998
35.30738095238095
1647.681515151515
1440.7302941176472
198.93379032258065
259.9085227272727
339.4174675324675
448.30763888888885
245.98932835820895
18.482999999999997
109.15021739130434
595.8128787878787
266.403052631579
417.23639763779533
1578.7010344827586
217.64537037037036
193.47892857142853
256.93512820512825
284.755625
352.55781818181816
