1.357679295e13
1.377324186e13
2.952349029e13
4.239694802e13
2.695154777e13
1.43574319e12
1.770006e10
6.4457848e11
1.703124171e13
1.539110867e13
1.45746552e13
2.164436064e13
1.499960427e13
9.43266863e12
2.131010819e13
1.046563315e13
1.356593049e13
2.73358701e12
3.21313846e12
9.16335525e12
2.504879909e13
2.251638515e13
1.805410523e13
2.533357477e13
1.254382843e13
3.808328489e13
1.393916503e13
1.831086229e13
2.00330802e13
2.42142985e12
2.25915081e12
3.149187993e13
2.863810397e13
1.412974241e13
1.160982781e13
1.810379697e13
2.548003668e13
1.192806888e13
4.0012392e11
8.29331209e12
1.997296112e13
1.091535557e13
6.956647019e13
2.19882971e13
1.10795737689e13
2.49063983e12
1.846616387e13
1.696356501e13
6.2755959e12
