0.0 0.0 0.0 0.0 0.0 0.0 0.0 0.0 2766.9674618342374 321.09943049456075 0.0 0.0 0.0 0.0 0.0 0.0 0.0 0.0 0.0 0.0 0.0 0.0 0.0 0.0 57383.57274094758 0.0 0.0 0.0 0.0 0.0 0.0 0.0 0.0 0.0 0.0 0.0 0.0 0.0 0.0 0.0 0.0 79.91671938795444 0.0 0.0 0.0 0.0 0.0 0.0 0.0
0.0 0.0 0.0 0.0 0.0 0.0 0.0 0.0 0.0 0.0 0.0 0.0 0.0 0.0 0.0 0.0 229071.04938972875 0.0 0.0 0.0 0.0 0.0 93837.81072771638 0.0 508972.32968991017 0.0 0.0 0.0 0.0 0.0 0.0 0.0 0.0 0.0 0.0 872.4991819927968 0.0 0.0 0.0 0.0 0.0 704622.9721425241 3054.0932599981675 0.0 0.0 0.0 0.0 0.0 0.0
0.0 0.0 0.0 230.1063151151128 1.93106848438827e-5 0.0 0.0 0.0 0.0 0.0 0.0 0.0 0.0 0.0 0.0 0.0 0.0 0.0 0.0 0.0 0.0 0.0 0.0 0.0 0.0 0.0 0.0 0.0 0.0 0.0 0.0 509.44720455508315 329.81741787156824 0.0 0.0 0.0 0.0 0.0 0.0 0.0 0.0 0.0 0.0 24.82125144437786 0.0 0.0 0.0 0.0 0.0
0.0 0.0 230.1063151151128 0.0 0.0 0.0 0.0 0.0 0.0 0.0 0.0 0.0 0.0 0.0 0.0 0.0 0.0 0.0 0.0 0.0 0.0 0.0 0.0 0.0 0.0 0.0 0.0 0.0 0.0 0.0 0.0 0.0 1204.1985657708478 0.0 0.0 0.0 266.10920109216244 0.0 0.0 0.0 0.0 0.0 0.0 0.0 0.0 0.0 0.0 0.0 0.0
0.0 0.0 1.93106848438827e-5 0.0 0.0 0.0 0.0 0.0 0.0 0.0 0.0 0.0 0.0 0.0 172838.08811824006 0.0 0.0 0.0 0.0 0.0 0.0 0.0 0.0 386.9345634155495 0.0 0.0 0.0 0.0 176876.33743324355 0.0 0.0 1584.165602576636 0.0 0.0 0.0 33663.9566416472 0.0 0.0 0.0 0.0 0.0 0.0 0.0 5.309338272441028 0.0 0.0 0.0 0.0 0.0
0.0 0.0 0.0 0.0 0.0 0.0 0.0 0.0 0.0 0.0 0.0 0.0 0.0 0.0 0.0 0.0 0.0 30.09248273085153 0.0 0.0 0.0 0.0 0.0 0.0 0.0 0.0 0.0 0.0 0.0 0.0 0.0 0.0 0.0 4.299744591406215 0.0 0.0 0.0 0.0 8.853047875542277 0.0 0.0 0.0 0.0 0.0 0.0 0.0 0.0 0.0 0.0
0.0 0.0 0.0 0.0 0.0 0.0 0.0 0.0 0.0 0.0 0.0 0.0 0.0 0.0 0.0 0.0 0.0 0.0 3796.9294352572156 0.0 0.0 0.0 0.0 0.0 0.0 0.0 0.0 0.0 0.0 0.0 0.0 0.0 0.0 0.0 0.0 0.0 0.0 0.0 0.0 0.0 0.0 0.0 0.0 0.0 1019.1861262098657 0.0 0.0 0.0 0.0
0.0 0.0 0.0 0.0 0.0 0.0 0.0 0.0 0.0 0.0 0.0 0.0 0.0 0.0 0.0 0.0 0.0 0.0 661.0665346659399 0.0 0.0 0.0 0.0 0.0 0.0 0.0 0.0 0.0 0.0 0.0 0.01600704936444949 0.0 0.0 0.0 0.0 0.0 0.0 0.002064822915281209 0.0 0.0 0.0 0.0 0.0 0.0 0.0 0.0 0.0 0.0 0.0
2766.967461834238 0.0 0.0 0.0 0.0 0.0 0.0 0.0 0.0 2756.331436830843 0.0 0.0 0.0 0.0 0.0 0.0 0.0 0.0 0.0 0.0 0.0 0.0 0.0 0.0 0.0 0.0 0.0 0.0 0.0 0.0 0.0 0.0 0.0 0.0 0.0 0.0 0.0 0.0 0.0 0.0 0.0 0.0 0.0 0.0 0.0 0.0 0.0 0.0 0.0
321.0994304945608 0.0 0.0 0.0 0.0 0.0 0.0 0.0 2756.331436830843 0.0 0.0 0.0 0.0 0.0 0.0 0.0 0.0 0.0 0.0 0.0 0.0 0.0 0.0 0.0 0.0 0.0 14.13146737317211 0.0 0.0 0.0 0.0 0.0 0.0 0.0 0.0 0.0 0.0 0.0 0.0 635.6676150292279 0.0 113.34614709760054 0.0 0.0 0.0 0.0 0.0 0.0 0.0
0.0 0.0 0.0 0.0 0.0 0.0 0.0 0.0 0.0 0.0 0.0 0.0 926.214578359233 0.0 0.0 0.0 0.0 0.0 0.0 0.0 0.0 3641.784513970473 186.06529922383112 0.0 0.0 0.0 0.0 0.0 475.31565372559066 0.0 0.0 0.0 0.0 0.0 0.0 0.0 0.0 0.0 0.0 0.0 4.4429454174250065 0.0 0.0 0.0 0.0 0.0 0.0 469.4512856359319 0.0
0.0 0.0 0.0 0.0 0.0 0.0 0.0 0.0 0.0 0.0 0.0 0.0 0.0 0.0 0.0 0.0 0.0 0.0 0.0 0.0 0.0 0.0 0.0 144.4443183881327 0.0 6.371380802740745e6 0.0 0.0 0.0 0.0 0.0 0.0 301.9190464722106 0.0 0.0 0.0 1.0810771080023467e6 0.0 0.0 0.0 0.0 0.0 0.0 559.5166403757609 0.0 0.0 3.9808509993785895e7 0.0 0.0
0.0 0.0 0.0 0.0 0.0 0.0 0.0 0.0 0.0 0.0 926.2145783592331 0.0 0.0 225.78488815064782 0.0 173.81915923832773 0.0 0.0 0.0 0.0 2.977084217998805e-6 0.0 2354.5737489317357 0.0 0.0 0.0 0.0 0.0 0.0 0.0 0.0 0.0 0.0 0.0 0.0 0.0 0.0 0.0 0.0 0.0 0.0 0.0 0.0 0.0 0.0 0.0 0.0 2943.1876255276434 0.0
0.0 0.0 0.0 0.0 0.0 0.0 0.0 0.0 0.0 0.0 0.0 0.0 225.78488815064782 0.0 0.0 2359.8839264437856 0.0 0.0 0.0 0.0 0.16595641975218836 0.0 0.0 0.0 0.0 0.0 0.0 0.0 0.0 0.0 0.0 0.0 0.0 0.0 3900.3289415472495 0.0 0.0 0.0 0.0 0.0 0.0 0.0 0.0 0.0 0.0 0.0 0.0 0.0 0.0
0.0 0.0 0.0 0.0 172838.08811824006 0.0 0.0 0.0 0.0 0.0 0.0 0.0 0.0 0.0 0.0 0.0 0.0 0.0 0.0 0.0 0.0 0.0 340.04079812943417 0.0 0.0 0.0 0.0 0.0 259885.31543556653 0.0 0.0 0.0 0.0 0.0 0.0 168992.95586215134 0.0 0.0 0.0 0.0 0.0 0.0 0.0 0.0 0.0 0.0 0.0 0.0 0.0
0.0 0.0 0.0 0.0 0.0 0.0 0.0 0.0 0.0 0.0 0.0 0.0 173.81915923832773 2359.8839264437856 0.0 0.0 0.0 0.0 0.0 0.0 0.0 0.0 65547.37514721836 0.0 0.0 0.0 0.0 0.0 0.0 0.0 0.0 0.0 0.0 0.0 54.310391128569066 0.0 0.0 0.0 0.0 0.0 0.0 36849.53023860447 0.0 0.0 2.4853619516984837 0.0 0.0 0.0 1.0235638801339575
0.0 229071.04938972875 0.0 0.0 0.0 0.0 0.0 0.0 0.0 0.0 0.0 0.0 0.0 0.0 0.0 0.0 0.0 0.0 0.0 0.0 0.0 0.0 0.0 0.0 278950.4663324574 0.0 0.0 0.0 0.0 0.0 0.0 0.0 0.0 0.0 0.0 0.0 0.0 0.0 0.0 0.0 0.0 0.0 994.0911924217687 0.0 0.0 0.0 0.0 0.0 0.0
0.0 0.0 0.0 0.0 0.0 30.09248273085153 0.0 0.0 0.0 0.0 0.0 0.0 0.0 0.0 0.0 0.0 0.0 0.0 0.0 0.0 0.0 0.0 0.0 0.0 0.0 0.0 0.0 0.0 0.0 11.230713566250845 0.0 0.0 0.0 1.4702978010553849 0.0 0.0 0.0 0.0 3.8499819809041576 0.0 0.0 0.0 0.0 0.0 0.0 10.435676517567384 0.0 0.0 0.0
0.0 0.0 0.0 0.0 0.0 0.0 3796.9294352572156 661.0665346659399 0.0 0.0 0.0 0.0 0.0 0.0 0.0 0.0 0.0 0.0 0.0 0.0 0.0 0.0 0.0 0.0 0.0 0.0 0.0 0.0 0.0 0.0 0.0 0.0 0.0 0.0 0.0 0.0 0.0 33.092032041342435 0.0 0.0 0.0 0.0 0.0 0.0 29.929998693180302 0.0 0.0 0.0 81.90228407478239
0.0 0.0 0.0 0.0 0.0 0.0 0.0 0.0 0.0 0.0 0.0 0.0 0.0 0.0 0.0 0.0 0.0 0.0 0.0 0.0 0.0 0.0 0.0 0.0 0.0 0.0 0.0 0.0 0.0 23.774426390624306 0.0 0.0 0.0 0.0 0.0 0.0 0.0 0.0 0.0 0.0 0.0 0.0 0.0 0.0 0.0 0.0 0.0 0.0 0.0
0.0 0.0 0.0 0.0 0.0 0.0 0.0 0.0 0.0 0.0 0.0 0.0 2.977084217998805e-6 0.16595641975218833 0.0 0.0 0.0 0.0 0.0 0.0 0.0 0.0003572156665794398 0.0 0.0 0.0 0.0 0.0 0.0 0.0 0.0 0.0 0.0 0.0 0.0 338.0069674926865 0.0 0.0 0.0 0.0 0.0 0.0 0.0 0.0 0.0 0.0 0.0 0.0 50.28099676169629 0.0
0.0 0.0 0.0 0.0 0.0 0.0 0.0 0.0 0.0 0.0 3641.784513970473 0.0 0.0 0.0 0.0 0.0 0.0 0.0 0.0 0.0 0.0003572156665794398 0.0 0.0 0.0 0.0 0.0 0.0 109.45314492487884 0.0 0.0 0.0 0.0 0.0 0.0 0.0 0.0 0.0 0.0 0.0 0.0 22.00117240474171 0.0 0.0 0.0 0.0 0.0 0.0 7058.6441819306765 0.0
0.0 93837.81072771638 0.0 0.0 0.0 0.0 0.0 0.0 0.0 0.0 186.06529922383112 0.0 2354.5737489317357 0.0 340.04079812943417 65547.37514721836 0.0 0.0 0.0 0.0 0.0 0.0 0.0 0.0 0.0 0.0 0.0 0.0 0.6059685581738536 0.0 0.0 0.0 0.0 0.0 0.0 766.708369698805 0.0 0.0 0.0 0.0 0.0 115327.684882125 0.0 0.0 0.0 0.0 0.0 0.0 0.0
0.0 0.0 0.0 0.0 386.93456341554946 0.0 0.0 0.0 0.0 0.0 0.0 144.4443183881327 0.0 0.0 0.0 0.0 0.0 0.0 0.0 0.0 0.0 0.0 0.0 0.0 0.0 39.75375462768906 0.0 0.0 64340.78816455521 0.0 0.0 0.0 0.0 0.0 0.0 0.0 0.0 0.0 0.0 0.0 3.2057133164932416 0.0 0.0 6.822712871294327 0.0 0.0 0.0 0.0 0.0
57383.57274094758 508972.3296899101 0.0 0.0 0.0 0.0 0.0 0.0 0.0 0.0 0.0 0.0 0.0 0.0 0.0 0.0 278950.4663324574 0.0 0.0 0.0 0.0 0.0 0.0 0.0 0.0 0.0 0.0 0.0 0.0 0.0 0.0 0.0 0.0 0.0 0.0 0.0 0.0 0.0 0.0 0.0 0.0 228123.01434676466 0.0 0.0 0.0 0.0 0.0 0.0 0.0
0.0 0.0 0.0 0.0 0.0 0.0 0.0 0.0 0.0 0.0 0.0 6.371380802740745e6 0.0 0.0 0.0 0.0 0.0 0.0 0.0 0.0 0.0 0.0 0.0 39.75375462768908 0.0 0.0 0.0 5431.4384453114235 0.0 0.0 0.0 0.0 0.0 0.0 0.0 0.0 0.0 0.0 0.0 0.0 514.1076460884711 0.0 0.0 0.0 0.0 0.0 0.0 0.0 0.0
0.0 0.0 0.0 0.0 0.0 0.0 0.0 0.0 0.0 14.13146737317211 0.0 0.0 0.0 0.0 0.0 0.0 0.0 0.0 0.0 0.0 0.0 0.0 0.0 0.0 0.0 0.0 0.0 0.0 0.0 0.0 0.0 0.0 0.0 0.0 0.0 0.0 0.0 0.0 0.0 620.081159372914 0.0 70.47956627302446 0.0 0.0 613.6047226166327 0.0 0.0 0.0 0.0
0.0 0.0 0.0 0.0 0.0 0.0 0.0 0.0 0.0 0.0 0.0 0.0 0.0 0.0 0.0 0.0 0.0 0.0 0.0 0.0 0.0 109.45314492487884 0.0 0.0 0.0 5431.438445311424 0.0 0.0 0.0 0.0 0.0 0.0 0.0 0.0 0.0 0.0 0.0 0.0 0.0 0.0 2435.637305455521 0.0 0.0 0.0 0.0 0.0 0.0 0.0 0.0
0.0 0.0 0.0 0.0 176876.33743324355 0.0 0.0 0.0 0.0 0.0 475.31565372559066 0.0 0.0 0.0 259885.31543556656 0.0 0.0 0.0 0.0 0.0 0.0 0.0 0.6059685581738536 64340.78816455521 0.0 0.0 0.0 0.0 0.0 0.0 0.0 0.0 0.0 0.0 0.0 0.0 0.0 0.0 0.0 0.0 66926.23038864414 0.0 0.0 0.0 0.0 0.0 0.0 0.0 0.0
0.0 0.0 0.0 0.0 0.0 0.0 0.0 0.0 0.0 0.0 0.0 0.0 0.0 0.0 0.0 0.0 0.0 11.230713566250845 0.0 23.774426390624306 0.0 0.0 0.0 0.0 0.0 0.0 0.0 0.0 0.0 0.0 0.0 0.0 0.0 0.0 0.0 0.0 0.0 0.0 0.0 0.0 0.0 0.0 0.0 0.0 0.0 84.94471678485222 0.0 0.0 0.0
0.0 0.0 0.0 0.0 0.0 0.0 0.0 0.01600704936444949 0.0 0.0 0.0 0.0 0.0 0.0 0.0 0.0 0.0 0.0 0.0 0.0 0.0 0.0 0.0 0.0 0.0 0.0 0.0 0.0 0.0 0.0 0.0 0.0 0.0 30.56554788071491 0.0 0.0 0.0 183.16360140608418 0.0 0.0 0.0 0.0 0.0 0.0 0.0 0.0 0.0 0.0 0.0
0.0 0.0 509.4472045550832 0.0 1584.165602576636 0.0 0.0 0.0 0.0 0.0 0.0 0.0 0.0 0.0 0.0 0.0 0.0 0.0 0.0 0.0 0.0 0.0 0.0 0.0 0.0 0.0 0.0 0.0 0.0 0.0 0.0 0.0 0.0 0.0 0.0 8055.55352489969 0.0 0.0 0.0 0.0 0.0 0.0 211206.20572271175 5.48501525380247e-6 0.0 0.0 0.0 0.0 0.0
0.0 0.0 329.81741787156824 1204.1985657708476 0.0 0.0 0.0 0.0 0.0 0.0 0.0 301.9190464722106 0.0 0.0 0.0 0.0 0.0 0.0 0.0 0.0 0.0 0.0 0.0 0.0 0.0 0.0 0.0 0.0 0.0 0.0 0.0 0.0 0.0 0.0 0.0 0.0 200.54144290146743 0.0 0.0 0.0 0.0 0.0 0.0 382.8449426184707 0.0 0.0 0.0 0.0 0.0
0.0 0.0 0.0 0.0 0.0 4.299744591406215 0.0 0.0 0.0 0.0 0.0 0.0 0.0 0.0 0.0 0.0 0.0 1.4702978010553849 0.0 0.0 0.0 0.0 0.0 0.0 0.0 0.0 0.0 0.0 0.0 0.0 30.56554788071491 0.0 0.0 0.0 0.0 0.0 0.0 3.1709441589203182 9.50190058163254e-5 0.0 0.0 0.0 0.0 0.0 0.0 61.51946603266818 0.0 0.0 0.0
0.0 0.0 0.0 0.0 0.0 0.0 0.0 0.0 0.0 0.0 0.0 0.0 0.0 3900.328941547249 0.0 54.310391128569066 0.0 0.0 0.0 0.0 338.00696749268656 0.0 0.0 0.0 0.0 0.0 0.0 0.0 0.0 0.0 0.0 0.0 0.0 0.0 0.0 0.0 0.0 0.3151563762007711 0.0 0.0 0.0 0.0 0.0 0.0 0.0 0.0 0.0 0.0 0.8727758453822574
0.0 872.4991819927968 0.0 0.0 33663.9566416472 0.0 0.0 0.0 0.0 0.0 0.0 0.0 0.0 0.0 168992.95586215137 0.0 0.0 0.0 0.0 0.0 0.0 0.0 766.708369698805 0.0 0.0 0.0 0.0 0.0 0.0 0.0 0.0 8055.55352489969 0.0 0.0 0.0 0.0 0.0 0.0 0.0 0.0 0.0 0.0 207074.94008549541 0.0 0.0 0.0 0.0 0.0 0.0
0.0 0.0 0.0 266.10920109216244 0.0 0.0 0.0 0.0 0.0 0.0 0.0 1.0810771080023467e6 0.0 0.0 0.0 0.0 0.0 0.0 0.0 0.0 0.0 0.0 0.0 0.0 0.0 0.0 0.0 0.0 0.0 0.0 0.0 0.0 200.54144290146743 0.0 0.0 0.0 0.0 0.0 0.0 0.0 0.0 0.0 0.0 0.0 0.0 0.0 6.507097663227585e7 0.0 0.0
0.0 0.0 0.0 0.0 0.0 0.0 0.0 0.002064822915281209 0.0 0.0 0.0 0.0 0.0 0.0 0.0 0.0 0.0 0.0 33.092032041342435 0.0 0.0 0.0 0.0 0.0 0.0 0.0 0.0 0.0 0.0 0.0 183.16360140608418 0.0 0.0 3.1709441589203182 0.315156376200771 0.0 0.0 0.0 0.0 0.0 0.0 0.0 0.0 0.0 0.0 0.0 0.0 0.0 4.086880842261105
0.0 0.0 0.0 0.0 0.0 8.853047875542277 0.0 0.0 0.0 0.0 0.0 0.0 0.0 0.0 0.0 0.0 0.0 3.8499819809041576 0.0 0.0 0.0 0.0 0.0 0.0 0.0 0.0 0.0 0.0 0.0 0.0 0.0 0.0 0.0 9.50190058163254e-5 0.0 0.0 0.0 0.0 0.0 0.0 0.0 0.0 0.0 0.0 0.0 0.0 0.0 0.0 0.0
0.0 0.0 0.0 0.0 0.0 0.0 0.0 0.0 0.0 635.6676150292278 0.0 0.0 0.0 0.0 0.0 0.0 0.0 0.0 0.0 0.0 0.0 0.0 0.0 0.0 0.0 0.0 620.081159372914 0.0 0.0 0.0 0.0 0.0 0.0 0.0 0.0 0.0 0.0 0.0 0.0 0.0 0.0 0.0 0.0 0.0 0.0 0.0 0.0 0.0 0.0
0.0 0.0 0.0 0.0 0.0 0.0 0.0 0.0 0.0 0.0 4.4429454174250065 0.0 0.0 0.0 0.0 0.0 0.0 0.0 0.0 0.0 0.0 22.00117240474171 0.0 3.2057133164932416 0.0 514.1076460884711 0.0 2435.6373054555206 66926.23038864414 0.0 0.0 0.0 0.0 0.0 0.0 0.0 0.0 0.0 0.0 0.0 0.0 0.0 0.0 0.0 0.0 0.0 0.0 0.0 0.0
79.91671938795443 704622.9721425241 0.0 0.0 0.0 0.0 0.0 0.0 0.0 113.34614709760055 0.0 0.0 0.0 0.0 0.0 36849.530238604464 0.0 0.0 0.0 0.0 0.0 0.0 115327.684882125 0.0 228123.01434676466 0.0 70.47956627302446 0.0 0.0 0.0 0.0 0.0 0.0 0.0 0.0 0.0 0.0 0.0 0.0 0.0 0.0 0.0 0.0 0.0 105.76101981747495 0.0 0.0 0.0 0.0
0.0 3054.093259998167 0.0 0.0 0.0 0.0 0.0 0.0 0.0 0.0 0.0 0.0 0.0 0.0 0.0 0.0 994.0911924217687 0.0 0.0 0.0 0.0 0.0 0.0 0.0 0.0 0.0 0.0 0.0 0.0 0.0 0.0 211206.20572271178 0.0 0.0 0.0 207074.94008549541 0.0 0.0 0.0 0.0 0.0 0.0 0.0 0.0 0.0 0.0 0.0 0.0 0.0
0.0 0.0 24.82125144437786 0.0 5.309338272441028 0.0 0.0 0.0 0.0 0.0 0.0 559.5166403757609 0.0 0.0 0.0 0.0 0.0 0.0 0.0 0.0 0.0 0.0 0.0 6.822712871294327 0.0 0.0 0.0 0.0 0.0 0.0 0.0 5.48501525380247e-6 382.8449426184707 0.0 0.0 0.0 0.0 0.0 0.0 0.0 0.0 0.0 0.0 0.0 0.0 0.0 0.0 0.0 0.0
0.0 0.0 0.0 0.0 0.0 0.0 1019.1861262098657 0.0 0.0 0.0 0.0 0.0 0.0 0.0 0.0 2.4853619516984837 0.0 0.0 29.929998693180295 0.0 0.0 0.0 0.0 0.0 0.0 0.0 613.6047226166327 0.0 0.0 0.0 0.0 0.0 0.0 0.0 0.0 0.0 0.0 0.0 0.0 0.0 0.0 105.76101981747495 0.0 0.0 0.0 0.0 0.0 0.0 620.9383572342615
0.0 0.0 0.0 0.0 0.0 0.0 0.0 0.0 0.0 0.0 0.0 0.0 0.0 0.0 0.0 0.0 0.0 10.435676517567384 0.0 0.0 0.0 0.0 0.0 0.0 0.0 0.0 0.0 0.0 0.0 84.94471678485222 0.0 0.0 0.0 61.51946603266818 0.0 0.0 0.0 0.0 0.0 0.0 0.0 0.0 0.0 0.0 0.0 0.0 0.0 0.0 0.0
0.0 0.0 0.0 0.0 0.0 0.0 0.0 0.0 0.0 0.0 0.0 3.980850999378589e7 0.0 0.0 0.0 0.0 0.0 0.0 0.0 0.0 0.0 0.0 0.0 0.0 0.0 0.0 0.0 0.0 0.0 0.0 0.0 0.0 0.0 0.0 0.0 0.0 6.507097663227586e7 0.0 0.0 0.0 0.0 0.0 0.0 0.0 0.0 0.0 0.0 0.0 0.0
0.0 0.0 0.0 0.0 0.0 0.0 0.0 0.0 0.0 0.0 469.45128563593187 0.0 2943.187625527643 0.0 0.0 0.0 0.0 0.0 0.0 0.0 50.280996761696294 7058.6441819306765 0.0 0.0 0.0 0.0 0.0 0.0 0.0 0.0 0.0 0.0 0.0 0.0 0.0 0.0 0.0 0.0 0.0 0.0 0.0 0.0 0.0 0.0 0.0 0.0 0.0 0.0 0.0
0.0 0.0 0.0 0.0 0.0 0.0 0.0 0.0 0.0 0.0 0.0 0.0 0.0 0.0 0.0 1.0235638801339575 0.0 0.0 81.90228407478239 0.0 0.0 0.0 0.0 0.0 0.0 0.0 0.0 0.0 0.0 0.0 0.0 0.0 0.0 0.0 0.8727758453822575 0.0 0.0 4.086880842261105 0.0 0.0 0.0 0.0 0.0 0.0 620.9383572342616 0.0 0.0 0.0 0.0
