86.77131654356296
158.6308225482797
70.89580256320939
163.1403021583589
60.516581545719255
70.89580256320939
70.8958025632094
70.8958025632094
70.89580256320939
70.89580256320944
70.89580256320939
76.6667723608061
70.89580256320937
70.89580256320939
47.40314825128539
73.56026740098073
177.51329843040952
70.89580256320939
70.89580256320939
70.8958025632094
70.89580256320939
70.89580256320937
73.64091711254932
60.161560226844664
225.30550390334736
83.63004229820032
70.89580256320939
93.07985104915586
52.75335189224664
70.89580256320939
70.8958025632094
58.45526702598125
70.8958025632094
70.89580256320939
70.89580256320937
65.76271322905517
165.43041720863866
70.89580256320939
70.8958025632094
70.89580256320939
64.15919432897104
89.28537272383967
65.17129474248081
70.8958025632094
70.89580256320941
70.89580256320939
354.0303198262925
70.89580256320937
70.89580256320939
