0.0925681864500269
0.054077906665706506
0.10000000000000002
0.055573614199368945
0.11255298287827258
0.09999999999999999
0.1
0.10000000000000002
0.10000000000000002
0.10000000000000005
0.10000000000000003
0.09999999999999996
0.10000000000000003
0.10000000000000003
0.13283688590214998
0.0966853306820395
0.06440526720224057
0.1
0.10000000000000002
0.10000000000000002
0.10000000000000003
0.1
0.09653914289323672
0.09429680140780504
0.04944130308251275
0.09999999999999999
0.10000000000000003
0.09999999999999998
0.1491022526462731
0.09999999999999999
0.1
0.11301802536157009
0.10000000000000002
0.10000000000000002
0.1
0.10991727150084946
0.09999999999999999
0.10000000000000002
0.1
0.09999999999999999
0.09893057035244482
0.08761906328648623
0.10961239016747718
0.09999999999999999
0.10000000000000003
0.1
0.09999999999999999
0.10000000000000002
0.1
