50
50
50
50
50
50
50
50
50
50
50
574.237259188102
794.826814825212
50
50
50
50
50
50
50
50
50
50
50
50
50
50
50
50
50
50
50
50
50
50
50
50
50
50
50
50
50
50
50
50
50
50
50
50
530.061334996955
50
50
50
50
50
50
50
50
50
50
50
50
50
50
566.709281181591
370.442208807612
50
50
50
50
50
50
50
50
50
50
50
50
50
50
50
50
732.233788784719
628.447799470144
50
50
50
554.178612845898
465.418555450352
50
847.711140733864
166.615606029511
50
50
674.341514514809
379.861994916692
50
411.933314062754
50
572.417914231304
506.240532358951
395.807445569151
825.709481843113
827.924269806015
50
50
50
50
479.409043929328
50
217.933907413235
318.935236991368
50
50
50
50
679.868051029202
50
296.721893190401
50
836.755762989536
919.044299875895
50
50
354.652962619573
50
50
308.161705107078
596.172033101494
619.358333042668
50
286.326180806996
50
534.629544991681
50
735.01300167878
50
438.298633921402
50
50
440.684456540036
317.895114270724
50
530.550012542589
159.599383337273
50
50
50
50
50
50
634.433409231818
50
50
50
429.674239956841
50
546.221366666667
50
548.64065112782
548.659381584583
548.672208196721
548.639529760768
543.463840490797
50
50
599.528629131516
548.635788433229
50
50
50
565.723333825414
647.106402254428
50
50
50
540.978790821254
50
548.764030769231
50
533.368605941422
50
50
50
50
50
50
548.615562658228
50
50
546.999933876684
548.9428625
50
50
50
542.250730082884
50
50
50
50
50
548.572370998116
50
50
547.036780299997
50
536.272737767221
548.639388300224
548.655086872144
50
555.878934025973
549.5818
50
548.47426682063
548.620673118279
50
50
50
50
60.4950552308703
56.9851821678272
50
50
70.7613315699651
50
50
50
50
50
50
50
50
50
50
29.3616390265188
50
50
50
50
50
50
50
50
50
50
56.3910836386173
71.6779236306459
50
50
55.7928391887524
43.0629036086645
44.0573041916119
44.8014814090117
50
50
50
50
50
50
50
50
50
82.5642338653205
50
65.3169190081718
50
50
50
50
50
50
50
83.6859629406355
50
50
61.6598024880629
45.4852756144447
88.7848962398239
50
50
50
50
50
50
50
50
50
50
50
50
50
50
50
50
50
50
50
50
50
50
50
50
50
50
50
50
50
50
50
50
50
50
50
50
50
50
50
50
50
50
50
50
50
50
50
50
50
50
50
50
50
50
50
50
50
50
50
50
50
50
50
50
50
50
50
50
50
50
50
50
50
50
50
50
50
50
50
50
50
50
50
50
50
50
50
50
50
50
50
50
50
50
50
50
50
50
50
50
50
50
50
50
50
50
50
50
50
50
50
50
50
50
50
50
50
50
50
50
50
50
50
50
50
50
50
50
50
50
50
50
50
50
50
50
50
50
50
50
50
50
50
50
50
50
50
50
50
50
50
50
50
50
50
50
50
50
50
50
50
50
50
50
50
50
50
50
50
50
50
50
50
50
50
50
50
50
50
50
50
50
50
50
50
50
50
50
50
50
50
50
50
50
50
50
50
50
50
50
50
50
50
50
50
50
50
50
50
50
50
50
50
50
50
50
50
50
50
50
50
50
50
50
50
50
50
50
50
50
50
50
50
50
50
50
50
50
50
124.360876888108
50
50
102.131377504561
50
50
50
50
50
50
50
50
50
50
50
50
143.430553519571
50
50
50
50
50
50
258.714508179295
50
50
91.5287691914269
216.041643423122
50
289.847992772807
50
50
50
416.122461720972
50
50
50
50
50
50
50
50
50
50
50
50
50
50
50
50
50
50
50
50
50
50
50
50
50
50
50
50
50
50
50
50
50
50
50
50
50
50
50
50
50
50
50
50
50
50
50
50
50
50
50
50
50
50
50
50
50
50
50
50
50
50
50
50
50
50
50
50
50
50
50
50
50
50
50
50
50
50
50
50
50
50
50
50
50
50
50
50
50
50
50
50
50
50
50
50
50
50
50
50
50
50
50
50
50
50
50
50
50
50
50
50
50
50
50
50
50
50
50
50
50
50
50
50
50
50
50
50
50
50
50
50
50
50
50
50
50
50
50
50
50
50
50
50
50
50
50
50
50
50
50
50
50
50
50
50
50
50
50
50
50
50
50
50
50
50
50
50
50
50
50
50
50
50
50
50
50
50
50
50
50
50
50
50
50
50
50
50
50
50
50
50
50
50
50
50
50
50
50
50
50
50
50
50
50
50
50
50
50
50
50
50
50
50
50
50
50
50
50
50
50
50
50
50
50
50
50
50
50
50
50
50
50
50
50
50
50
50
50
50
50
50
50
50
50
50
50
50
50
50
50
50
50
50
50
50
50
50
50
50
50
50
50
50
50
50
50
50
50
50
50
50
50
50
50
50
50
50
50
50
50
50
50
50
50
50
50
50
50
50
50
50
50
50
50
50
50
50
50
50
50
50
50
50
50
29.5704083899089
25.8719306956286
50
50
50
50
50
50
74.7595747765581
46.0732640311118
50
50
50
43.0656101829293
50
50
44.7927453201695
50
50
50
41.5953657625378
50
29.3807469017826
15.3137510251064
90.3738719586819
51.2620533790278
50
50
40.6806288441029
43.2617516639005
133.041516411391
76.9160126003377
54.5840578014353
50
58.431066221292
18.7108659416388
43.9678634787384
157.173769163448
27.4022293791599
50
50
38.8599803177854
50
73.8598275947301
28.0202861790675
52.3880508854346
50
37.1025907320461
50
50
50
45.3111118787196
50
33.0749603792561
14.2844954978943
50
104.172582960299
50
50
50
50
75.6187939955696
50
50
32.3227460335596
41.0665533991537
50
50
50
25.5939109301547
40.7811062725452
50
59.9161228204298
62.6567159673643
39.3001238975173
40.6965119361877
26.4340531362432
50
27.4557680977593
13.2351127864312
50
50
48.8016099097003
39.4449439474202
156.611677663596
50
60.0681016723013
79.9295909576555
40.2665937545972
49.2540615256033
91.7079845974352
158.284027702263
10.7433929308041
64.0018867657591
35.8439862759253
50
60.6082471545445
50
52.9258870907742
50
50
50
50
50
50
50
50
50
50
50
50
50
50
50
50
50
50
50
50
50
50
239.158953895439
50
50
50
50
50
50
50
50
50
50
50
50
50
50
50
50
50
330.512458823433
50
50
50
324.492434478966
50
50
50
50
50
50
50
50
50
50
312.474134372957
50
50
50
50
50
50
50
50
50
50
50
50
50
50
50
50
50
50
50
50
50
50
50
50
50
50
50
50
50
50
50
50
50
50
50
50
50
50
50
50
50
50
50
50
50
50
50
50
50
50
50
50
50
50
50
50
50
50
50
50
50
50
50
50
50
50
50
50
50
50
50
50
50
413.660070600771
226.576159847084
196.297051375929
50
946.119449475113
50
1128.06396714712
517.873765657401
50
50
50
720.442252985684
50
50
1027.72307531889
1097.79803283917
50
50
844.679439738362
50
50
50
50
1082.15342802327
473.47203747039
50
1008.13040400824
581.719316802552
698.792277751811
50
671.928666193335
50
50
960.752885603709
50
669.047153325191
50
50
50
50
50
50
50
50
50
50
50
1173.78101378041
50
535.087700518213
50
50
50
343.679987759692
50
646.104281089777
50
944.363971597131
50
50
50
50
50
50
50
50
50
50
50
50
50
50
50
50
50
50
50
50
50
50
50
50
50
50
50
50
50
50
50
50
50
50
50
50
50
50
50
50
50
50
50
50
50
50
50
50
50
50
50
50
50
50
50
50
50
50
50
50
50
50
50
50
50
50
50
50
50
50
50
50
50
50
50
50
50
50
50
50
50
50
50
50
50
50
50
50
50
50
50
50
50
50
50
50
50
50
50
50
50
50
50
50
50
50
50
50
50
50
50
50
50
50
50
50
50
50
50
50
50
50
50
50
50
50
50
50
50
50
50
50
50
50
50
50
50
50
50
50
50
50
50
50
50
50
50
50
50
50
50
50
50
50
50
50
50
50
50
50
50
50
50
50
50
50
50
50
50
50
50
50
50
50
50
50
50
50
50
50
50
50
50
50
50
50
50
50
50
50
50
50
50
50
50
50
50
50
50
50
50
50
50
50
50
50
50
50
50
50
50
50
50
50
50
50
50
50
50
50
50
50
50
50
50
50
50
526.243140887981
227.736360096768
1090.22551625562
50
508.950239571767
50
368.709419769287
1626.42402048316
658.819646270888
50
714.709411176767
1446.71120617279
50
535.136745489413
50
50
50
50
395.98036041645
50
50
1222.37911355201
858.199280257496
1029.40285197019
831.731271919354
50
50
1006.22134818553
50
50
588.178833901741
50
274.038412696255
50
527.878501356196
50
848.057686597649
50
647.233654876271
50
50
958.695008986025
50
390.563203261634
50
392.134619428922
512.997720196502
593.02577262254
50
50
464.136100001846
50
50
50
50
50
460.68649246768
1148.54230664843
866.038741779327
890.426524265538
1292.22652941465
1048.77154944452
50
744.793089999947
427.722776915109
410.07793338056
50
50
580.450784817217
50
50
1263.60324823965
789.783976889943
586.921795622781
50
50
50
394.644349522665
1129.22888928315
50
50
50
50
50
50
50
50
50
50
50
50
50
50
50
50
50
50
50
50
50
50
50
50
50
50
50
50
50
50
50
50
50
50
324.89988210881
50
50
50
50
50
50
50
50
50
50
50
50
50
50
50
50
50
50
50
50
50
50
50
50
50
50
50
50
50
50
50
315.718877147776
50
50
50
50
248.825667408058
50
50
50
50
50
309.098340189215
50
50
50
50
50
50
50
50
50
50
50
50
50
50
50
50
50
50
50
50
50
50
50
50
50
50
50
50
50
50
50
50
50
50
50
50
50
50
50
50
50
50
269.912416239288
50
50
284.933419570486
124.115681638696
337.448987878297
50
289.12459461396
50
50
50
127.777202292752
50
50
50
50
50
50
50
50
50
50
313.42573471198
50
50
50
50
50
50
50
103.096975642466
50
50
50
342.69470364097
50
384.582725516368
197.104685479812
220.797802669233
50
177.415734758377
50
50
50
50
50
50
82.2767027664129
50
298.401559796171
50
89.2756837727092
121.877839591314
206.888800125614
72.8290250710996
185.043074625706
119.510870182807
110.254485013267
13.9404647125333
148.000983897191
103.812632564673
34.8545217153761
80.6778589921287
50
70.0677079689671
93.2878708193347
166.080648062289
78.9937131093548
81.6524284398732
59.41129195281
54.1964146932586
192.136172458478
50
79.8122452155035
150.929674933673
86.6618205516213
36.9400393781122
46.914461779021
15.0571013181154
66.8839346531345
87.3914513088892
68.1681347056495
112.806837957101
46.4006907030252
56.0732309153929
119.281105182834
192.392946314831
119.999177889606
300.382034838747
136.362246849566
75.501980651562
91.6135342848157
61.8614355365761
115.891659728823
68.9788975437803
124.512341722558
268.576461147151
95.735458198209
80.1649732442317
50
96.6543254393962
101.557221160334
55.3854621284781
69.1476854721106
61.2903248925179
50
166.377063327099
212.184817069447
180.702739034498
225.040942051314
87.5429886360758
57.2711397584502
86.9476620762066
67.0938213162595
50
41.8106370577932
50
50
120.54632316276
111.522160119963
83.0632098968016
64.1075003873385
84.389839389579
54.8835371636266
50
160.980040018375
69.3041417335613
50
11.4004448223114
42.3957105521266
89.5353245790153
141.773488909781
142.862888916427
104.441495693409
70.1989145772798
73.2440976514869
204.058652053767
37.3294456446856
169.179047754339
17.875845413208
67.372672487928
53.7124729050909
161.630256903191
103.098301342767
50
50
50
50
50
50
50
50
50
50
50
50
50
50
50
50
50
50
50
50
50
50
50
50
50
50
50
50
50
50
50
50
50
50
50
50
50
50
50
50
50
50
50
50
50
50
50
50
50
50
39.3827169407739
50
50
99.2509011704679
69.874790236791
50
23.5746544837952
50
59.264604326884
69.632248733712
50
49.6320764003282
50
50
50
50
50
50
67.3226219139191
50
66.4231552342643
50
50
50
50
50
50
50
50
52.482936366195
50
50
50
50
50
50
50
50
50
50
50
50
50
50
50
50
50
50
50
50
50
50
50
50
50
50
50
50
50
50
50
50
50
50
50
50
50
50
50
50
50
50
50
50
50
50
50
50
50
50
50
50
50
50
50
50
50
50
50
50
50
50
50
50
50
50
50
50
50
50
50
50
50
50
50
50
50
50
50
50
50
50
50
50
50
50
50
50
50
50
50
50
50
50
50
50
50
50
50
50
50
50
50
50
50
50
50
50
50
50
50
50
50
50
50
50
50
50
50
50
50
50
50
50
50
50
50
50
50
50
50
50
50
50
50
50
50
50
50
50
50
50
50
50
50
50
50
50
50
50
50
50
50
50
50
50
50
50
50
50
50
50
50
367.615136124945
50
66.9950574736899
506.720229071353
100.320219899772
272.135139071842
144.351337506234
78.9407278308655
50
50
50
175.934774368147
425.488027553666
50
56.1576782575501
50
382.925479995697
50
271.596906567101
50
437.727255088104
39.8189514420959
50
41.3078474656286
126.308642674691
50
432.302963336408
186.384012843038
392.200682914966
252.956327144362
166.043435484067
50
324.196735613941
50
81.2216932303381
50
50
110.78171720052
50
84.4583283533076
50
109.021746518774
137.69131311114
377.074799864227
491.988443686083
50
44.3489542804098
61.1969723506327
50
50
136.845225349114
51.7065818594889
237.660370276363
50
50
50
50
50
50
50
50
50
50
50
50
50
50
50
50
50
50
50
50
50
50
50
50
50
50
50
50
50
50
50
50
50
50
50
50
50
50
50
50
50
50
50
50
50
50
50
50
50
50
50
50
50
50
50
50
50
50
50
50
50
50
50
50
50
50
50
50
50
50
50
50
50
50
50
50
50
50
50
50
50
50
50
50
50
50
50
50
50
50
50
74.3786847400751
32.0682082234489
50
50
50
50
50
50
50
68.6594613677487
50
50
50
50
50
50
50
50
19.0609488363964
57.4534902097137
50
50
50
50
50
50
29.7730558224037
50
50
50
50
50
50
50
50
50
50
50
50
50
50
50
50
50
50
50
50
50
50
50
50
50
50
50
50
50
50
50
50
50
50
36.6306938190009
50
50
50
50
122.506221956461
50
50
50
50
50
50
45.0979237027718
148.517705105
50
50
50
50
50
50
50
50
50
1470.11482344255
207.164727966034
50
322.2641739785
50
97.2264787873426
50
50
50
50
50
50
50
50
1481.66171493585
50
50
1604.15527792815
50
1228.32624442775
607.578312952017
624.307190186333
562.212092605619
50
154.462773672792
50
50
50
50
50
50
50
50
50
50
50
50
50
50
50
50
50
50
50
50
50
50
50
50
50
50
50
50
50
50
50
50
50
50
50
50
50
50
50
50
50
50
50
50
50
50
50
50
50
50
50
50
50
50
50
50
50
50
50
50
50
50
50
50
50
50
50
50
50
50
50
50
50
50
50
50
50
50
50
50
50
50
50
50
50
50
50
50
50
50
50
50
50
50
50
50
50
50
50
50
50
50
50
50
50
50
50
50
50
50
50
50
50
50
50
50
50
50
50
50
50
134.626114503166
50
50
50
50
50
50
50
50
50
50
50
103.860433032281
50
50
50
50
60.8405314486738
50
50
50
50
50
16.7905183427859
50
50
50
50
141.809721343057
50
50
50
50.5093996006095
50
50
50
50
50
50
50
50
50
50
54.8365245172732
22.0702526214046
50
50
50
50
142.240224049439
50
50
50
82.8180662723861
50
50
50
61.9660611305026
28.4044563336266
50
50
50
50
53.2862765287777
50
50
50
50
50
50
50
50
50
50
50
50
50
50
50
50
375.195048086869
50
50
50
50
50
424.349543825759
426.723418762853
50
50
397.032051345166
50
50
50
50
50
50
50
50
50
50
404.218916105741
50
262.786187786414
50
50
50
50
50
50
50
434.629666325618
404.736055385102
50
50
50
50
50
50
50
50
50
50
50
50
50
50
50
50
404.812657860248
50
50
50
50
50
50
50
50
50
50
50
50
558.512566516167
50
50
50
50
755.676812819408
50
50
50
50
50
50
50
346.84466721744
50
50
50
50
34.5670798476142
50
50
50
72.4419426545702
50
50
56.0464352364787
50
50
50
50
50
50
50
39.1841229634265
50
50
50
50
50
58.2111290399874
50
50
50
50
50
50
50
50
50
136.589785879938
397.360733019487
100.997916673835
50
50
50
50
61.9939895844934
50
50
50
40.0062785232899
50
50
50
50
50
50
50
50
50
96.7469559377291
50
117.964611481169
50
46.4371347440867
89.8662081233041
50
50
50
92.6139402281864
50
57.0105798549526
50
50
27.4834118570181
50
50
50
50
50
50
50
50
93.6323614280236
50
50
50
50
50
46.3272628091578
50
35.3235022039739
50
33.4156707831122
50
50
109.44801256448
50
50
50
50
82.9721339155444
28.5498017692566
50
149.272607003715
50
50
50
50
136.837559023092
50
50
95.4024056748235
50
50
50
53.9895047093167
50
50
50
38.3699737547985
50
50
91.9753329378041
50
50
50
50
50
50
50
50
50
50
50
50
50
50
50
50
50
50
50
50
50
50
70.7975482461558
50
50
50
50
50
50
50
118.241298118131
50
50
50
61.8009523213937
44.8672467409858
50
50
50
50
50
45.677397870713
50
50
50
50
50
36.686968859527
50
50
50
50
50
114.646324153376
50
94.1848542851415
50
50
50
50
50
152.695480815306
78.8552934231188
50
50
50
50
109.373122320067
50
50
97.7981904322996
50
50
71.6964441028881
50
50
50
50
50
145.72710554022
50
50
50
50
50
50
50
50
50
50
50
50
50
137.176919798017
50
50
50
50
50
50
50
70.4235737889651
50
50
50
50.3125936430595
50
50
50
50
50
50
50
50
50
50
50
50
50
50
50
50
50
50
78.0717003459956
50
50
50
50
50
34.3561534042358
50
50
47.1027309545249
50
50
50
50
50
50
50
50
50
50
50
50
50
50
50
50
50
50
50
50
50
50
50
50
50
50
50
50
50
50
50
50
50
50
50
50
50
50
50
50
50
50
50
50
50
50
50
50
50
50
50
50
50
50
50
50
50
50
50
50
50
50
50
50
50
50
50
50
50
50
50
50
50
50
50
50
50
50
50
50
50
50
50
50
50
50
50
50
50
50
50
50
50
50
50
50
50
50
50
50
50
50
50
50
50
50
50
50
50
50
50
50
50
50
50
50
50
50
50
50
50
50
50
50
50
50
50
50
50
50
50
50
50
50
50
50
50
50
50
50
50
50
50
50
50
50
50
50
50
50
50
50
50
50
50
50
50
50
50
50
50
50
50
50
50
50
50
50
50
50
50
50
50
50
50
50
50
50
50
50
50
2301.63490345911
780.525503716963
4490.03963273675
334.088580822037
50
50
1157.59009559631
50
477.065893596463
50.333526157293
3369.73671329669
1109.70495959183
1962.62934186815
50
50
50
156.492626533722
50
1020.83373501284
1617.36448402356
50
804.91127293498
50
146.55349952991
50
50
273.96841509826
50
50
224.689921500016
50
206.896202768667
95.9836658063085
50
50
1971.64221928036
50
995.284489543455
1655.93797642804
50
50
50
50
50
50
50
50
50
50
50
50
50
50
50
50
50
50
50
50
50
50
50
50
50
50
50
50
50
50
50
50
50
50
50
50
50
50
50
50
50
50
50
50
50
50
50
50
50
50
50
50
50
50
50
50
50
50
50
50
50
50
50
50
50
50
50
50
50
50
50
50
50
50
50
50
50
50
50
50
50
50
50
50
50
50
50
50
50
50
50
50
50
50
50
50
50
50
50
50
50
50
50
50
50
50
50
50
50
50
50
50
50
50
50
50
50
50
50
50
50
50
50
50
50
50
50
26.0172030139614
50
50
50
17.716273791518
50
50
69.1517435082826
50
50
109.227683924776
50
50
65.9836375185335
50
68.8779415286633
50
50
50
50
50
50
50
