156537010000
525073290000
234270680000
162178030000
168513170000
161911260000
201470920000
158583110000
156205490000
155394820000
181507200000
238502740000
324415630000
1.56954e+11
145301590000
176246910000
161131670000
220854480000
172584650000
270341610000
158228280000
195550180000
145739300000
257394200000
201680710000
170173360000
246863260000
142095170000
163004240000
167448680000
149948050000
170924460000
170033500000
147192290000
150647350000
291833430000
291066790000
156814140000
186736410000
185754800000
159505150000
157262210000
187793130000
158821390000
210489300000
254511530000
192584630000
161403620000
425798590000
267914780000
207176690000
155153950000
187484920000
230543670000
174309590000
151289670000
167622210000
169292760000
209668270000
236549880000
196920290000
198458750000
349973750000
208544210000
281939630000
235019190000
163654330000
2905575960000
1610617400000
4833287060000
1242016370000
1202037130000
478743370000
1169061250000
2389117010000
3486308350000
2579567480000
2379976900000
1391925570000
320670490000
2105136460000
1429449490000
267741250000
243597270000
151957890000
228932690000
155873970000
169106280000
163794190000
165449200000
178914610000
228652970000
166132960000
153307280000
155076250000
198588250000
146767530000
184581530000
156498160000
164822420000
161178290000
173040490000
212258270000
216435940000
171994130000
160486760000
160665470000
190266580000
163928870000
150106040000
191965620000
161142030000
154185290000
199823680000
151261180000
166148500000
236669020000
176829660000
141175720000
153416060000
160450500000
148194620000
146275430000
189474040000
207935560000
216803720000
165842880000
165151350000
238230790000
160916700000
207275110000
160745760000
213206210000
191595250000
145177270000
188381060000
159059670000
197774990000
223377140000
215172020000
174982990000
209183940000
169914360000
166410090000
189196910000
232600130000
173144090000
141455440000
150551520000
157067960000
157842370000
273296800000
187588520000
246674190000
269916850000
153848590000
245754740000
212724470000
192483620000
156943640000
434376670000
268564870000
299497240000
208176430000
318502660000
462667240000
1556900800000
343687820000
1049535340000
1160765480000
2648769690000
2114123760000
360406270000
344319780000
1222511080000
1230493460000
557696930000
214501210000
378870380000
1004438260000
512434090000
1088680600000
811156920000
976745980000
204242220000
252214200000
245550130000
389137140000
676878370000
1891585780000
257451180000
360131730000
5207150970000
1172151120000
60059510000
369463500000
936427450000
191908640000
981371720000
337754130000
157257030000
996481780000
249212390000
1643961060000
234703210000
457899050000
392304710000
157598910000
767202030000
830768400000
1253210350000
589077370000
571970420000
265102040000
166746790000
306630100000
187345060000
208608960000
351077090000
662351060000
399139720000
191755830000
262872050000
461390370000
102690910000
334358640000
318663240000
207285470000
191639280000
297487400000
40049170000
276637900000
218303330000
438173610000
479414180000
551553450000
397287870000
765562560000
38917340000
484223810000
844244170000
290901030000
412649160000
419828640000
200473770000
462555870000
559877710000
99432690000
440224890000
682193050000
1236815650000
669882780000
477818740000
865350080000
227319120000
1230485690000
528398850000
580833400000
335078660000
328852300000
140432390000
572558350000
178202360000
252058800000
425878880000
621030200000
834707790000
236296060000
613348260000
821092160000
100561930000
333752580000
142294600000
160393520000
144770640000
653690100000
1040351200000
613493300000
216762280000
194410580000
244641040000
113716540000
223273540000
199870300000
108015950000
135052960000
206767470000
1.27946e+11
309865010000
17700060000
250921790000
152543230000
267585850000
77826910000
4.03263e+11
342620740000
148746290000
222299700000
200282110000
166679450000
597000180000
207544470000
165625320000
223685350000
237878550000
226547300000
147842380000
265860910000
136889270000
92007160000
255594150000
195690040000
134436540000
165330060000
3.0821e+11
152556180000
286461770000
327831840000
126663950000
159805590000
247231040000
164863860000
141908690000
299652640000
314027140000
181763610000
365912610000
218368080000
185361120000
231204120000
430615990000
194982970000
629675620000
968017680000
188013280000
280258720000
231004690000
259844340000
390030690000
617199590000
224928550000
157505670000
520732450000
214172280000
212776270000
178220490000
304009020000
187863060000
89430110000
150175970000
179295340000
319139800000
64685250000
371001960000
190554070000
321053810000
159531050000
132675340000
89233270000
74027380000
90427260000
69259190000
60577510000
42201460000
121758490000
65762690000
118590920000
66140830000
56754670000
115824800000
128930200000
117705140000
178355170000
216259820000
48702360000
73447220000
202501740000
64454740000
130494560000
42077140000
202633830000
163755340000
65053030000
81212040000
112512190000
31349360000
56262570000
37381470000
213413410000
89230680000
156086350000
144169760000
79668400000
60398800000
115467380000
84550550000
72766050000
45107440000
55532190000
161401030000
70225260000
130305490000
102895520000
86669170000
52066770000
133734650000
108966480000
125078870000
96922980000
178756620000
48399330000
101517640000
51623880000
134283730000
64017030000
69010550000
138388880000
111693750000
37412550000
151579750000
92732360000
119207340000
105208390000
113126020000
72268770000
111186110000
123978120000
73343620000
122496640000
66550050000
77982310000
84576450000
98399280000
93954840000
88862900000
96726140000
86868600000
137184530000
91289730000
79406810000
102413780000
48129970000
51745610000
211983730000
93688070000
156055270000
66640700000
104586790000
132240220000
73607800000
68995010000
148637510000
105151410000
73967810000
95177320000
130901190000
73467940000
133079380000
103032790000
63374710000
91846580000
89784940000
57241590000
72312800000
48269830000
114488360000
81414060000
39186700000
60271890000
88896570000
56824600000
80844260000
65063390000
93418710000
41585040000
97611920000
111595330000
85104810000
34213900000
43465380000
169870330000
66449040000
51693810000
47707800000
120074990000
127596350000
102242840000
50595650000
126482650000
98342300000
114998590000
87464300000
143024980000
69616610000
96086410000
44542820000
52434550000
115503640000
75104820000
93921170000
8.5211e+10
84835450000
115780770000
8.547e+10
235169410000
74252710000
177249240000
168039200000
54457340000
77769930000
62732390000
75381950000
98969080000
122789310000
117055050000
148862840000
274659140000
354770430000
297184370000
271797190000
203043050000
549186190000
689123890000
493832710000
497150500000
492265760000
330965740000
578528300000
279448050000
156319450000
465829630000
668292520000
457171260000
644389410000
1278763290000
803094250000
173100060000
490981120000
146518890000
190033480000
2202367650000
286342630000
155956850000
340745580000
278919690000
1183306250000
124252660000
312325510000
122566570000
197598870000
221776520000
311214400000
1993517820000
106262520000
373651530000
682496080000
116695040000
499434880000
966836640000
381644270000
225677060000
65423400000
99134840000
73043180000
79567390000
226236500000
73447220000
120787240000
99393840000
258583010000
185350760000
130748380000
121623810000
130346930000
132110720000
423428740000
115467380000
8.9873e+10
164376940000
104915720000
108059980000
87130190000
1.61616e+11
57684480000
124322590000
187863060000
125936160000
111742960000
228585630000
84998620000
141483930000
111486550000
112895510000
210929600000
47029220000
102361980000
213840760000
289802870000
156016420000
129013080000
151199020000
97676670000
160251070000
90354740000
135767800000
176472240000
83480880000
186430790000
354436320000
297368260000
96902260000
188798050000
270895870000
160302870000
152856620000
158199790000
307243930000
151737740000
224721350000
191805040000
149194360000
103214090000
145936140000
62628790000
81704140000
147290710000
103092360000
183807120000
148225700000
89220320000
197614410000
163325400000
115760050000
113820140000
219859920000
96943700000
52636570000
44604980000
154674800000
93732100000
116884110000
174573770000
100176020000
227148180000
114304470000
65467430000
198930130000
74682650000
146350540000
170406460000
109336850000
233431520000
58925090000
140649950000
146052690000
185311910000
129981740000
180401270000
219950570000
115086650000
134485750000
140543760000
88052230000
170945180000
106065680000
105286090000
42885220000
109621750000
82007170000
97130180000
107446150000
97500550000
93322880000
104959750000
79958480000
113149330000
79621780000
96689880000
94237150000
102540690000
112750470000
121204230000
55726440000
38580640000
103050920000
101281950000
96158930000
129282440000
107459100000
141393280000
104231960000
79520770000
126008680000
105874020000
102260970000
76125280000
100419480000
133102690000
145400010000
99476720000
93988510000
97992650000
83343610000
135726360000
143587010000
100155300000
162279040000
158834340000
117049870000
117301100000
104379590000
116482660000
88166190000
97744010000
106531880000
130911550000
106042370000
104490960000
108114370000
22644370000
105721210000
100447970000
116544820000
100049110000
88342310000
135141020000
108606470000
112543270000
125016710000
117407290000
116047540000
105791140000
119500010000
49922250000
106904840000
103970370000
80862390000
83519730000
117617080000
57870960000
130339160000
67487630000
42781620000
61209470000
67321870000
106306550000
109033820000
94900190000
101281950000
133799400000
104724060000
95894750000
131748120000
87518690000
147699930000
110207090000
170621430000
133706160000
114843190000
186088910000
148324120000
148572760000
113804600000
148438080000
150279570000
150675840000
148176490000
147699930000
146322050000
150712100000
148956080000
149461130000
130965940000
111825840000
148300810000
205298940000
183936620000
185195360000
153250300000
130756150000
138171320000
149948050000
111305250000
104625640000
159707170000
104252680000
189414470000
129857420000
150872680000
133809760000
147943390000
129989510000
153605130000
149575090000
148417360000
147627410000
181724760000
113069040000
122664990000
112838530000
111900950000
152159910000
168248990000
189836640000
113151920000
161395850000
1.49443e+11
150199280000
252348880000
139567330000
187645500000
108137680000
112509600000
152235020000
145599440000
148510600000
147762090000
148458800000
114125760000
121616040000
181022870000
112483700000
110082770000
116324670000
148461390000
103442010000
138686730000
147482370000
223706070000
149872940000
153206270000
248414670000
151792130000
139567330000
149787470000
121266390000
153159650000
199168410000
148575350000
187018720000
138476940000
110282200000
127044680000
112929180000
148497650000
147868280000
136531850000
186073370000
104045480000
178746260000
227342430000
104102460000
150800160000
130880470000
151186070000
112359380000
294268030000
233263170000
165524310000
148176490000
374651270000
201432070000
166995430000
153074180000
264423460000
253089620000
169800400000
185959410000
169409310000
204529710000
293299370000
154107590000
231584850000
220655050000
103154520000
122931760000
161090230000
168471730000
233195830000
187332110000
337391530000
284661720000
149479260000
104762910000
277585840000
232776250000
148961260000
225148700000
201618550000
298531170000
258386170000
207920020000
140046480000
149668330000
222820290000
170427180000
144180120000
236819240000
124294100000
225583820000
224464940000
187223330000
169158080000
185876530000
121463230000
186599140000
157057600000
277932900000
221553780000
233255400000
247016070000
234423490000
253651650000
152877340000
186262440000
168733320000
182048510000
189051870000
186334960000
149647610000
278427590000
228256700000
186441150000
231639240000
186827060000
195454350000
231691040000
223234690000
190551480000
277021220000
329476490000
186596550000
188541640000
161087640000
231843850000
185954230000
232954960000
186819290000
185873940000
261362080000
165886910000
143934070000
232118390000
273576520000
232312640000
205884280000
176226190000
188414730000
306902050000
278373200000
233004170000
207101580000
236650890000
232755530000
186114810000
148943130000
130859750000
40453210000
106811600000
91131740000
52905930000
70885710000
1.295e+11
7.3556e+10
93530080000
66423140000
75521810000
41963180000
47308940000
54118050000
128274930000
151675580000
77767340000
111750730000
90170850000
106371300000
41289780000
51535820000
35563290000
106739080000
115446660000
187526360000
66086440000
122012310000
53203780000
96125260000
80525690000
123431630000
7.9772e+10
60947880000
66202990000
73957450000
90991880000
102488890000
54910590000
59730580000
27122480000
60593050000
67539430000
144208610000
132356770000
74796610000
91802550000
51512510000
163206260000
121250850000
80253740000
108223150000
120766520000
75400080000
65537360000
143594780000
89746090000
102999120000
45195500000
68412260000
42566650000
91388150000
100427250000
68280170000
114915710000
108798130000
54716340000
104752550000
87808770000
128303420000
87174220000
88663470000
144270770000
66441270000
69456030000
111616050000
66363570000
114804340000
80072440000
89836740000
88104030000
59725400000
63820190000
84045500000
53335870000
65607290000
75418210000
86003540000
51504740000
99401610000
124164600000
109836720000
50978970000
154423570000
50875370000
91750750000
51357110000
73017280000
88735990000
204265530000
46651080000
175381850000
25925900000
82387900000
74143930000
73265920000
73926370000
99888530000
61245730000
49639940000
71696380000
97658540000
124664470000
40460980000
94115420000
141818040000
78010800000
125397440000
86935940000
115286080000
57692250000
49738360000
170279550000
198381050000
78422610000
94413270000
224226660000
301952560000
212916130000
224609980000
242636380000
283415930000
140049070000
501597530000
191509780000
198761780000
193550700000
231698810000
121792160000
114589370000
118047020000
176021580000
164578960000
172144350000
266907270000
169090740000
150292520000
172343780000
170567040000
69725390000
381846290000
171559010000
122369730000
182038150000
168583100000
208774720000
336438410000
90704390000
163623250000
664904800000
152993890000
352669940000
104206060000
146210680000
262009580000
558940130000
106353170000
106057910000
66811640000
90038760000
243195820000
211470910000
289929780000
291165210000
213226930000
166068210000
539256130000
234498600000
399396130000
347443320000
175052920000
159243560000
52789380000
93387630000
1.10334e+11
247816380000
128754080000
1768340630000
315322140000
451561320000
607339460000
246353030000
296283050000
181196400000
563511480000
921283720000
1133894230000
95840360000
1060224270000
220864840000
843731350000
328854890000
111351870000
152240200000
176575840000
89373130000
84408100000
117246710000
108220560000
166529230000
2.54597e+11
172851420000
169836660000
136399760000
65628010000
107083550000
131300050000
129199560000
132268710000
197940750000
158080650000
123493790000
121041060000
103662160000
179968740000
23840950000
338134860000
245125370000
179028570000
127158640000
214573730000
187663630000
164270750000
141209390000
219388540000
78647940000
115086650000
283151750000
31136980000
409010210000
463760220000
1307364660000
474822110000
438984280000
155858430000
176298710000
276811430000
149453360000
163356480000
222628630000
409600730000
134597120000
186052650000
131654880000
360129140000
229313420000
698883010000
149013060000
148811040000
145879160000
515751880000
201255950000
150072370000
2.28438e+11
168243810000
133625870000
382372060000
155739290000
148046990000
157215590000
388888500000
553431200000
145223890000
150232950000
489525540000
313703390000
149619120000
187386500000
150297700000
147813890000
225832460000
1545243210000
148738520000
171675560000
655837210000
197205190000
151618600000
495334910000
544065760000
147850150000
331665040000
886955860000
321791960000
147938210000
346596390000
136770130000
148621970000
176125180000
186694970000
145726350000
378145180000
223177710000
234988110000
338241050000
148912050000
968872380000
148432900000
148039220000
136283210000
422535190000
666344840000
150227770000
211336230000
216656090000
134946770000
411794460000
487950820000
140106050000
236702690000
282284100000
187106780000
174224120000
149046730000
516780110000
115542490000
374301620000
791441840000
106982540000
136783080000
198287810000
160181140000
226697520000
97412490000
625254490000
152235020000
114584190000
272636350000
266702660000
864943450000
167977040000
299541270000
151999330000
113853810000
1.8648e+11
186972100000
223281310000
187106780000
202123600000
149049320000
157096450000
147329560000
258886040000
116979940000
758341640000
186280570000
138223120000
223348650000
285832400000
816891180000
201504590000
774573170000
459639530000
122716790000
142043370000
186912530000
130932270000
150973690000
469543690000
188961220000
166998020000
176529220000
298728010000
184296630000
186350500000
120885660000
187143040000
227073070000
169593200000
576155860000
160126750000
371551040000
120683640000
517427610000
185728900000
44050720000
112017500000
228373250000
255658900000
133628460000
125024480000
434638260000
1776610500000
95410420000
116819360000
155534680000
359997050000
111976060000
149007880000
194817210000
253690500000
151735150000
142351580000
140696570000
112139230000
109489660000
113890070000
194553030000
166169220000
184995930000
197676570000
126275450000
103952240000
189484400000
190802710000
105840350000
234607380000
152281640000
164358810000
130600750000
108743740000
129810800000
179624270000
107746590000
151035850000
201880140000
107466870000
128725590000
121789570000
146790840000
125265350000
186143300000
116394600000
143097500000
252828030000
227218110000
198036580000
111688570000
114330370000
139976550000
270240600000
175464730000
136560340000
105967260000
181224890000
198658180000
175915390000
129611370000
185223850000
112864430000
151639320000
117371030000
157052420000
152336030000
133763140000
192121020000
142092580000
183830430000
199973900000
105643510000
148046990000
150116400000
181294820000
119639870000
182628670000
212097690000
168401800000
106368710000
129764180000
108313800000
105265370000
208777310000
158091010000
112696080000
152931730000
165052930000
116052720000
183094870000
168904260000
106441230000
119127050000
115130680000
124509070000
107979690000
104742190000
160204450000
197158570000
210701680000
109616570000
178132430000
158013310000
1.28205e+11
241975930000
147484960000
113035370000
142483670000
180476380000
204861230000
154550480000
220507420000
194910450000
160890800000
178963820000
107396940000
181038410000
111276760000
219466240000
183537760000
151856880000
181660010000
131836180000
181944910000
129150350000
198590840000
146026790000
132561380000
105845530000
109681320000
104097280000
147417620000
192631250000
131118750000
140598150000
147383950000
110287380000
195418090000
210981400000
141719620000
241048710000
135829960000
127355480000
175570920000
113449770000
188140190000
189673470000
106632890000
121820650000
122126270000
240447830000
142983540000
159608750000
166091520000
172048520000
215796210000
131268970000
198914590000
165485460000
158865420000
132297200000
165879140000
160937420000
139489630000
139777120000
210403830000
128878400000
137251870000
115073700000
117873490000
155397410000
111048840000
108487330000
173571440000
140380590000
159031180000
180411630000
162286810000
227370920000
205008860000
158106550000
195604570000
132978370000
125397440000
177743930000
174648880000
177342480000
110541200000
166384190000
142833320000
134578990000
125311970000
126347970000
148650460000
210932190000
163594760000
153485990000
181830950000
131253430000
117759530000
135462180000
198632280000
79813440000
113778700000
110297740000
2.60036e+11
130100880000
214716180000
132292020000
168738500000
168774760000
305417980000
216738970000
113382430000
197484910000
200481540000
153783840000
69106380000
176933260000
17101770000
1443119510000
1298783990000
1097844020000
320838840000
534099440000
867204520000
702273320000
1035153070000
982443980000
369463500000
617241030000
191970800000
420372540000
1126756190000
1361417960000
681706130000
1255494730000
786562280000
304672060000
448859950000
755249180000
429639560000
484490580000
428313480000
905909480000
374819620000
951858670000
694850380000
933122610000
620242840000
316824340000
678144880000
484565690000
728693910000
433514200000
1349876920000
424718560000
854156100000
604156350000
451325630000
621651800000
544752110000
613679780000
1301995590000
722604820000
441877310000
186233950000
467386220000
482265770000
593762680000
503954430000
254861180000
1311003610000
369914160000
230491870000
686098770000
146135570000
222374810000
186042290000
193283930000
185060680000
177989980000
279160560000
141033270000
317306080000
252628600000
128738540000
153019790000
146565510000
193175150000
232452500000
1556416470000
309867600000
148546860000
107878680000
148834350000
667152920000
69261780000
362877130000
264032370000
114143890000
125071100000
1.40637e+11
87891650000
238500150000
149318680000
1.49184e+11
253840720000
186645760000
222729640000
448297920000
147987420000
119844480000
202853980000
147800940000
143004260000
141678180000
148681540000
184739520000
186086320000
626132500000
186858140000
149077810000
149098530000
97573070000
133734650000
287422660000
200445280000
246674190000
295187480000
219212420000
666958670000
147920080000
147914900000
222742590000
149041550000
128075500000
370333740000
116091570000
106086400000
149137380000
160326180000
112134050000
229067370000
139971370000
148818810000
177308810000
114125760000
185964590000
143633630000
262035480000
149264290000
64107680000
196793380000
193048240000
149155510000
639678200000
148054760000
535472140000
1.11629e+11
148919820000
184931180000
102584720000
147749140000
101838800000
114822470000
148935360000
149077810000
149139970000
1301231540000
2087749790000
191048760000
4455564050000
929561360000
1082609640000
2501375380000
1429547910000
2754980410000
524267800000
987561820000
4713439990000
1571464370000
68282760000
1694432390000
2304260840000
40725160000
121362220000
257039370000
188836900000
473900070000
453133450000
231082390000
247720550000
205933490000
9.9456e+10
142965410000
174003970000
63887530000
212338560000
58868110000
160688780000
175503580000
33574170000
87329620000
16138290000
113296960000
59282510000
83612970000
172317880000
124739580000
237088600000
51051490000
96433470000
78958740000
138756660000
27298600000
93980740000
302302210000
1794655030000
1573456080000
1176308070000
975968980000
364659050000
604474920000
987924420000
1087157680000
1027595450000
785184400000
550605510000
892511410000
1138097800000
1251309290000
28298340000
768028240000
1412917520000
500807580000
1716522500000
746329220000
1527102850000
635754350000
962428460000
1434450780000
1226535940000
494915330000
1097180980000
1722026250000
570944780000
866544070000
992195330000
276687110000
138124700000
267907010000
14887320000
185317090000
342524910000
223690530000
388546620000
106392020000
232745170000
289440270000
167901930000
129893680000
380069550000
213765650000
317754150000
496303570000
439644730000
138015920000
128285290000
170434950000
468220200000
377611640000
481019980000
25102280000
334099640000
165827340000
171271520000
353983070000
106283240000
117386570000
8699810000
295174530000
325733940000
208655580000
171595270000
217207760000
211711780000
339828720000
263079250000
63778750000
46156390000
172336010000
26493110000
51629060000
730752960000
218546790000
54232010000
162219470000
88663470000
101123960000
363656720000
614640670000
258150480000
135425920000
127314040000
300636840000
241284400000
219085510000
358209950000
1.295e+11
154439110000
97329610000
112597660000
68285350000
61266450000
139106310000
111180930000
64032570000
248178980000
191983750000
229774440000
271903380000
170976260000
133405720000
94395140000
122846290000
80344390000
347223170000
110916750000
107075780000
183845970000
120880480000
60424700000
57143170000
121276750000
246992760000
200507440000
170517830000
136386810000
404703040000
146858180000
69176310000
212812530000
77148330000
131222350000
106889300000
128075500000
94301900000
89533710000
78132530000
138953500000
68997600000
170326170000
189375620000
155736700000
143646580000
97184570000
93330650000
101605700000
368823770000
154597100000
128085860000
206034500000
122563980000
67091360000
104330380000
79523360000
1.15514e+11
134599710000
116922960000
119531090000
141390690000
57521310000
129963610000
182815150000
140577430000
85003800000
142605400000
234630690000
103970370000
146788250000
74964960000
241592610000
85203230000
104656720000
169598380000
61781860000
204441650000
124299280000
246306410000
148331890000
135643480000
146555150000
245169400000
82962880000
104853560000
118008170000
138901700000
140025760000
98552090000
153902980000
165638270000
69883380000
222045880000
114933840000
109777150000
81183550000
144224150000
196042280000
96796070000
87415090000
81108440000
256075890000
391970600000
372830500000
298751320000
439613650000
302265950000
292390280000
432089700000
457886100000
391079640000
295811670000
335205570000
539248360000
166824490000
402750180000
167526380000
259619010000
372830500000
431473280000
185557960000
293649020000
371123690000
298080510000
261911160000
495088860000
257637660000
740942020000
602957180000
288134910000
503871550000
502866630000
261284380000
189378210000
290442600000
280323470000
336935690000
223708660000
231222250000
374371550000
243289060000
224527100000
260460760000
292216750000
315762440000
347109210000
185304140000
595158690000
269743320000
223390090000
335171900000
532493640000
334205830000
556298330000
151838750000
105374150000
110541200000
354286100000
131685960000
104094690000
140188930000
127803550000
121763670000
103322870000
111325970000
104255270000
119080430000
106783110000
138484710000
146977320000
104299300000
322607810000
155337840000
107275210000
118448470000
162131410000
131717040000
105418180000
140769090000
105472570000
122040800000
105747110000
107811340000
136829700000
106871170000
138217940000
121898350000
106389430000
108715250000
144467610000
109720170000
109810820000
128158380000
109176270000
106436050000
137174170000
253612800000
118432930000
178059910000
120893430000
239142470000
154332920000
120857170000
110150110000
104664490000
109562180000
1.12147e+11
122615780000
106101940000
118482140000
120261470000
109241020000
105469980000
174198220000
104783630000
151530540000
108482150000
106834910000
131196450000
114990820000
130551540000
110453140000
125433700000
129520720000
179492180000
108186890000
159582850000
143172610000
106368710000
150357270000
108795540000
164871630000
148005550000
113149330000
106301370000
107479820000
105493290000
1.6576e+11
144216380000
109580310000
160706910000
105555450000
149455950000
228267060000
256386690000
470735090000
234120460000
243146610000
244480460000
334159210000
234550400000
215943840000
201059110000
207088630000
476790510000
144545310000
135029650000
280678300000
166267640000
197560020000
251185970000
259536130000
205208290000
261134160000
319056920000
274555540000
210745710000
286169100000
259927220000
166700170000
139512940000
269631950000
161944930000
211053920000
208298160000
200486720000
170484160000
244747230000
234659180000
266951300000
188839490000
416609270000
250111120000
193946970000
137889010000
150284750000
492716420000
184483110000
248106460000
110574870000
177029090000
110098310000
217503020000
192317860000
150422020000
162877330000
186057830000
181903470000
596728230000
125513990000
154042840000
180515230000
356857970000
187831980000
205490600000
368520740000
296922780000
184278500000
165881730000
184964850000
230862240000
530608120000
227712800000
152038180000
152986120000
109885930000
261279200000
334099640000
322750260000
799887830000
175759990000
487595990000
280854420000
178277470000
467847240000
773702930000
514980060000
791185430000
1329646430000
316715560000
1173080930000
2648640190000
138096210000
725627350000
463845690000
425239150000
1589107450000
2164789340000
1222964330000
309189020000
598020640000
2571792300000
308857500000
530564090000
120590400000
192672690000
215278210000
345184840000
836935190000
527979270000
816282530000
620408600000
188142780000
444244570000
186050060000
135143610000
192830680000
171934560000
115006360000
263379690000
224231840000
136511130000
300704180000
161064330000
205840250000
179650170000
103190780000
100334010000
288256640000
196640570000
157948560000
298875640000
232304870000
126951440000
268715090000
142527700000
144568620000
49365400000
215568290000
403581570000
206762290000
111499500000
200160380000
113457540000
149696820000
230320930000
216081110000
170111200000
101919090000
120411690000
254804200000
93944480000
93887500000
90194160000
234721340000
322154560000
254912980000
176795990000
107412480000
159870340000
126182210000
34273470000
97746600000
123677680000
143884860000
36961890000
146814150000
280118860000
202747790000
85863680000
279960870000
117194910000
215524260000
294475230000
82305020000
176855560000
232727040000
222975690000
194407990000
268342130000
104907950000
235876480000
11590250000
48723080000
81219810000
112835940000
145754840000
132346410000
279875400000
106816780000
196176960000
102450040000
144330340000
239160600000
318373160000
101652320000
3.51722e+11
102869620000
151815440000
208689250000
180173350000
293522110000
146801200000
105306810000
149134790000
131235300000
183858920000
208166070000
267974350000
205871330000
119898870000
145741890000
3.25045e+11
181134240000
191763600000
143776080000
187474560000
106508570000
196252070000
102012330000
127982260000
125684930000
167648110000
174439090000
292126100000
132615770000
199872890000
119611380000
212183160000
176658720000
133651770000
242693360000
180214790000
184602250000
327585790000
308339500000
150649940000
208479460000
448316050000
219238320000
126324660000
586997600000
199647560000
297909570000
250582500000
108065160000
185744440000
655179350000
403812080000
113162280000
282592310000
164881990000
633327520000
112320530000
298127130000
453029850000
260543640000
178072860000
272864270000
473172280000
139360130000
373006620000
112760830000
693581280000
207389070000
210934780000
224330260000
484664110000
137961530000
251460510000
223713840000
148966440000
207280290000
149637250000
442027530000
149409330000
298248860000
229530980000
902058150000
339515330000
148129870000
210789740000
134889790000
721123340000
748507410000
232755530000
294164430000
147754320000
543032350000
391022660000
392947030000
277205110000
360222380000
418950630000
159981710000
120986670000
192856580000
137844980000
510390580000
89303200000
122970610000
112983570000
105348250000
146736450000
85845550000
129020850000
68816300000
155420720000
90036170000
79528540000
74063640000
114366630000
67169060000
114773260000
112548450000
68826660000
177368380000
136218460000
89323920000
85208410000
127251880000
136371270000
182916160000
129222870000
149116660000
156345350000
158293030000
78337140000
161647080000
93530080000
45532200000
149152920000
57883910000
173628420000
154439110000
129396400000
138321540000
136202920000
153695780000
158671170000
53605230000
144185300000
82755680000
81403700000
78404480000
136200330000
50217510000
131463220000
160059410000
73164910000
147816480000
64068830000
111934620000
145974990000
79575160000
144685170000
132672750000
97425440000
159435220000
56138250000
169013040000
140851970000
33778780000
135324910000
143877090000
112620970000
109523330000
45192910000
114563470000
104263040000
87130190000
102299820000
123403140000
161628950000
138106570000
68904360000
154809480000
203320180000
84270830000
127689590000
111294890000
140693980000
122587290000
30209760000
48300910000
64009260000
71103270000
112413770000
85418200000
190533350000
150681020000
98272370000
151196430000
151048800000
2.79202e+11
388779720000
223959890000
136749410000
239683780000
236681970000
316360730000
170002420000
214317320000
206588760000
231947450000
233377130000
228005470000
281750560000
325327310000
184778370000
234666950000
259657860000
239049230000
416624810000
153131160000
1603792750000
233506630000
244405350000
247850050000
175293790000
264506340000
141714440000
267464120000
233426340000
330603140000
52636570000
239344490000
248722880000
232916110000
225635620000
275107210000
184853480000
289238250000
200787160000
240349410000
331890370000
229499900000
238103880000
252185710000
148893920000
245449120000
257365710000
232695960000
273700840000
233519580000
203501480000
727103650000
233537710000
987569590000
389862340000
235329990000
233651670000
388080420000
71983870000
246821820000
235816910000
234451980000
345638090000
241659950000
465060400000
241364690000
233561020000
549046330000
246503250000
262874640000
282260790000
200424560000
232809920000
248590790000
233553250000
257062680000
183289120000
229303060000
76345430000
231025410000
293796650000
389240740000
226316790000
232115800000
274975120000
233379720000
222576830000
277091150000
240696470000
253607620000
71421840000
207614400000
185135790000
260238020000
234161900000
216625010000
238386190000
180489330000
232465450000
460367320000
237179250000
378968800000
235757340000
176099280000
236249440000
245617470000
409973690000
255301480000
235317040000
113138970000
205327430000
320271630000
234190390000
1184103970000
228443180000
231792050000
272372170000
238313670000
221929330000
251152300000
586539170000
288176350000
294268030000
224900060000
190225140000
242719260000
195169450000
209183940000
171724770000
503962200000
233856280000
286785520000
324055620000
236555060000
353566080000
282364390000
221569320000
241672900000
263589480000
184907870000
387005570000
251343960000
164231900000
279880580000
304672060000
241688440000
241463110000
279429920000
250157740000
175267890000
233281300000
231411320000
278018370000
274599570000
299608610000
122359370000
108862880000
237163710000
241442390000
417640090000
334571020000
345643270000
233687930000
233630950000
264638430000
194190430000
237220690000
243014520000
278911920000
235591580000
67003300000
256360790000
254128210000
281258460000
243390070000
236713050000
301890400000
237798260000
388872960000
98298270000
255247090000
212716700000
235713310000
229256440000
1234088380000
287401940000
238795410000
998683280000
67036970000
238909370000
304581410000
181325900000
273695660000
684301310000
211924160000
239365210000
224125650000
38518480000
273788900000
243048190000
149352350000
153405700000
162628690000
183356460000
294848190000
339460940000
235052860000
237127450000
216166580000
239108800000
245977480000
49715050000
318334310000
238663320000
239191680000
238342160000
376694780000
233278710000
233695700000
238098700000
610740130000
230753460000
237109320000
110240760000
399002450000
264959590000
184918230000
242325580000
153483400000
321548500000
403685170000
837261530000
222638990000
230209560000
207588500000
134115380000
216482560000
161033250000
874277810000
283441830000
237109320000
163978080000
253273510000
203125930000
293819960000
209378190000
217888930000
238948220000
180191480000
207127480000
241092740000
274027180000
337148070000
671312460000
1742893880000
303812180000
384506220000
186663890000
164195640000
843283280000
1158198790000
1348936750000
954073120000
854979720000
882257600000
1064106680000
1768423510000
158225690000
198321480000
281367240000
209108830000
2054685850000
415057860000
496865600000
487430230000
1887094720000
1165860010000
555324490000
312351410000
629357050000
638820910000
170782010000
209209840000
175513940000
170302860000
160398700000
174900110000
179222820000
50419530000
120095710000
179297930000
186780440000
244698020000
180113780000
206700130000
252986020000
339300360000
188065080000
116226250000
92856680000
124022150000
86695070000
6752130000
251452740000
138456220000
199235750000
92911070000
141390690000
147469420000
130494560000
151142040000
131398470000
139049330000
123708760000
52898160000
123677680000
113170050000
46195240000
85627990000
99077860000
77635250000
86417940000
131362210000
7.4074e+10
105218750000
168668570000
98754110000
75148850000
184291450000
107617090000
93348780000
74586820000
75084100000
115503640000
40639690000
76873790000
214874170000
122716790000
63431690000
99554420000
107705150000
93972970000
46423160000
84509110000
48629840000
73978170000
59932600000
113289190000
134975260000
132315330000
111986420000
83364330000
65257640000
175920570000
54586840000
100818340000
122846290000
57878730000
205969750000
73975580000
81856950000
88904340000
81346720000
125837740000
253348620000
67948650000
91644560000
72996560000
90253730000
85363810000
69160770000
56037240000
65073750000
155651230000
221020240000
123478250000
139507760000
132652030000
117143110000
156003470000
107293340000
72501870000
80370290000
127642970000
134672230000
56135660000
146591410000
65519230000
104954570000
120344350000
55674640000
4006730000
1787100000
3405850000
1758610000
2657340000
90872740000
859128900
2022790000
1468530000
11383050000
1805230000
1626520000
5.18e+08
2162650000
2722090000
2144520000
35301700000
4527320000
2797200000
652680000
12859350000
2574460000
655270000
2851590000
30945320000
24954650000
1947680000
6003620000
20313370000
12103070000
2644390000
16177140000
11111100000
3765860000
5190360000
111134310000
128811060000
3936800000
2377620000
2395750000
499831150000
165925760000
4.5584e+11
775414920000
691695760000
169963570000
226231320000
302048390000
478802940000
584645880000
327741190000
186016390000
722951880000
576122190000
133998830000
565433260000
597479330000
146573280000
604231460000
493177440000
630988750000
605891650000
272214180000
1376530610000
316855420000
369137160000
467867960000
160854540000
497313670000
436106790000
568841700000
461201300000
658054250000
200336500000
74379620000
336446180000
648398730000
563998400000
1116621520000
88798150000
83284040000
130328800000
133713930000
23975630000
74597180000
72696120000
89049380000
83004320000
173102650000
88080720000
124395110000
265348090000
166959170000
22784230000
151380320000
107878680000
122152170000
54822530000
235928280000
100919350000
113594810000
118005580000
138539100000
80683680000
80846850000
115182480000
108966480000
85267980000
109808230000
94762920000
122672760000
59468990000
169492190000
28236180000
180820850000
34848450000
243931380000
168710010000
90753600000
157821650000
269347050000
117508300000
125283480000
95242070000
45501120000
109054540000
67521300000
91880250000
132636490000
144063570000
93584470000
60805430000
97583430000
129971380000
178334450000
593726420000
230447840000
528792530000
159468890000
183783810000
227979570000
102843720000
269691520000
315666610000
206156230000
155195390000
320706750000
234925950000
613894750000
383237120000
223742330000
167119750000
128857680000
198352560000
270999470000
306485060000
151375140000
98497700000
198893870000
238062440000
259072520000
150929660000
208243770000
195291180000
280833700000
124301870000
164353630000
229960920000
2.34913e+11
386966720000
408264290000
401452590000
120253700000
94524640000
308090860000
235228980000
297536610000
320121410000
166948810000
289095800000
64410710000
153294330000
247710190000
213068940000
331110780000
205159080000
152628700000
188062490000
241097920000
190541120000
219792580000
349719930000
235552730000
329245980000
254964780000
192175410000
211450190000
263620560000
149329040000
221009880000
112851480000
150375400000
198186800000
165089190000
149849630000
209644960000
1115976610000
818152510000
1244937890000
2062673410000
1104653130000
742112700000
2399821480000
578134620000
519660190000
1081221400000
696078040000
1060711190000
1392295940000
680641640000
1804561780000
546712740000
654513720000
1278348890000
2717192310000
1092029470000
540680630000
580859300000
621605180000
