88.45
47.275
67.1
68.32
265.35
138.775
135.725
172.325
227.225
179.645
176.9
106.75
123.525
227.225
358.375
59.475
163.48
65.88
201.3
79.3
181.17
244.61
143.35
44.835
317.2
88.45
25.925
172.325
111.325
256.2
32.635
33.55
67.1
113.155
113.155
187.575
189.1
111.325
163.48
163.48
222.65
176.9
54.9
138.775
183
68.625
289.75
347.7
64.355
125.05
55.815
176.9
51.85
69.54
176.9
227.225
67.1
179.95
140.91
48.8
172.325
231.8
51.85
101.87
123.525
123.525
289.75
1933.7
1406.05
2119.75
1555.5
884.5
1055.3
129
340.685
1165.1
1492.975
788.12
428.525
1520.425
1680.55
59.17
60.39
53.375
244
414.8
356.85
62.83
80.52
462.99
42.7
59.78
89.365
167.75
80.52
96.075
85.4
105.225
241.865
171.715
65.575
80.52
48.8
91.5
96.38
120.78
210.45
207.4
88.45
84.18
114.375
207.4
167.75
174.155
183
67.1
65.575
152.5
114.375
82.045
71.37
48.8
91.5
152.5
71.675
387.35
244
91.5
76.86
62.525
212.585
93.94
356.85
35.38
100.65
67.1
179.035
69.845
368.135
105.53
62.22
78.385
100.65
71.37
86.925
205.875
181.475
136.335
128.1
149.45
234.85
76.86
167.75
387.35
74.725
62.525
100.65
149.45
1729.655
218.075
159.21
1432.28
18.3
74.725
12.2
576.45
100.04
241.255
13.115
0
1252.94
144.875
73.81
410.835
1265.14
32.025
81.74
4.88
1561.6
24.4
51.545
1342
1729.655
22.875
18.3
1572.58
35.075
394.06
1039.745
256.2
5.185
85.095
343.125
3.965
15.86
6.71
97.6
6.405
1.525
20.435
38.125
919.575
1517.375
800.625
32.025
50.935
27.755
18.3
104.31
625.25
120.475
533.445
14.945
21.045
18.3
1611.315
2298.48
1611.315
2207.59
1343.525
1186.755
1660.725
2153.3
1306.62
2304.275
2298.48
2298.48
1314.55
2397.3
1541.775
1611.315
2041.365
1921.5
1981.585
1921.5
1874.225
1629.615
1647
2304.275
2647.4
2337.52
2745.305
1897.405
2470.195
1719.285
1285.575
1321.87
3098.19
1997.75
1525.305
1752.53
1695.8
1201.395
1480.775
2592.5
1916.925
1883.985
1778.15
1317.905
1274.29
2670.58
2358.565
1142.53
2418.04
1103.185
1414.895
1903.81
2404.62
2064.85
2347.585
2843.21
2140.185
1058.045
2764.825
2096.875
1422.215
1419.165
1090.375
2.135
51.545
396.5
112.545
3.66
12.2
198.25
109.8
9.15
22.57
15.25
3.05
26.23
39.04
3.965
39.04
9.15
4.88
39.65
3.05
15.25
6.1
1.22
59.475
19.215
12.81
7.32
34.16
1.525
3.05
74.725
12.81
6.71
3.965
57.95
36.295
4.88
73.2
40.565
5.795
15.25
6.1
39.65
45.14
12.81
38.125
4.575
16.775
2.135
16.775
57.95
6.1
7.625
3.05
2.135
1.525
7.625
18.3
13.725
32.94
19.825
4.575
57.95
2.44
65.27
6.1
4.575
7.625
34.16
6.1
5.185
22.875
59.475
12.81
39.04
9.15
5.185
70.15
39.65
51.85
88.45
60.39
53.375
109.8
448.35
213.5
229.36
113.155
88.45
107.97
122
44.225
51.85
6.71
57.95
44.225
199.775
103.7
3.965
57.95
300.425
202.825
3.965
14.03
117.425
244
265.35
213.5
103.7
283.65
51.85
308.05
73.2
103.7
44.225
73.2
301.95
107.97
93.94
243.085
436.15
36.6
308.05
122
93.94
54.9
371.795
91.5
51.85
57.95
210.45
99.125
51.85
584.685
301.95
194.285
396.5
210.45
308.05
439.2
155.55
3.965
198.25
80.825
210.45
289.75
448.35
356.85
179.95
298.9
175.375
210.45
301.95
283.65
107.97
113.155
280.6
199.775
36.6
99.125
59.475
65.575
109.8
282.125
73.2
65.575
108.275
28.06
192.15
28.06
51.85
436.15
155.55
24.4
99.735
210.45
213.5
244
52.765
52.765
109.8
47.275
210.45
233.325
117.425
234.85
213.5
192.15
366
149.45
446.825
44.225
282.125
239.425
74.725
199.775
103.7
591.7
108.275
44.225
234.85
117.425
59.475
36.6
282.125
310.795
145.18
145.18
213.5
210.45
51.85
117.425
36.6
108.275
64.05
109.8
51.85
584.685
65.575
218.075
113.155
107.97
584.685
213.5
243.085
213.5
44.225
155.55
109.8
24.4
145.18
47.275
436.15
219.6
73.2
192.15
107.97
109.8
865.59
1180.35
1358.47
1817.8
654.225
1368.535
1625.04
1209.325
640.5
1442.65
567.3
1442.65
1525
722.85
1692.75
1264.53
1662.86
313.235
1578.375
971.425
1470.1
1509.75
762.5
995.825
1023.275
1491.45
1140.7
658.19
811.3
1210.85
959.225
1313.33
1491.45
1284.05
430.965
1403
1650.05
655.75
1316.99
895.175
1865.38
1125.45
1493.28
646.6
183.305
95.77
176.9
251.625
201.3
231.8
136.945
255.285
187.575
226.615
193.675
175.375
152.5
152.805
216.55
185.135
156.77
216.55
256.2
211.975
199.165
207.4
225.395
149.45
181.475
181.475
210.45
135.725
191.54
122
176.29
176.9
137.25
216.55
122
164.09
194.895
189.1
115.9
155.55
152.5
143.35
234.85
107.97
226.92
190.625
158.6
235.155
213.5
144.57
137.25
210.45
197.335
179.95
214.11
251.625
239.425
204.35
190.625
152.5
152.5
155.55
141.52
99.125
173.85
219.6
196.725
219.6
189.1
208.925
250.1
198.86
125.05
199.775
213.5
107.97
95.77
187.575
146.4
146.4
177.51
137.25
111.63
179.34
201.3
164.7
208.925
233.325
237.9
204.35
196.725
170.19
134.2
234.85
157.075
129.625
118.95
183.915
158.6
145.485
220.82
228.75
261.69
241.255
189.405
250.1
295.85
249.795
250.1
170.8
181.78
138.775
169.275
254.065
127.185
155.55
265.045
266.875
276.94
291.885
147.01
245.83
286.7
138.775
189.1
204.35
234.85
147.01
241.255
167.75
237.9
274.5
138.775
241.56
286.7
260.775
244.61
174.765
200.69
295.85
138.775
240.95
234.85
128.1
248.27
325.435
182.085
247.05
204.35
258.335
241.56
239.425
167.75
244
250.1
207.095
234.85
208.925
299.815
265.045
195.2
250.1
211.06
120.17
147.01
244.305
126.575
213.5
254.675
338.245
240.95
228.75
235.765
167.75
228.75
120.17
200.69
325.435
156.77
146.4
182.695
260.775
286.7
116.205
189.1
169.275
244
189.1
116.205
244
309.27
250.1
206.485
259.25
408.7
370.575
377.285
310.185
362.95
253.15
264.74
317.505
306.525
286.7
388.875
323.3
369.05
381.25
364.475
254.065
350.14
353.19
352.275
336.11
404.125
190.32
181.475
427.305
294.935
253.15
339.77
299.815
214.415
427.61
322.08
397.11
306.525
308.965
353.8
309.27
320.25
311.1
362.95
317.2
376.37
356.24
320.86
224.48
402.6
320.86
388.57
245.525
195.2
285.48
229.97
195.2
245.525
242.475
375.15
160.735
249.49
186.05
292.8
411.75
335.5
254.065
279.075
273.89
381.25
356.85
320.25
287.92
316.285
183
473.055
455.67
345.26
404.125
355.325
384.3
286.09
350.75
277.55
367.83
388.57
175.985
353.8
367.83
335.195
271.45
341.6
402.6
190.625
229.97
256.2
232.41
310.185
338.855
391.01
345.87
336.415
369.05
353.8
290.97
325.13
288.225
442.25
547.475
257.725
313.845
391.01
373.625
246.745
273.89
1018.7
600.85
369.355
448.35
332.45
635.315
346.175
280.6
799.1
350.75
301.95
305
625.25
335.5
610
466.65
879.01
787.51
279.075
330.925
812.52
669.78
889.38
800.625
1006.5
318.42
939.4
408.7
441.335
889.38
692.35
330.925
283.04
469.7
321.775
939.4
478.85
680.15
276.94
906.155
268.4
427
249.185
930.25
368.745
455.975
417.545
350.75
843.63
268.4
424.56
237.9
402.6
967.46
386.13
298.595
689.3
721.02
329.4
485.255
401.075
611.22
574.01
298.9
550.525
864.675
441.335
469.7
517.28
324.825
654.225
614.575
568.52
384.605
906.155
402.905
865.59
267.485
820.45
1113.25
545.95
569.435
967.46
945.5
375.15
966.85
749.08
432.185
1049.2
343.125
1006.5
282.125
333.975
309.27
192.15
163.175
159.82
112.85
163.175
277.55
335.5
265.045
294.63
169.275
291.275
157.075
227.225
178.425
145.485
153.72
152.5
164.7
232.105
112.85
146.4
201.91
233.935
164.7
201.3
280.6
177.51
108.58
167.75
128.1
244
201.91
193.37
294.63
262.3
201.3
153.72
97.6
146.4
314.76
280.6
115.9
189.1
192.15
164.7
120.17
227.225
460.55
208.62
186.05
131.15
256.505
115.9
133.895
326.35
145.485
294.63
189.1
232.105
209.23
335.5
227.225
335.5
169.275
202.215
280.6
353.8
158.6
370.575
99.125
199.775
152.5
99.125
335.5
122
326.35
189.1
291.275
115.9
189.1
157.075
178.425
277.55
165.92
263.825
167.75
277.55
240.95
158.295
227.225
294.63
134.505
222.65
149.45
202.215
218.075
280.6
209.23
277.55
335.5
208.62
326.35
201.91
178.425
270.84
256.505
210.45
256.505
192.15
199.775
164.7
138.775
109.19
163.175
225.09
283.04
131.15
335.5
202.215
294.63
7.625
45.75
6.1
1.525
24.4
53.375
122
88.755
77.47
2.745
24.4
1.83
21.35
122
21.35
64.05
19.52
32.025
54.9
21.35
24.4
27.45
6.1
7.93
54.9
1.22
9.15
11.59
4.575
30.5
83.875
13.725
25.925
42.7
39.65
1.22
23.79
1.22
9.15
36.6
39.65
23.79
73.2
1.22
1.22
54.9
6.1
3.965
9.15
11.59
3.66
12.2
13.725
23.79
4.575
51.85
3.05
73.2
31.415
76.25
19.52
32.025
54.9
48.8
55.51
182.695
13.115
128.1
9.15
27.145
12.2
12.2
155.55
37.515
323.3
13.115
79.3
7.32
24.095
13.115
652.7
42.7
4.27
48.8
12.2
247.05
12.2
42.7
1.525
132.675
738.1
12.2
126.575
12.2
42.7
45.75
9.15
3.66
2.44
12.2
170.8
3.05
8.54
4.27
10.675
250.1
6.1
13.115
24.4
57.95
57.95
45.75
51.85
13.115
191.845
27.45
4.575
300.73
244
195.2
206.79
210.145
179.95
187.88
206.485
237.9
179.95
242.475
197.945
300.12
265.35
265.35
179.95
178.73
219.905
352.58
230.275
347.7
181.17
352.275
273.585
179.34
234.85
234.85
463.6
188.49
225.7
335.5
213.805
189.1
256.505
259.25
178.73
452.925
242.78
304.39
288.225
314.76
239.12
213.805
251.625
263.825
188.49
229.97
362.34
270.23
186.05
175.985
178.425
437.98
210.45
283.65
262.3
195.81
375.15
177.51
269.01
268.4
191.235
230.885
297.07
205.875
324.52
213.805
251.625
293.715
282.125
189.71
210.45
350.445
201.91
178.73
247.05
236.07
186.05
225.09
204.35
221.125
265.655
193.065
394.975
376.37
314.15
419.375
370.88
315.37
332.45
351.665
251.93
385.825
221.43
397.11
300.425
234.85
273.28
396.195
209.84
417.85
370.27
298.9
395.585
433.405
338.55
411.14
372.1
300.425
433.405
314.15
198.555
437.37
305
399.55
417.85
301.95
345.565
247.965
372.1
329.4
492.575
327.875
251.625
355.325
355.325
332.145
366.915
265.35
362.035
345.26
329.4
341.6
370.575
520.025
251.93
485.865
276.33
395.585
369.05
266.875
315.675
520.025
269.315
349.835
254.37
315.675
355.325
332.145
286.7
432.49
319.335
435.54
221.43
315.37
332.145
315.37
351.665
344.65
327.875
393.45
310.49
300.425
411.75
351.665
254.37
417.85
292.8
198.86
345.26
379.115
59.475
128.1
122
138.775
186.05
42.7
115.9
39.04
91.5
131.15
54.9
75.64
63.135
54.29
150.975
88.45
117.73
67.1
76.25
95.465
32.025
59.17
6.1
4.575
96.075
33.55
33.55
32.025
106.75
12.2
152.5
54.9
122
68.625
96.38
115.9
67.1
88.45
67.1
114.985
76.25
39.04
150.975
56.12
69.54
48.8
146.4
63.135
131.15
125.965
99.125
56.425
85.4
65.575
95.465
27.45
134.2
156.465
155.55
48.8
9.455
146.4
29.89
89.06
120.475
95.465
35.685
44.835
117.73
128.1
155.55
67.1
103.7
134.2
79.3
40.26
103.7
131.15
122
177.205
115.9
32.635
295.85
332.45
332.45
236.375
408.7
292.8
244
215.025
118.95
270.535
247.355
115.9
274.5
262.3
180.56
132.675
198.86
125.05
275.72
228.75
198.86
213.5
148.84
309.27
274.5
195.2
231.8
366.61
329.4
366
274.5
308.05
366
394.67
82.35
164.7
286.7
265.96
386.74
250.1
274.5
234.85
180.56
332.45
231.8
306.83
282.43
309.27
299.51
137.25
256.2
231.8
366
254.98
372.1
148.84
136.945
240.95
239.425
320.25
265.35
282.43
366.61
176.9
274.5
283.65
99.125
283.65
231.8
262.3
283.65
91.5
308.355
300.425
372.1
195.2
394.67
82.35
146.4
237.9
366.61
143.045
268.4
274.5
366
323.91
143.96
259.25
254.98
125.05
104.92
143.35
228.75
283.65
283.65
163.175
231.8
231.8
231.8
106.75
372.1
228.75
114.375
213.5
253.15
213.5
446.215
237.9
257.725
366.61
125.05
454.45
265.96
446.215
163.175
1594.54
886.025
723.155
1169.065
1700.375
1044.625
1116.91
823.5
801.845
749.69
633.18
1680.855
843.325
1264.225
904.325
1481.08
789.95
1328.275
1137.65
1607.35
788.12
1495.72
1311.5
918.05
1167.54
1024.8
634.4
743.285
1761.68
1572.885
826.55
972.95
984.235
1419.165
890.6
687.775
1078.785
924.15
1253.245
734.135
1076.345
605.425
608.475
830.21
725.9
642.025
1685.43
1093.425
1250.5
1203.225
1021.14
830.21
696.62
1268.8
814.35
1087.935
589.26
520.025
1067.5
1118.13
762.5
536.8
1211.155
552.05
765.55
654.53
320.86
492.575
338.55
421.51
999.79
789.035
1317.6
542.29
411.75
399.55
771.65
336.415
1006.5
713.7
1027.545
413.275
366
297.985
905.85
498.065
574.315
783.85
658.8
376.675
1034.865
663.985
767.99
982.1
597.8
561.505
546.56
593.53
928.42
794.525
602.375
982.1
547.78
445.3
344.65
661.85
991.25
744.2
1441.125
523.075
359.9
846.375
921.1
692.35
1067.5
481.9
516.975
1118.13
484.95
324.825
530.7
318.725
358.375
976
710.65
503.25
442.25
500.2
788.73
301.95
765.55
437.675
325.435
372.405
1206.885
439.81
1082.75
629.825
1479.25
448.96
444.69
825.025
368.135
597.8
340.075
475.8
524.6
638.975
498.065
1209.325
659.41
1439.6
1547.875
1654.93
1547.875
1311.805
2014.525
1342.61
1334.375
1388.36
1654.93
1299.3
1418.555
1343.22
1907.165
1418.555
170.8
170.8
149.45
335.5
183.915
51.85
105.53
76.25
21.35
239.73
3.355
30.5
3.66
1.525
9.15
20.74
3.355
41.175
41.175
42.7
17.08
38.125
59.17
85.4
3.05
30.5
22.57
48.8
172.325
12.2
54.9
1619.855
2098.095
1112.945
1969
1960.235
1305.4
1229.15
1183.705
951.6
1873.31
1409.1
1672.925
1370.975
1102.575
1658.59
2260.05
1321.26
1964.2
1921.5
1218.475
1249.28
2394.25
1223.05
2260.05
1645.475
2091.385
2196
1470.1
1398.425
2118.225
1988.6
1515.85
1619.855
83.875
433.1
40.26
484.95
480.375
218.075
423.95
268.4
309.575
51.85
5.795
344.345
411.75
31.415
215.025
101.26
323.3
231.8
274.5
5.795
506.3
274.5
151.585
40.26
292.8
275.11
396.5
166.835
231.8
39.04
40.26
158.6
170.8
125.05
218.99
97.6
166.835
106.75
378.2
97.6
40.26
83.875
40.26
97.6
86.925
118.95
68.625
378.2
292.8
218.99
305
16.775
143.35
484.95
292.8
31.415
118.95
118.95
128.1
97.6
275.11
219.6
200.08
394.67
896.7
129.015
884.5
1024.8
9.15
6.1
18.3
6.1
652.7
353.8
210.45
394.67
2.44
3.66
271.45
355.325
190.625
557.235
6.1
557.235
280.6
8.54
3.66
29.28
2.44
0.61
247.05
248.27
15.25
123.83
10.675
273.585
79.3
253.15
2.44
10.675
100.65
25.01
273.585
24.705
44.53
810.69
656.665
24.705
29.28
0.61
289.75
668.56
44.53
3.66
61.61
25.01
253.15
434.625
1021.75
613.05
6.1
224.175
434.625
189.1
167.14
62.525
8.54
24.705
3.66
152.5
3.66
2.44
16.775
2.44
210.45
9.15
327.875
265.35
106.75
40.26
271.45
233.02
245.83
45.75
62.22
189.1
271.45
332.45
10.675
656.665
6.1
178.73
146.4
132.37
146.4
6.1
1024.8
25.01
340.99
44.225
271.45
434.625
817.4
413.275
462.075
788.425
500.2
908.9
597.19
502.335
273.28
492.575
438.895
595.36
680.76
471.225
513.925
483.73
814.35
255.895
704.55
435.54
738.1
566.385
480.07
596.275
452.01
610.305
660.325
576.145
542.9
645.075
695.4
465.125
640.5
271.45
472.75
446.52
332.145
501.725
292.8
585.6
381.25
592.615
504.165
887.55
750.3
462.38
455.06
488
297.375
304.39
522.465
494.1
579.195
247.05
262.3
320.25
195.2
213.5
266.875
200.995
152.5
175.375
366
305
305.61
232.105
312.93
349.225
231.8
306.525
236.985
312.32
213.5
262.3
184.83
262.3
292.8
247.66
225.7
205.265
236.985
279.075
244
232.105
234.24
298.9
384.3
207.4
335.5
195.2
283.65
204.35
213.5
302.56
349.225
195.2
169.275
254.675
361.425
249.185
181.475
311.1
347.7
280.6
317.2
216.55
266.875
280.6
194.285
305.61
216.55
280.6
311.1
298.9
181.475
221.125
271.45
204.35
175.07
381.25
305
234.24
394.975
195.2
183
164.7
231.8
285.175
368.44
368.44
359.29
280.6
305
242.475
195.2
175.375
186.05
311.1
256.2
205.875
262.3
258.03
359.9
141.825
762.5
579.5
472.75
205.875
359.9
401.075
268.4
258.03
173.85
1264.225
338.245
186.05
350.75
303.475
224.785
251.625
491.05
317.2
532.53
748.775
379.725
266.875
330.925
326.35
463.6
492.575
547.475
199.47
279.075
420.9
266.875
195.81
316.59
323.3
473.36
193.675
174.46
292.8
298.9
263.825
338.245
140.3
231.8
396.5
234.85
195.2
301.95
181.475
312.625
219.6
285.175
366
196.725
254.675
242.475
248.575
272.975
231.8
309.575
312.625
141.825
542.9
179.34
263.825
161.955
343.125
1005.585
396.5
203.74
179.95
218.075
469.7
419.07
579.5
1050.42
68.625
125.05
2.44
28.06
2.135
866.2
24.4
1097.695
141.825
96.075
1284.965
1262.7
152.5
400.16
680.15
282.125
1249.89
1456.07
109.495
46.97
68.625
683.2
59.78
594.75
6.405
99.125
569.74
3.05
452.01
840.275
1155.95
405.65
6.405
721.02
45.14
152.5
227.835
240.95
211.06
401.99
82.35
204.35
227.225
41.175
251.625
370.27
414.8
125.05
358.375
137.25
339.77
335.5
168.97
140.3
324.825
141.825
103.09
1.525
414.8
223.26
291.58
366
195.2
301.95
286.7
204.35
491.05
402.6
146.705
227.53
77.775
251.625
146.4
118.035
283.65
159.82
512.4
260.775
146.705
146.4
32.025
140.3
118.035
134.2
122
1.525
133.895
416.325
210.45
134.2
640.5
616.1
475.8
305
134.2
301.035
390.4
305
549
317.2
227.225
118.95
15.555
15.555
15.25
15.555
30.5
158.6
160.735
59.475
244
98.82
98.82
6.405
22.875
24.4
2.745
242.475
178.425
47.275
24.4
17.08
53.375
30.5
22.875
197.64
169.275
43.92
3.05
316.59
189.1
25.01
8.235
6.1
53.375
162.26
179.645
75.945
64.965
150.975
20.74
57.95
145.18
323.605
79.3
317.2
94.55
164.7
242.475
51.545
156.16
17.69
210.45
504.775
391.01
1012.6
433.1
500.81
395.28
504.775
533.75
920.185
498.675
460.55
542.9
362.95
532.53
704.55
1623.21
410.53
564.25
549
655.75
460.55
559.37
1078.175
477.325
349.225
610.305
672.525
513.925
484.035
411.75
936.35
528.87
403.82
576.45
744.81
533.75
701.5
526.43
515.45
1626.26
380.335
518.5
463.6
574.62
408.7
770.125
664.9
475.8
432.49
472.75
964.41
847.9
634.4
366
375.455
985.15
394.975
528.87
634.4
599.325
599.325
439.2
362.95
508.74
387.35
721.325
276.025
234.85
144.875
286.7
298.9
202.825
335.5
167.75
131.15
1024.8
119.56
134.2
413.275
167.75
317.2
326.96
131.15
552.05
179.95
122
167.75
248.27
112.85
105.225
552.05
588.65
131.15
222.65
413.275
402.6
588.65
413.275
202.825
413.275
138.775
134.2
413.275
109.8
122
137.25
221.125
144.875
248.27
152.5
317.2
465.125
272.975
88.45
94.55
222.65
221.125
190.93
239.425
239.425
146.4
167.75
122
202.825
240.035
221.125
239.425
239.425
116.51
326.96
552.05
97.6
552.05
228.75
167.75
468.175
552.05
239.425
230.275
227.225
167.75
335.5
588.65
443.47
171.715
164.7
144.875
465.125
227.225
94.55
164.7
402.6
298.9
286.7
286.7
402.6
228.75
118.035
289.75
204.35
179.95
183
1102.575
85.705
4.575
274.5
1100.135
146.4
61.305
1152.9
433.71
98.82
394.67
77.775
213.5
240.34
411.75
709.125
333.975
110.41
8.235
95.77
1358.775
1000.4
36.6
437.675
95.77
317.2
218.99
4.575
530.09
5.795
126.88
1049.2
94.55
1162.05
2.135
183
517.89
274.5
992.47
698.45
521.855
186.05
640.5
61.305
218.99
410.225
628.3
231.19
259.25
576.45
748.47
748.47
921.405
1238.3
1216.645
146.705
904.325
1171.2
165.31
192.15
59.17
427.915
183
640.5
61.305
530.09
962.58
707.6
128.1
1194.99
458.11
213.5
172.63
98.82
603.9
1027.85
442.555
25.925
126.88
183
193.675
1102.575
2.135
799.1
532.835
803.37
48.8
71.675
836.92
218.38
100.65
150.67
123.525
1027.85
595.055
386.74
942.45
455.975
53.375
29.28
107.36
1216.645
489.525
183
836.92
139.08
37.21
167.75
992.47
333.975
150.975
146.4
762.5
1238.3
186.05
836.92
664.9
334.89
21.35
53.375
2070.95
4.88
149.755
61.305
163.785
537.41
119.865
128.1
433.71
11.59
799.1
500.81
536.8
427.915
341.6
17.995
427.915
159.82
1027.85
312.32
173.545
71.675
100.65
100.65
10.675
161.345
847.9
45.75
317.2
856.135
992.47
951.6
525.21
152.5
173.545
100.65
107.36
762.5
483.73
3.05
248.575
274.805
595.055
869.555
118.95
478.85
628.3
270.84
74.725
1216.645
126.88
695.4
93.94
129.625
53.375
725.9
12.505
893.65
1223.05
4.27
274.5
139.08
163.785
1171.2
915
54.29
1100.135
789.95
157.38
1100.135
748.47
707.6
135.725
796.05
4.575
836.92
82.96
165.615
480.375
139.08
98.82
98.82
54.29
12.505
364.17
759.45
709.125
438.59
99.125
1126.365
100.65
333.975
53.68
361.425
698.45
533.75
536.8
1162.05
163.785
537.41
789.95
1003.45
402.6
126.88
580.415
182.085
85.705
35.38
118.95
748.47
277.55
312.93
157.38
31.72
150.67
61.305
796.05
107.665
149.755
32.33
707.6
303.17
369.66
8.845
173.85
122
856.135
248.575
118.95
1003.45
318.725
149.755
177.205
1805.6
1290.15
1459.425
2205.15
1857.145
1323.7
1680.55
1241.35
2049.6
1209.325
1708.305
1616.5
1665.3
1573.8
1546.35
1799.5
1934.615
1287.71
1840.98
1750.7
1607.35
1692.75
1470.1
1610.4
1371.585
1701.9
841.8
1313.94
1326.75
292.8
298.9
213.195
101.26
233.63
51.85
51.85
213.195
228.75
233.63
189.1
213.195
143.35
244
2.745
265.35
379.725
134.2
325.13
282.125
3.05
422.425
682.59
297.375
1006.5
265.35
134.2
434.93
91.5
279.38
15.25
788.425
12.2
106.75
50.02
176.9
404.125
128.1
137.25
460.55
134.2
15.25
3.05
88.755
793
91.5
375.76
231.8
464.82
21.35
91.5
727.425
265.35
30.5
152.5
50.02
50.02
231.8
887.55
5.185
21.35
15.25
30.5
15.25
7.625
460.55
152.5
128.1
134.2
128.1
7.625
99.125
7.625
527.65
135.725
15.25
3.355
7.625
134.2
128.1
366
231.8
125.05
54.9
137.25
12.2
88.755
527.65
128.1
7.625
350.445
323.3
427
529.175
465.125
270.535
529.175
24.4
30.5
30.5
21.35
12.2
1006.5
167.75
529.175
30.5
460.55
747.25
21.35
3.05
310
509
256
142
6.71
330
28
381
154
37
131
100
5
17
723
7.625
408
15
320
196
94
62
313
7.625
6.71
650
20
2
3
570
52
285
327
427
24.4
6.71
397
26
216
497.15
430.965
119.56
193.37
9.15
64.05
474.885
3.66
799.1
501.42
119.56
552.05
414.8
3.05
15.25
30.5
5.795
49.41
588.65
67.71
56.425
750.3
6.71
535.275
3.05
651.175
81.435
9.15
15.25
349.225
18.3
716.445
571.57
59.475
3.66
289.445
42.7
596.275
324.52
390.705
163.785
205.875
254.675
203.74
252.235
294.02
219.6
228.75
607.255
256.2
308.965
747.25
195.2
228.75
292.8
297.985
178.12
167.75
286.395
312.93
195.81
213.5
434.93
395.89
199.775
205.265
735.05
289.75
205.265
251.625
602.375
314.15
619.15
200.995
579.5
187.575
832.65
427
174.155
762.5
607.56
207.4
294.02
762.5
297.985
936.35
228.75
440.725
252.235
469.7
194.285
201.3
187.575
390.4
328.18
375.15
378.2
198.25
208.01
204.35
289.75
248.575
314.15
318.725
244
200.69
261.69
255.285
200.08
192.15
238.51
270.84
381.25
231.8
497.15
329.4
240.95
240.95
353.8
375.15
299.51
248.575
263.825
222.65
210.145
198.555
283.65
442.25
387.35
201.3
364.78
184.525
240.95
248.575
204.96
257.725
201.3
481.9
222.65
183
204.35
274.5
234.85
329.095
478.24
222.65
222.04
237.9
373.625
274.5
237.9
399.55
248.575
197.64
448.35
259.25
378.2
493.185
248.575
335.5
286.7
262.3
256.2
328.18
229.665
315.675
2216.13
1170.285
1389.58
2070.95
1509.14
1448.75
1510.97
1249.89
1315.465
1421.3
1868.43
2115.48
1628.09
1525
1521.95
1414.59
1209.02
2188.375
2056.005
2073.39
2067.9
1238.605
1300.825
