70.8958025632094
70.8958025632094
70.8958025632094
70.8958025632094
70.8958025632094
70.8958025632094
70.8958025632094
70.8958025632094
70.8958025632094
70.8958025632094
70.8958025632094
287.118629594051
397.413407412606
70.8958025632094
70.8958025632094
70.8958025632094
70.8958025632094
70.8958025632094
70.8958025632094
70.8958025632094
70.8958025632094
70.8958025632094
70.8958025632094
70.8958025632094
70.8958025632094
70.8958025632094
70.8958025632094
70.8958025632094
70.8958025632094
70.8958025632094
70.8958025632094
70.8958025632094
70.8958025632094
70.8958025632094
70.8958025632094
70.8958025632094
70.8958025632094
70.8958025632094
70.8958025632094
70.8958025632094
70.8958025632094
70.8958025632094
70.8958025632094
70.8958025632094
70.8958025632094
70.8958025632094
70.8958025632094
70.8958025632094
70.8958025632094
265.030667498478
70.8958025632094
70.8958025632094
70.8958025632094
70.8958025632094
70.8958025632094
70.8958025632094
70.8958025632094
70.8958025632094
70.8958025632094
70.8958025632094
70.8958025632094
70.8958025632094
70.8958025632094
70.8958025632094
283.354640590796
185.221104403806
70.8958025632094
70.8958025632094
70.8958025632094
70.8958025632094
70.8958025632094
70.8958025632094
70.8958025632094
70.8958025632094
70.8958025632094
70.8958025632094
70.8958025632094
70.8958025632094
70.8958025632094
70.8958025632094
70.8958025632094
70.8958025632094
366.116894392359
314.223899735072
70.8958025632094
70.8958025632094
70.8958025632094
277.089306422949
232.709277725176
70.8958025632094
423.855570366932
83.3078030147553
70.8958025632094
70.8958025632094
337.170757257405
189.930997458346
70.8958025632094
205.966657031377
70.8958025632094
286.208957115652
253.120266179476
197.903722784576
412.854740921556
413.962134903007
70.8958025632094
70.8958025632094
70.8958025632094
70.8958025632094
239.704521964664
70.8958025632094
108.966953706617
159.467618495684
70.8958025632094
70.8958025632094
70.8958025632094
70.8958025632094
339.934025514601
70.8958025632094
148.360946595201
70.8958025632094
418.377881494768
459.522149937948
70.8958025632094
70.8958025632094
177.326481309786
70.8958025632094
70.8958025632094
154.080852553539
298.086016550747
309.679166521334
70.8958025632094
143.163090403498
70.8958025632094
267.314772495841
70.8958025632094
367.50650083939
70.8958025632094
219.149316960701
70.8958025632094
70.8958025632094
220.342228270018
158.947557135362
70.8958025632094
265.275006271295
79.7996916686366
70.8958025632094
70.8958025632094
70.8958025632094
70.8958025632094
70.8958025632094
70.8958025632094
317.216704615909
70.8958025632094
70.8958025632094
70.8958025632094
214.83711997842
70.8958025632094
273.110683333333
70.8958025632094
274.32032556391
274.329690792292
274.336104098361
274.319764880384
271.731920245399
70.8958025632094
70.8958025632094
299.764314565758
274.317894216615
70.8958025632094
70.8958025632094
70.8958025632094
282.861666912707
323.553201127214
70.8958025632094
70.8958025632094
70.8958025632094
270.489395410627
70.8958025632094
274.382015384615
70.8958025632094
266.684302970711
70.8958025632094
70.8958025632094
70.8958025632094
70.8958025632094
70.8958025632094
70.8958025632094
274.307781329114
70.8958025632094
70.8958025632094
273.499966938342
274.47143125
70.8958025632094
70.8958025632094
70.8958025632094
271.125365041442
70.8958025632094
70.8958025632094
70.8958025632094
70.8958025632094
70.8958025632094
274.286185499058
70.8958025632094
70.8958025632094
273.518390149999
70.8958025632094
268.13636888361
274.319694150112
274.327543436072
70.8958025632094
277.939467012986
274.7909
70.8958025632094
274.237133410315
274.31033655914
70.8958025632094
70.8958025632094
70.8958025632094
70.8958025632094
30.2475276154351
28.4925910839136
70.8958025632094
70.8958025632094
35.3806657849825
70.8958025632094
70.8958025632094
70.8958025632094
70.8958025632094
70.8958025632094
70.8958025632094
70.8958025632094
70.8958025632094
70.8958025632094
70.8958025632094
14.6808195132594
70.8958025632094
70.8958025632094
70.8958025632094
70.8958025632094
70.8958025632094
70.8958025632094
70.8958025632094
70.8958025632094
70.8958025632094
70.8958025632094
28.1955418193087
35.8389618153229
70.8958025632094
70.8958025632094
27.8964195943762
21.5314518043322
22.0286520958059
22.4007407045059
70.8958025632094
70.8958025632094
70.8958025632094
70.8958025632094
70.8958025632094
70.8958025632094
70.8958025632094
70.8958025632094
70.8958025632094
41.2821169326602
70.8958025632094
32.6584595040859
70.8958025632094
70.8958025632094
70.8958025632094
70.8958025632094
70.8958025632094
70.8958025632094
70.8958025632094
41.8429814703177
70.8958025632094
70.8958025632094
30.8299012440315
22.7426378072223
44.392448119912
70.8958025632094
70.8958025632094
70.8958025632094
70.8958025632094
70.8958025632094
70.8958025632094
70.8958025632094
70.8958025632094
70.8958025632094
70.8958025632094
70.8958025632094
70.8958025632094
70.8958025632094
70.8958025632094
70.8958025632094
70.8958025632094
70.8958025632094
70.8958025632094
70.8958025632094
70.8958025632094
70.8958025632094
70.8958025632094
70.8958025632094
70.8958025632094
70.8958025632094
70.8958025632094
70.8958025632094
70.8958025632094
70.8958025632094
70.8958025632094
70.8958025632094
70.8958025632094
70.8958025632094
70.8958025632094
70.8958025632094
70.8958025632094
70.8958025632094
70.8958025632094
70.8958025632094
70.8958025632094
70.8958025632094
70.8958025632094
70.8958025632094
70.8958025632094
70.8958025632094
70.8958025632094
70.8958025632094
70.8958025632094
70.8958025632094
70.8958025632094
70.8958025632094
70.8958025632094
70.8958025632094
70.8958025632094
70.8958025632094
70.8958025632094
70.8958025632094
70.8958025632094
70.8958025632094
70.8958025632094
70.8958025632094
70.8958025632094
70.8958025632094
70.8958025632094
70.8958025632094
70.8958025632094
70.8958025632094
70.8958025632094
70.8958025632094
70.8958025632094
70.8958025632094
70.8958025632094
70.8958025632094
70.8958025632094
70.8958025632094
70.8958025632094
70.8958025632094
70.8958025632094
70.8958025632094
70.8958025632094
70.8958025632094
70.8958025632094
70.8958025632094
70.8958025632094
70.8958025632094
70.8958025632094
70.8958025632094
70.8958025632094
70.8958025632094
70.8958025632094
70.8958025632094
70.8958025632094
70.8958025632094
70.8958025632094
70.8958025632094
70.8958025632094
70.8958025632094
70.8958025632094
70.8958025632094
70.8958025632094
70.8958025632094
70.8958025632094
70.8958025632094
70.8958025632094
70.8958025632094
70.8958025632094
70.8958025632094
70.8958025632094
70.8958025632094
70.8958025632094
70.8958025632094
70.8958025632094
70.8958025632094
70.8958025632094
70.8958025632094
70.8958025632094
70.8958025632094
70.8958025632094
70.8958025632094
70.8958025632094
70.8958025632094
70.8958025632094
70.8958025632094
70.8958025632094
70.8958025632094
70.8958025632094
70.8958025632094
70.8958025632094
70.8958025632094
70.8958025632094
70.8958025632094
70.8958025632094
70.8958025632094
70.8958025632094
70.8958025632094
70.8958025632094
70.8958025632094
70.8958025632094
70.8958025632094
70.8958025632094
70.8958025632094
70.8958025632094
70.8958025632094
70.8958025632094
70.8958025632094
70.8958025632094
70.8958025632094
70.8958025632094
70.8958025632094
70.8958025632094
70.8958025632094
70.8958025632094
70.8958025632094
70.8958025632094
70.8958025632094
70.8958025632094
70.8958025632094
70.8958025632094
70.8958025632094
70.8958025632094
70.8958025632094
70.8958025632094
70.8958025632094
70.8958025632094
70.8958025632094
70.8958025632094
70.8958025632094
70.8958025632094
70.8958025632094
70.8958025632094
70.8958025632094
70.8958025632094
70.8958025632094
70.8958025632094
70.8958025632094
70.8958025632094
70.8958025632094
70.8958025632094
70.8958025632094
70.8958025632094
70.8958025632094
70.8958025632094
70.8958025632094
70.8958025632094
70.8958025632094
70.8958025632094
70.8958025632094
70.8958025632094
70.8958025632094
70.8958025632094
70.8958025632094
70.8958025632094
70.8958025632094
70.8958025632094
70.8958025632094
70.8958025632094
70.8958025632094
70.8958025632094
70.8958025632094
70.8958025632094
70.8958025632094
70.8958025632094
70.8958025632094
70.8958025632094
70.8958025632094
70.8958025632094
70.8958025632094
70.8958025632094
70.8958025632094
70.8958025632094
70.8958025632094
70.8958025632094
70.8958025632094
70.8958025632094
70.8958025632094
70.8958025632094
70.8958025632094
70.8958025632094
70.8958025632094
70.8958025632094
70.8958025632094
70.8958025632094
70.8958025632094
70.8958025632094
70.8958025632094
70.8958025632094
70.8958025632094
70.8958025632094
70.8958025632094
70.8958025632094
70.8958025632094
70.8958025632094
70.8958025632094
70.8958025632094
70.8958025632094
70.8958025632094
70.8958025632094
70.8958025632094
70.8958025632094
62.1804384440538
70.8958025632094
70.8958025632094
51.0656887522804
70.8958025632094
70.8958025632094
70.8958025632094
70.8958025632094
70.8958025632094
70.8958025632094
70.8958025632094
70.8958025632094
70.8958025632094
70.8958025632094
70.8958025632094
70.8958025632094
71.7152767597854
70.8958025632094
70.8958025632094
70.8958025632094
70.8958025632094
70.8958025632094
70.8958025632094
129.357254089647
70.8958025632094
70.8958025632094
45.7643845957134
108.020821711561
70.8958025632094
144.923996386403
70.8958025632094
70.8958025632094
70.8958025632094
208.061230860486
70.8958025632094
70.8958025632094
70.8958025632094
70.8958025632094
70.8958025632094
70.8958025632094
70.8958025632094
70.8958025632094
70.8958025632094
70.8958025632094
70.8958025632094
70.8958025632094
70.8958025632094
70.8958025632094
70.8958025632094
70.8958025632094
70.8958025632094
70.8958025632094
70.8958025632094
70.8958025632094
70.8958025632094
70.8958025632094
70.8958025632094
70.8958025632094
70.8958025632094
70.8958025632094
70.8958025632094
70.8958025632094
70.8958025632094
70.8958025632094
70.8958025632094
70.8958025632094
70.8958025632094
70.8958025632094
70.8958025632094
70.8958025632094
70.8958025632094
70.8958025632094
70.8958025632094
70.8958025632094
70.8958025632094
70.8958025632094
70.8958025632094
70.8958025632094
70.8958025632094
70.8958025632094
70.8958025632094
70.8958025632094
70.8958025632094
70.8958025632094
70.8958025632094
70.8958025632094
70.8958025632094
70.8958025632094
70.8958025632094
70.8958025632094
70.8958025632094
70.8958025632094
70.8958025632094
70.8958025632094
70.8958025632094
70.8958025632094
70.8958025632094
70.8958025632094
70.8958025632094
70.8958025632094
70.8958025632094
70.8958025632094
70.8958025632094
70.8958025632094
70.8958025632094
70.8958025632094
70.8958025632094
70.8958025632094
70.8958025632094
70.8958025632094
70.8958025632094
70.8958025632094
70.8958025632094
70.8958025632094
70.8958025632094
70.8958025632094
70.8958025632094
70.8958025632094
70.8958025632094
70.8958025632094
70.8958025632094
70.8958025632094
70.8958025632094
70.8958025632094
70.8958025632094
70.8958025632094
70.8958025632094
70.8958025632094
70.8958025632094
70.8958025632094
70.8958025632094
70.8958025632094
70.8958025632094
70.8958025632094
70.8958025632094
70.8958025632094
70.8958025632094
70.8958025632094
70.8958025632094
70.8958025632094
70.8958025632094
70.8958025632094
70.8958025632094
70.8958025632094
70.8958025632094
70.8958025632094
70.8958025632094
70.8958025632094
70.8958025632094
70.8958025632094
70.8958025632094
70.8958025632094
70.8958025632094
70.8958025632094
70.8958025632094
70.8958025632094
70.8958025632094
70.8958025632094
70.8958025632094
70.8958025632094
70.8958025632094
70.8958025632094
70.8958025632094
70.8958025632094
70.8958025632094
70.8958025632094
70.8958025632094
70.8958025632094
70.8958025632094
70.8958025632094
70.8958025632094
70.8958025632094
70.8958025632094
70.8958025632094
70.8958025632094
70.8958025632094
70.8958025632094
70.8958025632094
70.8958025632094
70.8958025632094
70.8958025632094
70.8958025632094
70.8958025632094
70.8958025632094
70.8958025632094
70.8958025632094
70.8958025632094
70.8958025632094
70.8958025632094
70.8958025632094
70.8958025632094
70.8958025632094
70.8958025632094
70.8958025632094
70.8958025632094
70.8958025632094
70.8958025632094
70.8958025632094
70.8958025632094
70.8958025632094
70.8958025632094
70.8958025632094
70.8958025632094
70.8958025632094
70.8958025632094
70.8958025632094
70.8958025632094
70.8958025632094
70.8958025632094
70.8958025632094
70.8958025632094
70.8958025632094
70.8958025632094
70.8958025632094
70.8958025632094
70.8958025632094
70.8958025632094
70.8958025632094
70.8958025632094
70.8958025632094
70.8958025632094
70.8958025632094
70.8958025632094
70.8958025632094
70.8958025632094
70.8958025632094
70.8958025632094
70.8958025632094
70.8958025632094
70.8958025632094
70.8958025632094
70.8958025632094
70.8958025632094
70.8958025632094
70.8958025632094
70.8958025632094
70.8958025632094
70.8958025632094
70.8958025632094
70.8958025632094
70.8958025632094
70.8958025632094
70.8958025632094
70.8958025632094
70.8958025632094
70.8958025632094
70.8958025632094
70.8958025632094
70.8958025632094
70.8958025632094
70.8958025632094
70.8958025632094
70.8958025632094
70.8958025632094
70.8958025632094
70.8958025632094
70.8958025632094
70.8958025632094
70.8958025632094
70.8958025632094
70.8958025632094
70.8958025632094
70.8958025632094
70.8958025632094
70.8958025632094
70.8958025632094
70.8958025632094
70.8958025632094
70.8958025632094
70.8958025632094
70.8958025632094
70.8958025632094
70.8958025632094
70.8958025632094
70.8958025632094
70.8958025632094
70.8958025632094
70.8958025632094
70.8958025632094
70.8958025632094
70.8958025632094
70.8958025632094
70.8958025632094
70.8958025632094
70.8958025632094
70.8958025632094
70.8958025632094
70.8958025632094
70.8958025632094
70.8958025632094
70.8958025632094
70.8958025632094
70.8958025632094
70.8958025632094
70.8958025632094
70.8958025632094
70.8958025632094
70.8958025632094
70.8958025632094
70.8958025632094
70.8958025632094
70.8958025632094
70.8958025632094
70.8958025632094
70.8958025632094
70.8958025632094
70.8958025632094
70.8958025632094
70.8958025632094
70.8958025632094
70.8958025632094
70.8958025632094
70.8958025632094
70.8958025632094
70.8958025632094
70.8958025632094
70.8958025632094
70.8958025632094
70.8958025632094
70.8958025632094
70.8958025632094
70.8958025632094
70.8958025632094
70.8958025632094
70.8958025632094
70.8958025632094
70.8958025632094
70.8958025632094
70.8958025632094
70.8958025632094
70.8958025632094
70.8958025632094
70.8958025632094
70.8958025632094
70.8958025632094
70.8958025632094
70.8958025632094
70.8958025632094
70.8958025632094
14.7852041949545
12.9359653478143
70.8958025632094
70.8958025632094
70.8958025632094
70.8958025632094
70.8958025632094
70.8958025632094
37.379787388279
23.0366320155559
70.8958025632094
70.8958025632094
70.8958025632094
21.5328050914646
70.8958025632094
70.8958025632094
22.3963726600848
70.8958025632094
70.8958025632094
70.8958025632094
20.7976828812689
70.8958025632094
14.6903734508913
7.6568755125532
45.186935979341
25.6310266895139
70.8958025632094
70.8958025632094
20.3403144220515
21.6308758319502
66.5207582056954
38.4580063001689
27.2920289007176
70.8958025632094
29.215533110646
9.3554329708194
21.9839317393692
78.586884581724
13.7011146895799
70.8958025632094
70.8958025632094
19.4299901588927
70.8958025632094
36.9299137973651
14.0101430895338
26.1940254427173
70.8958025632094
18.5512953660231
70.8958025632094
70.8958025632094
70.8958025632094
22.6555559393598
70.8958025632094
16.5374801896281
7.14224774894714
70.8958025632094
52.0862914801497
70.8958025632094
70.8958025632094
70.8958025632094
70.8958025632094
37.8093969977848
70.8958025632094
70.8958025632094
16.1613730167798
20.5332766995768
70.8958025632094
70.8958025632094
70.8958025632094
12.7969554650773
20.3905531362726
70.8958025632094
29.9580614102149
31.3283579836821
19.6500619487586
20.3482559680939
13.2170265681216
70.8958025632094
13.7278840488797
6.61755639321562
70.8958025632094
70.8958025632094
24.4008049548502
19.7224719737101
78.3058388317981
70.8958025632094
30.0340508361506
39.9647954788278
20.1332968772986
24.6270307628016
45.8539922987176
79.1420138511313
5.37169646540204
32.0009433828796
17.9219931379626
70.8958025632094
30.3041235772723
70.8958025632094
26.4629435453871
70.8958025632094
70.8958025632094
70.8958025632094
70.8958025632094
70.8958025632094
70.8958025632094
70.8958025632094
70.8958025632094
70.8958025632094
70.8958025632094
70.8958025632094
70.8958025632094
70.8958025632094
70.8958025632094
70.8958025632094
70.8958025632094
70.8958025632094
70.8958025632094
70.8958025632094
70.8958025632094
70.8958025632094
70.8958025632094
119.57947694772
70.8958025632094
70.8958025632094
70.8958025632094
70.8958025632094
70.8958025632094
70.8958025632094
70.8958025632094
70.8958025632094
70.8958025632094
70.8958025632094
70.8958025632094
70.8958025632094
70.8958025632094
70.8958025632094
70.8958025632094
70.8958025632094
70.8958025632094
165.256229411717
70.8958025632094
70.8958025632094
70.8958025632094
162.246217239483
70.8958025632094
70.8958025632094
70.8958025632094
70.8958025632094
70.8958025632094
70.8958025632094
70.8958025632094
70.8958025632094
70.8958025632094
70.8958025632094
156.237067186479
70.8958025632094
70.8958025632094
70.8958025632094
70.8958025632094
70.8958025632094
70.8958025632094
70.8958025632094
70.8958025632094
70.8958025632094
70.8958025632094
70.8958025632094
70.8958025632094
70.8958025632094
70.8958025632094
70.8958025632094
70.8958025632094
70.8958025632094
70.8958025632094
70.8958025632094
70.8958025632094
70.8958025632094
70.8958025632094
70.8958025632094
70.8958025632094
70.8958025632094
70.8958025632094
70.8958025632094
70.8958025632094
70.8958025632094
70.8958025632094
70.8958025632094
70.8958025632094
70.8958025632094
70.8958025632094
70.8958025632094
70.8958025632094
70.8958025632094
70.8958025632094
70.8958025632094
70.8958025632094
70.8958025632094
70.8958025632094
70.8958025632094
70.8958025632094
70.8958025632094
70.8958025632094
70.8958025632094
70.8958025632094
70.8958025632094
70.8958025632094
70.8958025632094
70.8958025632094
70.8958025632094
70.8958025632094
70.8958025632094
70.8958025632094
70.8958025632094
70.8958025632094
70.8958025632094
70.8958025632094
70.8958025632094
70.8958025632094
70.8958025632094
70.8958025632094
70.8958025632094
70.8958025632094
70.8958025632094
70.8958025632094
70.8958025632094
70.8958025632094
70.8958025632094
70.8958025632094
70.8958025632094
206.830035300385
113.288079923542
98.1485256879646
70.8958025632094
473.059724737557
70.8958025632094
564.03198357356
258.936882828701
70.8958025632094
70.8958025632094
70.8958025632094
360.221126492842
70.8958025632094
70.8958025632094
513.861537659444
548.899016419585
70.8958025632094
70.8958025632094
422.339719869181
70.8958025632094
70.8958025632094
70.8958025632094
70.8958025632094
541.076714011636
236.736018735195
70.8958025632094
504.06520200412
290.859658401276
349.396138875906
70.8958025632094
335.964333096667
70.8958025632094
70.8958025632094
480.376442801855
70.8958025632094
334.523576662595
70.8958025632094
70.8958025632094
70.8958025632094
70.8958025632094
70.8958025632094
70.8958025632094
70.8958025632094
70.8958025632094
70.8958025632094
70.8958025632094
70.8958025632094
586.890506890207
70.8958025632094
267.543850259106
70.8958025632094
70.8958025632094
70.8958025632094
171.839993879846
70.8958025632094
323.052140544888
70.8958025632094
472.181985798565
70.8958025632094
70.8958025632094
70.8958025632094
70.8958025632094
70.8958025632094
70.8958025632094
70.8958025632094
70.8958025632094
70.8958025632094
70.8958025632094
70.8958025632094
70.8958025632094
70.8958025632094
70.8958025632094
70.8958025632094
70.8958025632094
70.8958025632094
70.8958025632094
70.8958025632094
70.8958025632094
70.8958025632094
70.8958025632094
70.8958025632094
70.8958025632094
70.8958025632094
70.8958025632094
70.8958025632094
70.8958025632094
70.8958025632094
70.8958025632094
70.8958025632094
70.8958025632094
70.8958025632094
70.8958025632094
70.8958025632094
70.8958025632094
70.8958025632094
70.8958025632094
70.8958025632094
70.8958025632094
70.8958025632094
70.8958025632094
70.8958025632094
70.8958025632094
70.8958025632094
70.8958025632094
70.8958025632094
70.8958025632094
70.8958025632094
70.8958025632094
70.8958025632094
70.8958025632094
70.8958025632094
70.8958025632094
70.8958025632094
70.8958025632094
70.8958025632094
70.8958025632094
70.8958025632094
70.8958025632094
70.8958025632094
70.8958025632094
70.8958025632094
70.8958025632094
70.8958025632094
70.8958025632094
70.8958025632094
70.8958025632094
70.8958025632094
70.8958025632094
70.8958025632094
70.8958025632094
70.8958025632094
70.8958025632094
70.8958025632094
70.8958025632094
70.8958025632094
70.8958025632094
70.8958025632094
70.8958025632094
70.8958025632094
70.8958025632094
70.8958025632094
70.8958025632094
70.8958025632094
70.8958025632094
70.8958025632094
70.8958025632094
70.8958025632094
70.8958025632094
70.8958025632094
70.8958025632094
70.8958025632094
70.8958025632094
70.8958025632094
70.8958025632094
70.8958025632094
70.8958025632094
70.8958025632094
70.8958025632094
70.8958025632094
70.8958025632094
70.8958025632094
70.8958025632094
70.8958025632094
70.8958025632094
70.8958025632094
70.8958025632094
70.8958025632094
70.8958025632094
70.8958025632094
70.8958025632094
70.8958025632094
70.8958025632094
70.8958025632094
70.8958025632094
70.8958025632094
70.8958025632094
70.8958025632094
70.8958025632094
70.8958025632094
70.8958025632094
70.8958025632094
70.8958025632094
70.8958025632094
70.8958025632094
70.8958025632094
70.8958025632094
70.8958025632094
70.8958025632094
70.8958025632094
70.8958025632094
70.8958025632094
70.8958025632094
70.8958025632094
70.8958025632094
70.8958025632094
70.8958025632094
70.8958025632094
70.8958025632094
70.8958025632094
70.8958025632094
70.8958025632094
70.8958025632094
70.8958025632094
70.8958025632094
70.8958025632094
70.8958025632094
70.8958025632094
70.8958025632094
70.8958025632094
70.8958025632094
70.8958025632094
70.8958025632094
70.8958025632094
70.8958025632094
70.8958025632094
70.8958025632094
70.8958025632094
70.8958025632094
70.8958025632094
70.8958025632094
70.8958025632094
70.8958025632094
70.8958025632094
70.8958025632094
70.8958025632094
70.8958025632094
70.8958025632094
70.8958025632094
70.8958025632094
70.8958025632094
70.8958025632094
70.8958025632094
70.8958025632094
70.8958025632094
70.8958025632094
70.8958025632094
70.8958025632094
70.8958025632094
70.8958025632094
70.8958025632094
70.8958025632094
70.8958025632094
70.8958025632094
70.8958025632094
70.8958025632094
70.8958025632094
70.8958025632094
70.8958025632094
70.8958025632094
70.8958025632094
70.8958025632094
70.8958025632094
70.8958025632094
70.8958025632094
70.8958025632094
70.8958025632094
70.8958025632094
70.8958025632094
70.8958025632094
70.8958025632094
70.8958025632094
70.8958025632094
70.8958025632094
70.8958025632094
70.8958025632094
70.8958025632094
70.8958025632094
70.8958025632094
70.8958025632094
70.8958025632094
70.8958025632094
70.8958025632094
70.8958025632094
70.8958025632094
70.8958025632094
70.8958025632094
70.8958025632094
70.8958025632094
70.8958025632094
70.8958025632094
70.8958025632094
70.8958025632094
70.8958025632094
70.8958025632094
70.8958025632094
263.121570443991
113.868180048384
545.112758127808
70.8958025632094
254.475119785883
70.8958025632094
184.354709884644
813.212010241582
329.409823135444
70.8958025632094
357.354705588383
723.355603086397
70.8958025632094
267.568372744706
70.8958025632094
70.8958025632094
70.8958025632094
70.8958025632094
197.990180208225
70.8958025632094
70.8958025632094
611.189556776004
429.099640128748
514.701425985096
415.865635959677
70.8958025632094
70.8958025632094
503.110674092764
70.8958025632094
70.8958025632094
294.089416950871
70.8958025632094
137.019206348127
70.8958025632094
263.939250678098
70.8958025632094
424.028843298825
70.8958025632094
323.616827438135
70.8958025632094
70.8958025632094
479.347504493012
70.8958025632094
195.281601630817
70.8958025632094
196.067309714461
256.498860098251
296.51288631127
70.8958025632094
70.8958025632094
232.068050000923
70.8958025632094
70.8958025632094
70.8958025632094
70.8958025632094
70.8958025632094
230.34324623384
574.271153324215
433.019370889664
445.213262132769
646.113264707323
524.385774722261
70.8958025632094
372.396544999973
213.861388457554
205.03896669028
70.8958025632094
70.8958025632094
290.225392408608
70.8958025632094
70.8958025632094
631.801624119823
394.891988444972
293.46089781139
70.8958025632094
70.8958025632094
70.8958025632094
197.322174761333
564.614444641574
70.8958025632094
70.8958025632094
70.8958025632094
70.8958025632094
70.8958025632094
70.8958025632094
70.8958025632094
70.8958025632094
70.8958025632094
70.8958025632094
70.8958025632094
70.8958025632094
70.8958025632094
70.8958025632094
70.8958025632094
70.8958025632094
70.8958025632094
70.8958025632094
70.8958025632094
70.8958025632094
70.8958025632094
70.8958025632094
70.8958025632094
70.8958025632094
70.8958025632094
70.8958025632094
70.8958025632094
70.8958025632094
70.8958025632094
70.8958025632094
70.8958025632094
70.8958025632094
70.8958025632094
70.8958025632094
162.449941054405
70.8958025632094
70.8958025632094
70.8958025632094
70.8958025632094
70.8958025632094
70.8958025632094
70.8958025632094
70.8958025632094
70.8958025632094
70.8958025632094
70.8958025632094
70.8958025632094
70.8958025632094
70.8958025632094
70.8958025632094
70.8958025632094
70.8958025632094
70.8958025632094
70.8958025632094
70.8958025632094
70.8958025632094
70.8958025632094
70.8958025632094
70.8958025632094
70.8958025632094
70.8958025632094
70.8958025632094
70.8958025632094
70.8958025632094
70.8958025632094
70.8958025632094
157.859438573888
70.8958025632094
70.8958025632094
70.8958025632094
70.8958025632094
124.412833704029
70.8958025632094
70.8958025632094
70.8958025632094
70.8958025632094
70.8958025632094
154.549170094608
70.8958025632094
70.8958025632094
70.8958025632094
70.8958025632094
70.8958025632094
70.8958025632094
70.8958025632094
70.8958025632094
70.8958025632094
70.8958025632094
70.8958025632094
70.8958025632094
70.8958025632094
70.8958025632094
70.8958025632094
70.8958025632094
70.8958025632094
70.8958025632094
70.8958025632094
70.8958025632094
70.8958025632094
70.8958025632094
70.8958025632094
70.8958025632094
70.8958025632094
70.8958025632094
70.8958025632094
70.8958025632094
70.8958025632094
70.8958025632094
70.8958025632094
70.8958025632094
70.8958025632094
70.8958025632094
70.8958025632094
70.8958025632094
70.8958025632094
70.8958025632094
70.8958025632094
70.8958025632094
70.8958025632094
70.8958025632094
134.956208119644
70.8958025632094
70.8958025632094
142.466709785243
62.0578408193479
168.724493939148
70.8958025632094
144.56229730698
70.8958025632094
70.8958025632094
70.8958025632094
63.8886011463762
70.8958025632094
70.8958025632094
70.8958025632094
70.8958025632094
70.8958025632094
70.8958025632094
70.8958025632094
70.8958025632094
70.8958025632094
70.8958025632094
156.71286735599
70.8958025632094
70.8958025632094
70.8958025632094
70.8958025632094
70.8958025632094
70.8958025632094
70.8958025632094
51.5484878212329
70.8958025632094
70.8958025632094
70.8958025632094
171.347351820485
70.8958025632094
192.291362758184
98.5523427399062
110.398901334617
70.8958025632094
88.7078673791884
70.8958025632094
70.8958025632094
70.8958025632094
70.8958025632094
70.8958025632094
70.8958025632094
41.1383513832065
70.8958025632094
149.200779898085
70.8958025632094
44.6378418863546
60.9389197956572
103.444400062807
36.4145125355498
92.521537312853
59.7554350914036
55.1272425066333
6.97023235626663
74.0004919485955
51.9063162823365
17.4272608576881
40.3389294960644
70.8958025632094
35.0338539844835
46.6439354096674
83.0403240311445
39.4968565546774
40.8262142199366
29.705645976405
27.0982073466293
96.0680862292391
70.8958025632094
39.9061226077518
75.4648374668366
43.3309102758106
18.4700196890561
23.4572308895105
7.52855065905771
33.4419673265673
43.6957256544446
34.0840673528247
56.4034189785503
23.2003453515126
28.0366154576964
59.640552591417
96.1964731574155
59.9995889448028
150.191017419373
68.181123424783
37.750990325781
45.8067671424078
30.930717768288
57.9458298644113
34.4894487718902
62.2561708612791
134.288230573576
47.8677290991045
40.0824866221159
70.8958025632094
48.3271627196981
50.7786105801672
27.6927310642391
34.5738427360553
30.645162446259
70.8958025632094
83.1885316635493
106.092408534723
90.351369517249
112.520471025657
43.7714943180379
28.6355698792251
43.4738310381033
33.5469106581298
70.8958025632094
20.9053185288966
70.8958025632094
70.8958025632094
60.2731615813802
55.7610800599813
41.5316049484008
32.0537501936692
42.1949196947895
27.4417685818133
70.8958025632094
80.4900200091875
34.6520708667807
70.8958025632094
5.7002224111557
21.1978552760633
44.7676622895077
70.8867444548905
71.4314444582133
52.2207478467043
35.0994572886399
36.6220488257434
102.029326026883
18.6647228223428
84.5895238771696
8.937922706604
33.686336243964
26.8562364525454
80.8151284515953
51.5491506713837
70.8958025632094
70.8958025632094
70.8958025632094
70.8958025632094
70.8958025632094
70.8958025632094
70.8958025632094
70.8958025632094
70.8958025632094
70.8958025632094
70.8958025632094
70.8958025632094
70.8958025632094
70.8958025632094
70.8958025632094
70.8958025632094
70.8958025632094
70.8958025632094
70.8958025632094
70.8958025632094
70.8958025632094
70.8958025632094
70.8958025632094
70.8958025632094
70.8958025632094
70.8958025632094
70.8958025632094
70.8958025632094
70.8958025632094
70.8958025632094
70.8958025632094
70.8958025632094
70.8958025632094
70.8958025632094
70.8958025632094
70.8958025632094
70.8958025632094
70.8958025632094
70.8958025632094
70.8958025632094
70.8958025632094
70.8958025632094
70.8958025632094
70.8958025632094
70.8958025632094
70.8958025632094
70.8958025632094
70.8958025632094
70.8958025632094
70.8958025632094
19.6913584703869
70.8958025632094
70.8958025632094
49.625450585234
34.9373951183955
70.8958025632094
11.7873272418976
70.8958025632094
29.632302163442
34.816124366856
70.8958025632094
24.8160382001641
70.8958025632094
70.8958025632094
70.8958025632094
70.8958025632094
70.8958025632094
70.8958025632094
33.6613109569595
70.8958025632094
33.2115776171321
70.8958025632094
70.8958025632094
70.8958025632094
70.8958025632094
70.8958025632094
70.8958025632094
70.8958025632094
70.8958025632094
26.2414681830975
70.8958025632094
70.8958025632094
70.8958025632094
70.8958025632094
70.8958025632094
70.8958025632094
70.8958025632094
70.8958025632094
70.8958025632094
70.8958025632094
70.8958025632094
70.8958025632094
70.8958025632094
70.8958025632094
70.8958025632094
70.8958025632094
70.8958025632094
70.8958025632094
70.8958025632094
70.8958025632094
70.8958025632094
70.8958025632094
70.8958025632094
70.8958025632094
70.8958025632094
70.8958025632094
70.8958025632094
70.8958025632094
70.8958025632094
70.8958025632094
70.8958025632094
70.8958025632094
70.8958025632094
70.8958025632094
70.8958025632094
70.8958025632094
70.8958025632094
70.8958025632094
70.8958025632094
70.8958025632094
70.8958025632094
70.8958025632094
70.8958025632094
70.8958025632094
70.8958025632094
70.8958025632094
70.8958025632094
70.8958025632094
70.8958025632094
70.8958025632094
70.8958025632094
70.8958025632094
70.8958025632094
70.8958025632094
70.8958025632094
70.8958025632094
70.8958025632094
70.8958025632094
70.8958025632094
70.8958025632094
70.8958025632094
70.8958025632094
70.8958025632094
70.8958025632094
70.8958025632094
70.8958025632094
70.8958025632094
70.8958025632094
70.8958025632094
70.8958025632094
70.8958025632094
70.8958025632094
70.8958025632094
70.8958025632094
70.8958025632094
70.8958025632094
70.8958025632094
70.8958025632094
70.8958025632094
70.8958025632094
70.8958025632094
70.8958025632094
70.8958025632094
70.8958025632094
70.8958025632094
70.8958025632094
70.8958025632094
70.8958025632094
70.8958025632094
70.8958025632094
70.8958025632094
70.8958025632094
70.8958025632094
70.8958025632094
70.8958025632094
70.8958025632094
70.8958025632094
70.8958025632094
70.8958025632094
70.8958025632094
70.8958025632094
70.8958025632094
70.8958025632094
70.8958025632094
70.8958025632094
70.8958025632094
70.8958025632094
70.8958025632094
70.8958025632094
70.8958025632094
70.8958025632094
70.8958025632094
70.8958025632094
70.8958025632094
70.8958025632094
70.8958025632094
70.8958025632094
70.8958025632094
70.8958025632094
70.8958025632094
70.8958025632094
70.8958025632094
70.8958025632094
70.8958025632094
70.8958025632094
70.8958025632094
70.8958025632094
70.8958025632094
70.8958025632094
70.8958025632094
70.8958025632094
70.8958025632094
70.8958025632094
70.8958025632094
70.8958025632094
70.8958025632094
70.8958025632094
70.8958025632094
70.8958025632094
70.8958025632094
70.8958025632094
70.8958025632094
70.8958025632094
70.8958025632094
70.8958025632094
70.8958025632094
70.8958025632094
70.8958025632094
70.8958025632094
70.8958025632094
70.8958025632094
70.8958025632094
70.8958025632094
70.8958025632094
70.8958025632094
70.8958025632094
70.8958025632094
70.8958025632094
70.8958025632094
70.8958025632094
70.8958025632094
70.8958025632094
70.8958025632094
183.807568062473
70.8958025632094
33.497528736845
253.360114535677
50.1601099498858
136.067569535921
72.1756687531171
39.4703639154328
70.8958025632094
70.8958025632094
70.8958025632094
87.9673871840733
212.744013776833
70.8958025632094
28.0788391287751
70.8958025632094
191.462739997849
70.8958025632094
135.798453283551
70.8958025632094
218.863627544052
19.909475721048
70.8958025632094
20.6539237328143
63.1543213373456
70.8958025632094
216.151481668204
93.1920064215188
196.100341457483
126.478163572181
83.0217177420335
70.8958025632094
162.09836780697
70.8958025632094
40.610846615169
70.8958025632094
70.8958025632094
55.3908586002599
70.8958025632094
42.2291641766538
70.8958025632094
54.5108732593869
68.8456565555702
188.537399932113
245.994221843042
70.8958025632094
22.1744771402049
30.5984861753164
70.8958025632094
70.8958025632094
68.422612674557
25.8532909297445
118.830185138181
70.8958025632094
70.8958025632094
70.8958025632094
70.8958025632094
70.8958025632094
70.8958025632094
70.8958025632094
70.8958025632094
70.8958025632094
70.8958025632094
70.8958025632094
70.8958025632094
70.8958025632094
70.8958025632094
70.8958025632094
70.8958025632094
70.8958025632094
70.8958025632094
70.8958025632094
70.8958025632094
70.8958025632094
70.8958025632094
70.8958025632094
70.8958025632094
70.8958025632094
70.8958025632094
70.8958025632094
70.8958025632094
70.8958025632094
70.8958025632094
70.8958025632094
70.8958025632094
70.8958025632094
70.8958025632094
70.8958025632094
70.8958025632094
70.8958025632094
70.8958025632094
70.8958025632094
70.8958025632094
70.8958025632094
70.8958025632094
70.8958025632094
70.8958025632094
70.8958025632094
70.8958025632094
70.8958025632094
70.8958025632094
70.8958025632094
70.8958025632094
70.8958025632094
70.8958025632094
70.8958025632094
70.8958025632094
70.8958025632094
70.8958025632094
70.8958025632094
70.8958025632094
70.8958025632094
70.8958025632094
70.8958025632094
70.8958025632094
70.8958025632094
70.8958025632094
70.8958025632094
70.8958025632094
70.8958025632094
70.8958025632094
70.8958025632094
70.8958025632094
70.8958025632094
70.8958025632094
70.8958025632094
70.8958025632094
70.8958025632094
70.8958025632094
70.8958025632094
70.8958025632094
70.8958025632094
70.8958025632094
70.8958025632094
70.8958025632094
70.8958025632094
70.8958025632094
70.8958025632094
70.8958025632094
70.8958025632094
70.8958025632094
70.8958025632094
70.8958025632094
70.8958025632094
37.1893423700376
16.0341041117244
70.8958025632094
70.8958025632094
70.8958025632094
70.8958025632094
70.8958025632094
70.8958025632094
70.8958025632094
34.3297306838744
70.8958025632094
70.8958025632094
70.8958025632094
70.8958025632094
70.8958025632094
70.8958025632094
70.8958025632094
70.8958025632094
9.53047441819819
28.7267451048568
70.8958025632094
70.8958025632094
70.8958025632094
70.8958025632094
70.8958025632094
70.8958025632094
14.8865279112019
70.8958025632094
70.8958025632094
70.8958025632094
70.8958025632094
70.8958025632094
70.8958025632094
70.8958025632094
70.8958025632094
70.8958025632094
70.8958025632094
70.8958025632094
70.8958025632094
70.8958025632094
70.8958025632094
70.8958025632094
70.8958025632094
70.8958025632094
70.8958025632094
70.8958025632094
70.8958025632094
70.8958025632094
70.8958025632094
70.8958025632094
70.8958025632094
70.8958025632094
70.8958025632094
70.8958025632094
70.8958025632094
70.8958025632094
70.8958025632094
70.8958025632094
70.8958025632094
70.8958025632094
70.8958025632094
18.3153469095004
70.8958025632094
70.8958025632094
70.8958025632094
70.8958025632094
61.2531109782304
70.8958025632094
70.8958025632094
70.8958025632094
70.8958025632094
70.8958025632094
70.8958025632094
22.5489618513859
74.2588525524999
70.8958025632094
70.8958025632094
70.8958025632094
70.8958025632094
70.8958025632094
70.8958025632094
70.8958025632094
70.8958025632094
70.8958025632094
735.057411721275
103.582363983017
70.8958025632094
161.13208698925
70.8958025632094
48.6132393936713
70.8958025632094
70.8958025632094
70.8958025632094
70.8958025632094
70.8958025632094
70.8958025632094
70.8958025632094
70.8958025632094
740.830857467923
70.8958025632094
70.8958025632094
802.077638964075
70.8958025632094
614.163122213875
303.789156476008
312.153595093167
281.106046302809
70.8958025632094
77.2313868363959
70.8958025632094
70.8958025632094
70.8958025632094
70.8958025632094
70.8958025632094
70.8958025632094
70.8958025632094
70.8958025632094
70.8958025632094
70.8958025632094
70.8958025632094
70.8958025632094
70.8958025632094
70.8958025632094
70.8958025632094
70.8958025632094
70.8958025632094
70.8958025632094
70.8958025632094
70.8958025632094
70.8958025632094
70.8958025632094
70.8958025632094
70.8958025632094
70.8958025632094
70.8958025632094
70.8958025632094
70.8958025632094
70.8958025632094
70.8958025632094
70.8958025632094
70.8958025632094
70.8958025632094
70.8958025632094
70.8958025632094
70.8958025632094
70.8958025632094
70.8958025632094
70.8958025632094
70.8958025632094
70.8958025632094
70.8958025632094
70.8958025632094
70.8958025632094
70.8958025632094
70.8958025632094
70.8958025632094
70.8958025632094
70.8958025632094
70.8958025632094
70.8958025632094
70.8958025632094
70.8958025632094
70.8958025632094
70.8958025632094
70.8958025632094
70.8958025632094
70.8958025632094
70.8958025632094
70.8958025632094
70.8958025632094
70.8958025632094
70.8958025632094
70.8958025632094
70.8958025632094
70.8958025632094
70.8958025632094
70.8958025632094
70.8958025632094
70.8958025632094
70.8958025632094
70.8958025632094
70.8958025632094
70.8958025632094
70.8958025632094
70.8958025632094
70.8958025632094
70.8958025632094
70.8958025632094
70.8958025632094
70.8958025632094
70.8958025632094
70.8958025632094
70.8958025632094
70.8958025632094
70.8958025632094
70.8958025632094
70.8958025632094
70.8958025632094
70.8958025632094
70.8958025632094
70.8958025632094
70.8958025632094
70.8958025632094
70.8958025632094
70.8958025632094
70.8958025632094
70.8958025632094
70.8958025632094
70.8958025632094
70.8958025632094
70.8958025632094
70.8958025632094
70.8958025632094
70.8958025632094
70.8958025632094
70.8958025632094
70.8958025632094
70.8958025632094
70.8958025632094
70.8958025632094
70.8958025632094
70.8958025632094
70.8958025632094
70.8958025632094
70.8958025632094
70.8958025632094
70.8958025632094
70.8958025632094
70.8958025632094
70.8958025632094
67.313057251583
70.8958025632094
70.8958025632094
70.8958025632094
70.8958025632094
70.8958025632094
70.8958025632094
70.8958025632094
70.8958025632094
70.8958025632094
70.8958025632094
70.8958025632094
51.9302165161403
70.8958025632094
70.8958025632094
70.8958025632094
70.8958025632094
30.4202657243369
70.8958025632094
70.8958025632094
70.8958025632094
70.8958025632094
70.8958025632094
8.39525917139294
70.8958025632094
70.8958025632094
70.8958025632094
70.8958025632094
70.9048606715283
70.8958025632094
70.8958025632094
70.8958025632094
25.2546998003047
70.8958025632094
70.8958025632094
70.8958025632094
70.8958025632094
70.8958025632094
70.8958025632094
70.8958025632094
70.8958025632094
70.8958025632094
70.8958025632094
27.4182622586366
11.0351263107023
70.8958025632094
70.8958025632094
70.8958025632094
70.8958025632094
71.1201120247193
70.8958025632094
70.8958025632094
70.8958025632094
41.4090331361931
70.8958025632094
70.8958025632094
70.8958025632094
30.9830305652513
14.2022281668133
70.8958025632094
70.8958025632094
70.8958025632094
70.8958025632094
26.6431382643889
70.8958025632094
70.8958025632094
70.8958025632094
70.8958025632094
70.8958025632094
70.8958025632094
70.8958025632094
70.8958025632094
70.8958025632094
70.8958025632094
70.8958025632094
70.8958025632094
70.8958025632094
70.8958025632094
70.8958025632094
70.8958025632094
187.597524043434
70.8958025632094
70.8958025632094
70.8958025632094
70.8958025632094
70.8958025632094
212.174771912879
213.361709381427
70.8958025632094
70.8958025632094
198.516025672583
70.8958025632094
70.8958025632094
70.8958025632094
70.8958025632094
70.8958025632094
70.8958025632094
70.8958025632094
70.8958025632094
70.8958025632094
70.8958025632094
202.10945805287
70.8958025632094
131.393093893207
70.8958025632094
70.8958025632094
70.8958025632094
70.8958025632094
70.8958025632094
70.8958025632094
70.8958025632094
217.314833162809
202.368027692551
70.8958025632094
70.8958025632094
70.8958025632094
70.8958025632094
70.8958025632094
70.8958025632094
70.8958025632094
70.8958025632094
70.8958025632094
70.8958025632094
70.8958025632094
70.8958025632094
70.8958025632094
70.8958025632094
70.8958025632094
70.8958025632094
202.406328930124
70.8958025632094
70.8958025632094
70.8958025632094
70.8958025632094
70.8958025632094
70.8958025632094
70.8958025632094
70.8958025632094
70.8958025632094
70.8958025632094
70.8958025632094
70.8958025632094
279.256283258083
70.8958025632094
70.8958025632094
70.8958025632094
70.8958025632094
377.838406409704
70.8958025632094
70.8958025632094
70.8958025632094
70.8958025632094
70.8958025632094
70.8958025632094
70.8958025632094
173.42233360872
70.8958025632094
70.8958025632094
70.8958025632094
70.8958025632094
17.2835399238071
70.8958025632094
70.8958025632094
70.8958025632094
36.2209713272851
70.8958025632094
70.8958025632094
28.0232176182394
70.8958025632094
70.8958025632094
70.8958025632094
70.8958025632094
70.8958025632094
70.8958025632094
70.8958025632094
19.5920614817133
70.8958025632094
70.8958025632094
70.8958025632094
70.8958025632094
70.8958025632094
29.1055645199937
70.8958025632094
70.8958025632094
70.8958025632094
70.8958025632094
70.8958025632094
70.8958025632094
70.8958025632094
70.8958025632094
70.8958025632094
68.2948929399689
198.680366509744
50.4989583369173
70.8958025632094
70.8958025632094
70.8958025632094
70.8958025632094
30.9969947922467
70.8958025632094
70.8958025632094
70.8958025632094
20.0031392616449
70.8958025632094
70.8958025632094
70.8958025632094
70.8958025632094
70.8958025632094
70.8958025632094
70.8958025632094
70.8958025632094
70.8958025632094
48.3734779688646
70.8958025632094
58.9823057405845
70.8958025632094
23.2185673720433
44.9331040616521
70.8958025632094
70.8958025632094
70.8958025632094
46.3069701140932
70.8958025632094
28.5052899274763
70.8958025632094
70.8958025632094
13.7417059285091
70.8958025632094
70.8958025632094
70.8958025632094
70.8958025632094
70.8958025632094
70.8958025632094
70.8958025632094
70.8958025632094
46.8161807140118
70.8958025632094
70.8958025632094
70.8958025632094
70.8958025632094
70.8958025632094
23.1636314045789
70.8958025632094
17.6617511019869
70.8958025632094
16.7078353915561
70.8958025632094
70.8958025632094
54.72400628224
70.8958025632094
70.8958025632094
70.8958025632094
70.8958025632094
41.4860669577722
14.2749008846283
70.8958025632094
74.6363035018575
70.8958025632094
70.8958025632094
70.8958025632094
70.8958025632094
68.4187795115462
70.8958025632094
70.8958025632094
47.7012028374117
70.8958025632094
70.8958025632094
70.8958025632094
26.9947523546583
70.8958025632094
70.8958025632094
70.8958025632094
19.1849868773993
70.8958025632094
70.8958025632094
45.987666468902
70.8958025632094
70.8958025632094
70.8958025632094
70.8958025632094
70.8958025632094
70.8958025632094
70.8958025632094
70.8958025632094
70.8958025632094
70.8958025632094
70.8958025632094
70.8958025632094
70.8958025632094
70.8958025632094
70.8958025632094
70.8958025632094
70.8958025632094
70.8958025632094
70.8958025632094
70.8958025632094
70.8958025632094
70.8958025632094
35.3987741230779
70.8958025632094
70.8958025632094
70.8958025632094
70.8958025632094
70.8958025632094
70.8958025632094
70.8958025632094
59.1206490590653
70.8958025632094
70.8958025632094
70.8958025632094
30.9004761606968
22.4336233704929
70.8958025632094
70.8958025632094
70.8958025632094
70.8958025632094
70.8958025632094
22.8386989353565
70.8958025632094
70.8958025632094
70.8958025632094
70.8958025632094
70.8958025632094
18.3434844297635
70.8958025632094
70.8958025632094
70.8958025632094
70.8958025632094
70.8958025632094
57.3231620766878
70.8958025632094
47.0924271425708
70.8958025632094
70.8958025632094
70.8958025632094
70.8958025632094
70.8958025632094
76.3477404076528
39.4276467115594
70.8958025632094
70.8958025632094
70.8958025632094
70.8958025632094
54.6865611600335
70.8958025632094
70.8958025632094
48.8990952161498
70.8958025632094
70.8958025632094
35.848222051444
70.8958025632094
70.8958025632094
70.8958025632094
70.8958025632094
70.8958025632094
72.8635527701101
70.8958025632094
70.8958025632094
70.8958025632094
70.8958025632094
70.8958025632094
70.8958025632094
70.8958025632094
70.8958025632094
70.8958025632094
70.8958025632094
70.8958025632094
70.8958025632094
70.8958025632094
68.5884598990085
70.8958025632094
70.8958025632094
70.8958025632094
70.8958025632094
70.8958025632094
70.8958025632094
70.8958025632094
35.2117868944826
70.8958025632094
70.8958025632094
70.8958025632094
25.1562968215297
70.8958025632094
70.8958025632094
70.8958025632094
70.8958025632094
70.8958025632094
70.8958025632094
70.8958025632094
70.8958025632094
70.8958025632094
70.8958025632094
70.8958025632094
70.8958025632094
70.8958025632094
70.8958025632094
70.8958025632094
70.8958025632094
70.8958025632094
70.8958025632094
39.0358501729978
70.8958025632094
70.8958025632094
70.8958025632094
70.8958025632094
70.8958025632094
17.1780767021179
70.8958025632094
70.8958025632094
23.5513654772625
70.8958025632094
70.8958025632094
70.8958025632094
70.8958025632094
70.8958025632094
70.8958025632094
70.8958025632094
70.8958025632094
70.8958025632094
70.8958025632094
70.8958025632094
70.8958025632094
70.8958025632094
70.8958025632094
70.8958025632094
70.8958025632094
70.8958025632094
70.8958025632094
70.8958025632094
70.8958025632094
70.8958025632094
70.8958025632094
70.8958025632094
70.8958025632094
70.8958025632094
70.8958025632094
70.8958025632094
70.8958025632094
70.8958025632094
70.8958025632094
70.8958025632094
70.8958025632094
70.8958025632094
70.8958025632094
70.8958025632094
70.8958025632094
70.8958025632094
70.8958025632094
70.8958025632094
70.8958025632094
70.8958025632094
70.8958025632094
70.8958025632094
70.8958025632094
70.8958025632094
70.8958025632094
70.8958025632094
70.8958025632094
70.8958025632094
70.8958025632094
70.8958025632094
70.8958025632094
70.8958025632094
70.8958025632094
70.8958025632094
70.8958025632094
70.8958025632094
70.8958025632094
70.8958025632094
70.8958025632094
70.8958025632094
70.8958025632094
70.8958025632094
70.8958025632094
70.8958025632094
70.8958025632094
70.8958025632094
70.8958025632094
70.8958025632094
70.8958025632094
70.8958025632094
70.8958025632094
70.8958025632094
70.8958025632094
70.8958025632094
70.8958025632094
70.8958025632094
70.8958025632094
70.8958025632094
70.8958025632094
70.8958025632094
70.8958025632094
70.8958025632094
70.8958025632094
70.8958025632094
70.8958025632094
70.8958025632094
70.8958025632094
70.8958025632094
70.8958025632094
70.8958025632094
70.8958025632094
70.8958025632094
70.8958025632094
70.8958025632094
70.8958025632094
70.8958025632094
70.8958025632094
70.8958025632094
70.8958025632094
70.8958025632094
70.8958025632094
70.8958025632094
70.8958025632094
70.8958025632094
70.8958025632094
70.8958025632094
70.8958025632094
70.8958025632094
70.8958025632094
70.8958025632094
70.8958025632094
70.8958025632094
70.8958025632094
70.8958025632094
70.8958025632094
70.8958025632094
70.8958025632094
70.8958025632094
70.8958025632094
70.8958025632094
70.8958025632094
70.8958025632094
70.8958025632094
70.8958025632094
70.8958025632094
70.8958025632094
70.8958025632094
70.8958025632094
70.8958025632094
70.8958025632094
70.8958025632094
70.8958025632094
70.8958025632094
70.8958025632094
70.8958025632094
70.8958025632094
70.8958025632094
70.8958025632094
70.8958025632094
70.8958025632094
70.8958025632094
70.8958025632094
70.8958025632094
70.8958025632094
70.8958025632094
70.8958025632094
70.8958025632094
70.8958025632094
70.8958025632094
70.8958025632094
70.8958025632094
70.8958025632094
70.8958025632094
70.8958025632094
70.8958025632094
70.8958025632094
70.8958025632094
70.8958025632094
70.8958025632094
70.8958025632094
70.8958025632094
70.8958025632094
70.8958025632094
70.8958025632094
70.8958025632094
70.8958025632094
70.8958025632094
70.8958025632094
70.8958025632094
70.8958025632094
70.8958025632094
70.8958025632094
70.8958025632094
70.8958025632094
70.8958025632094
70.8958025632094
70.8958025632094
70.8958025632094
70.8958025632094
70.8958025632094
1150.81745172956
390.262751858481
2245.01981636837
167.044290411018
70.8958025632094
70.8958025632094
578.795047798155
70.8958025632094
238.532946798231
25.1667630786465
1684.86835664834
554.852479795913
981.314670934075
70.8958025632094
70.8958025632094
70.8958025632094
78.2463132668612
70.8958025632094
510.41686750642
808.682242011779
70.8958025632094
402.45563646749
70.8958025632094
73.2767497649552
70.8958025632094
70.8958025632094
136.98420754913
70.8958025632094
70.8958025632094
112.344960750008
70.8958025632094
103.448101384334
47.9918329031543
70.8958025632094
70.8958025632094
985.82110964018
70.8958025632094
497.642244771728
827.96898821402
70.8958025632094
70.8958025632094
70.8958025632094
70.8958025632094
70.8958025632094
70.8958025632094
70.8958025632094
70.8958025632094
70.8958025632094
70.8958025632094
70.8958025632094
70.8958025632094
70.8958025632094
70.8958025632094
70.8958025632094
70.8958025632094
70.8958025632094
70.8958025632094
70.8958025632094
70.8958025632094
70.8958025632094
70.8958025632094
70.8958025632094
70.8958025632094
70.8958025632094
70.8958025632094
70.8958025632094
70.8958025632094
70.8958025632094
70.8958025632094
70.8958025632094
70.8958025632094
70.8958025632094
70.8958025632094
70.8958025632094
70.8958025632094
70.8958025632094
70.8958025632094
70.8958025632094
70.8958025632094
70.8958025632094
70.8958025632094
70.8958025632094
70.8958025632094
70.8958025632094
70.8958025632094
70.8958025632094
70.8958025632094
70.8958025632094
70.8958025632094
70.8958025632094
70.8958025632094
70.8958025632094
70.8958025632094
70.8958025632094
70.8958025632094
70.8958025632094
70.8958025632094
70.8958025632094
70.8958025632094
70.8958025632094
70.8958025632094
70.8958025632094
70.8958025632094
70.8958025632094
70.8958025632094
70.8958025632094
70.8958025632094
70.8958025632094
70.8958025632094
70.8958025632094
70.8958025632094
70.8958025632094
70.8958025632094
70.8958025632094
70.8958025632094
70.8958025632094
70.8958025632094
70.8958025632094
70.8958025632094
70.8958025632094
70.8958025632094
70.8958025632094
70.8958025632094
70.8958025632094
70.8958025632094
70.8958025632094
70.8958025632094
70.8958025632094
70.8958025632094
70.8958025632094
70.8958025632094
70.8958025632094
70.8958025632094
70.8958025632094
70.8958025632094
70.8958025632094
70.8958025632094
70.8958025632094
70.8958025632094
70.8958025632094
70.8958025632094
70.8958025632094
70.8958025632094
70.8958025632094
70.8958025632094
70.8958025632094
70.8958025632094
70.8958025632094
70.8958025632094
70.8958025632094
70.8958025632094
70.8958025632094
70.8958025632094
70.8958025632094
70.8958025632094
70.8958025632094
70.8958025632094
70.8958025632094
70.8958025632094
70.8958025632094
70.8958025632094
70.8958025632094
70.8958025632094
70.8958025632094
70.8958025632094
70.8958025632094
13.0086015069807
70.8958025632094
70.8958025632094
70.8958025632094
8.858136895759
70.8958025632094
70.8958025632094
34.5758717541413
70.8958025632094
70.8958025632094
54.613841962388
70.8958025632094
70.8958025632094
32.9918187592668
70.8958025632094
34.4389707643317
70.8958025632094
70.8958025632094
70.8958025632094
70.8958025632094
70.8958025632094
70.8958025632094
70.8958025632094
