0.1
0.1
0.1
0.1
0.1
0.1
0.1
0.1
0.1
0.1
0.1
0.000530880927183823
0.000381597946353349
0.1
0.1
0.1
0.1
0.1
0.1
0.1
0.1
0.1
0.1
0.1
0.1
0.1
0.1
0.1
0.1
0.1
0.1
0.1
0.1
0.1
0.1
0.1
0.1
0.1
0.1
0.1
0.1
0.1
0.1
0.1
0.1
0.1
0.1
0.1
0.1
0.00044405631490584
0.1
0.1
0.1
0.1
0.1
0.1
0.1
0.1
0.1
0.1
0.1
0.1
0.1
0.1
0.000441274906209982
0.000270682057148361
0.1
0.1
0.1
0.1
0.1
0.1
0.1
0.1
0.1
0.1
0.1
0.1
0.1
0.1
0.1
0.1
0.0031140363413196
0.000930538909884716
0.1
0.1
0.1
0.000742437316410927
0.000554981849141494
0.1
0.000948410557875572
7.82724777984045e-05
0.1
0.1
0.000990515532578445
0.000424450373060866
0.1
0.00496031861257623
0.1
0.00566327246262153
0.00461867440401807
0.00052647449918758
0.00110934373437475
0.000985234481975533
0.1
0.1
0.1
0.1
0.0030600633655035
0.1
0.000203519642695574
0.000146916420263252
0.1
0.1
0.1
0.1
0.000910847670764134
0.1
0.000136002979421636
0.1
0.000621314833156109
0.00109381159752576
0.1
0.1
0.000748033528931806
0.1
0.1
0.000154778979472434
0.00307380725073623
0.00269653303092285
0.1
9.67146666274034e-05
0.1
0.000173322322220034
0.1
0.000880863282863077
0.1
0.00545402657253105
0.1
0.1
0.00356137334853231
0.000258783946340997
0.1
0.00129273238933977
0.000222506729314855
0.1
0.1
0.1
0.1
0.1
0.1
0.000660100621409022
0.1
0.1
0.1
0.00474998519659215
0.1
0.000919816689019486
0.1
0.000877870018065138
0.000882691173358837
0.000884620290662673
0.000932430449489396
0.000925389952958805
0.1
0.1
0.000860522094994774
0.000919265266889729
0.1
0.1
0.1
0.000844592960334832
0.000857873975660482
0.1
0.1
0.1
0.000907824682785862
0.1
0.000923843416894238
0.1
0.000912098311641996
0.1
0.1
0.1
0.1
0.1
0.1
0.000884077751043798
0.1
0.1
0.000900001870912771
0.000918857319436809
0.1
0.1
0.1
0.000889933628599571
0.1
0.1
0.1
0.1
0.1
0.000838928417609681
0.1
0.1
0.00094615877484643
0.1
0.00089701105670232
0.00090144603877634
0.000863675091139644
0.1
0.000878619258411984
0.000890458357344838
0.1
0.000939555594152206
0.0008720611216664
0.1
0.1
0.1
0.1
0.164516269310724
0.174999997019768
0.1
0.1
0.169411269089735
0.1
0.1
0.1
0.1
0.1
0.1
0.1
0.1
0.1
0.1
0.174999997019768
0.1
0.1
0.1
0.1
0.1
0.1
0.1
0.1
0.1
0.1
0.142454307047801
0.179450858507318
0.1
0.1
0.075000002980232
0.125
0.183906996925487
0.135017085196637
0.1
0.1
0.1
0.1
0.1
0.1
0.1
0.1
0.1
0.169386750090801
0.1
0.13174157154607
0.1
0.1
0.1
0.1
0.1
0.1
0.1
0.149665248232095
0.1
0.1
0.171371511708718
0.076519435742877
0.16739662091314
0.1
0.1
0.1
0.1
0.1
0.1
0.1
0.1
0.1
0.1
0.1
0.1
0.1
0.1
0.1
0.1
0.1
0.1
0.1
0.1
0.1
0.1
0.1
0.1
0.1
0.1
0.1
0.1
0.1
0.1
0.1
0.1
0.1
0.1
0.1
0.1
0.1
0.1
0.1
0.1
0.1
0.1
0.1
0.1
0.1
0.1
0.1
0.1
0.1
0.1
0.1
0.1
0.1
0.1
0.1
0.1
0.1
0.1
0.1
0.1
0.1
0.1
0.1
0.1
0.1
0.1
0.1
0.1
0.1
0.1
0.1
0.1
0.1
0.1
0.1
0.1
0.1
0.1
0.1
0.1
0.1
0.1
0.1
0.1
0.1
0.1
0.1
0.1
0.1
0.1
0.1
0.1
0.1
0.1
0.1
0.1
0.1
0.1
0.1
0.1
0.1
0.1
0.1
0.1
0.1
0.1
0.1
0.1
0.1
0.1
0.1
0.1
0.1
0.1
0.1
0.1
0.1
0.1
0.1
0.1
0.1
0.1
0.1
0.1
0.1
0.1
0.1
0.1
0.1
0.1
0.1
0.1
0.1
0.1
0.1
0.1
0.1
0.1
0.1
0.1
0.1
0.1
0.1
0.1
0.1
0.1
0.1
0.1
0.1
0.1
0.1
0.1
0.1
0.1
0.1
0.1
0.1
0.1
0.1
0.1
0.1
0.1
0.1
0.1
0.1
0.1
0.1
0.1
0.1
0.1
0.1
0.1
0.1
0.1
0.1
0.1
0.1
0.1
0.1
0.1
0.1
0.1
0.1
0.1
0.1
0.1
0.1
0.1
0.1
0.1
0.1
0.1
0.1
0.1
0.1
0.1
0.1
0.1
0.1
0.1
0.1
0.1
0.1
0.1
0.1
0.1
0.1
0.1
0.1
0.1
0.1
0.1
0.1
0.1
0.1
0.1
0.1
0.1
0.1
0.1
0.1
0.1
0.1
0.1
0.1
0.1
0.1
0.1
0.1
0.1
0.1
0.1
0.1
0.1
0.1
0.1
0.1
0.1
0.1
0.1
0.1
0.1
0.1
0.1
0.1
0.1
0.1
0.1
0.1
0.1
0.1
0.1
0.1
0.1
0.1
0.1
0.1
0.1
0.1
0.1
0.1
0.1
0.1
0.1
0.1
0.1
0.1
0.1
0.1
0.1
0.1
0.1
0.1
0.1
0.1
0.1
0.1
0.1
0.1
0.1
0.1
0.1
0.1
0.1
0.1
0.1
0.1
0.1
0.1
0.1
0.1
0.1
0.1
0.1
0.1
0.1
0.1
0.1
0.1
0.1
0.1
0.1
0.1
0.1
0.1
0.1
0.1
0.1
0.1
0.1
0.1
0.1
0.1
0.1
0.1
0.1
0.1
0.1
0.1
0.1
0.1
0.1
0.1
0.1
0.1
0.1
0.1
0.1
0.1
0.1
0.1
0.1
0.1
0.1
0.1
0.1
0.1
0.1
0.1
0.1
0.1
0.1
0.1
0.1
0.1
0.1
0.1
0.1
0.1
0.1
0.1
0.1
0.1
0.1
0.1
0.1
0.1
0.1
0.1
0.1
0.1
0.1
0.1
0.1
0.1
0.1
0.1
0.1
0.1
0.1
0.1
0.1
0.1
0.1
0.1
0.1
0.1
0.1
0.1
0.1
0.1
0.1
0.1
0.1
0.1
0.1
0.1
0.1
0.1
0.1
0.1
0.1
0.1
0.1
0.1
0.1
0.1
0.1
0.1
0.1
0.1
0.1
0.1
0.1
0.1
0.1
0.1
0.1
0.1
0.1
0.1
0.1
0.1
0.1
0.1
0.1
0.1
0.1
0.1
0.1
0.1
0.1
0.1
0.1
0.1
0.1
0.1
0.1
0.1
0.1
0.1
0.1
0.1
0.1
0.1
0.1
0.1
0.1
0.1
0.1
0.1
0.1
0.1
0.1
0.1
0.1
0.1
0.1
0.1
0.1
0.1
0.1
0.1
0.1
0.1
0.1
0.1
0.1
0.1
0.1
0.1
0.1
0.1
0.1
0.1
0.1
0.1
0.1
0.1
0.1
0.1
0.1
0.1
0.1
0.1
0.1
0.1
0.1
0.1
0.1
0.1
0.1
0.1
0.1
0.1
0.1
0.1
0.1
0.1
0.1
0.1
0.1
0.1
0.1
0.1
0.1
0.1
0.1
0.1
0.1
0.1
0.1
0.1
0.1
0.1
0.1
0.1
0.1
0.1
0.1
0.1
0.1
0.1
0.1
0.1
0.1
0.1
0.1
0.1
0.1
0.1
0.1
0.1
0.1
0.1
0.1
0.1
0.1
0.1
0.1
0.1
0.1
0.1
0.1
0.1
0.1
0.1
0.1
0.1
0.1
0.1
0.1
0.1
0.1
0.1
0.1
0.1
0.1
0.1
0.1
0.1
0.1
0.1
0.1
0.1
0.1
0.1
0.1
0.1
0.1
0.1
0.1
0.1
0.1
0.1
0.1
0.1
0.1
0.1
0.1
0.1
0.1
0.1
0.1
0.1
0.1
0.1
0.1
0.167460530947653
0.138485899542561
0.1
0.1
0.1
0.1
0.1
0.1
0.172158791998133
0.17495610030084
0.1
0.1
0.1
0.191408587450331
0.1
0.1
0.166427335020133
0.1
0.1
0.1
0.157332759724636
0.1
0.128064515946373
0.0683000026308
0.162274383617917
0.1542388316648
0.1
0.1
0.121232288359745
0.156976390345874
0.138513512708045
0.193811053650034
0.171338130829786
0.1
0.090779868319664
0.166744545798435
0.176049753024998
0.152197525116869
0.205635311661898
0.1
0.1
0.269318186423995
0.1
0.174660617358342
0.186806700240127
0.179750696861283
0.1
0.155981948807414
0.1
0.1
0.1
0.151331419979071
0.1
0.15310570116189
0.174999997019768
0.1
0.154023282810993
0.1
0.1
0.1
0.1
0.150604757314003
0.1
0.1
0.098527892243525
0.143790003738597
0.1
0.1
0.1
0.133017907528632
0.146285749080852
0.1
0.192921307426984
0.16645912036933
0.169545208457445
0.275000005960464
0.138128336746389
0.1
0.115580605873361
0.070325955886023
0.1
0.1
0.152722904758288
0.181818178728287
0.172807741613296
0.1
0.173306097338597
0.185938925470583
0.125
0.183698027885847
0.154953163213396
0.157185964378978
0.228030297792319
0.17994746939251
0.134612998376429
0.1
0.19091823706089
0.1
0.172381493768314
0.1
0.1
0.1
0.1
0.1
0.1
0.1
0.1
0.1
0.1
0.1
0.1
0.1
0.1
0.1
0.1
0.1
0.1
0.1
0.1
0.1
0.1
0.000577223923137464
0.1
0.1
0.1
0.1
0.1
0.1
0.1
0.1
0.1
0.1
0.1
0.1
0.1
0.1
0.1
0.1
0.1
0.000642778122354054
0.1
0.1
0.1
0.000424692864772077
0.1
0.1
0.1
0.1
0.1
0.1
0.1
0.1
0.1
0.1
0.00059498693447074
0.1
0.1
0.1
0.1
0.1
0.1
0.1
0.1
0.1
0.1
0.1
0.1
0.1
0.1
0.1
0.1
0.1
0.1
0.1
0.1
0.1
0.1
0.1
0.1
0.1
0.1
0.1
0.1
0.1
0.1
0.1
0.1
0.1
0.1
0.1
0.1
0.1
0.1
0.1
0.1
0.1
0.1
0.1
0.1
0.1
0.1
0.1
0.1
0.1
0.1
0.1
0.1
0.1
0.1
0.1
0.1
0.1
0.1
0.1
0.1
0.1
0.1
0.1
0.1
0.1
0.1
0.1
0.1
0.1
0.1
0.1
0.1
0.1
0.000356978488598683
0.000212742458138761
0.000135164926403276
0.1
0.00130779574079311
0.1
0.00155633482353357
0.000666611955916581
0.1
0.1
0.1
0.000998519962497534
0.1
0.1
0.00129835241961711
0.00131020127607368
0.1
0.1
0.000928928777153497
0.1
0.1
0.1
0.1
0.00146171781981127
0.000749667339041879
0.1
0.00141747961528093
0.000863981937835513
0.000718305209972503
0.1
0.000881924702867388
0.1
0.1
0.00121131335534553
0.1
0.000942879456747924
0.1
0.1
0.1
0.1
0.1
0.1
0.1
0.1
0.1
0.1
0.1
0.00167506248148049
0.1
0.000709089799514769
0.1
0.1
0.1
0.000384047645261524
0.1
0.00091602848625686
0.1
0.00123397226525419
0.1
0.1
0.1
0.1
0.1
0.1
0.1
0.1
0.1
0.1
0.1
0.1
0.1
0.1
0.1
0.1
0.1
0.1
0.1
0.1
0.1
0.1
0.1
0.1
0.1
0.1
0.1
0.1
0.1
0.1
0.1
0.1
0.1
0.1
0.1
0.1
0.1
0.1
0.1
0.1
0.1
0.1
0.1
0.1
0.1
0.1
0.1
0.1
0.1
0.1
0.1
0.1
0.1
0.1
0.1
0.1
0.1
0.1
0.1
0.1
0.1
0.1
0.1
0.1
0.1
0.1
0.1
0.1
0.1
0.1
0.1
0.1
0.1
0.1
0.1
0.1
0.1
0.1
0.1
0.1
0.1
0.1
0.1
0.1
0.1
0.1
0.1
0.1
0.1
0.1
0.1
0.1
0.1
0.1
0.1
0.1
0.1
0.1
0.1
0.1
0.1
0.1
0.1
0.1
0.1
0.1
0.1
0.1
0.1
0.1
0.1
0.1
0.1
0.1
0.1
0.1
0.1
0.1
0.1
0.1
0.1
0.1
0.1
0.1
0.1
0.1
0.1
0.1
0.1
0.1
0.1
0.1
0.1
0.1
0.1
0.1
0.1
0.1
0.1
0.1
0.1
0.1
0.1
0.1
0.1
0.1
0.1
0.1
0.1
0.1
0.1
0.1
0.1
0.1
0.1
0.1
0.1
0.1
0.1
0.1
0.1
0.1
0.1
0.1
0.1
0.1
0.1
0.1
0.1
0.1
0.1
0.1
0.1
0.1
0.1
0.1
0.1
0.1
0.1
0.1
0.1
0.1
0.1
0.1
0.1
0.1
0.1
0.1
0.1
0.1
0.1
0.1
0.1
0.1
0.1
0.1
0.1
0.1
0.1
0.1
0.1
0.1
0.1
0.1
0.1
0.1
0.1
0.1
0.1
0.1
0.1
0.1
0.1
0.1
0.1
0.1
0.1
0.1
0.1
0.1
0.1
0.1
0.1
0.1
0.1
0.1
0.1
0.000526181212909703
0.000143467087347332
0.00105499979984634
0.1
0.000425722855187764
0.1
0.000243344951142745
0.00185511333935385
0.000653150576278871
0.1
0.000744858387993348
0.00168961936636491
0.1
0.000992528242002562
0.1
0.1
0.1
0.1
0.000278588800880269
0.1
0.1
0.00150522367077936
0.00335252244533909
0.00568836540926888
0.00119627867424943
0.1
0.1
0.0021231887341107
0.1
0.1
0.00074673273066964
0.1
0.000218972528673788
0.1
0.000459266832852013
0.1
0.00116802348330791
0.1
0.000977441390926071
0.1
0.1
0.00232608842034639
0.1
0.00018270951280646
0.1
0.000286588411955037
0.00042927885780429
0.00118819076538563
0.1
0.1
0.000283476615990761
0.1
0.1
0.1
0.1
0.1
0.000339835964174074
0.00281388153879809
0.00303620042427099
0.00231299189292409
0.00144170785033724
0.00280998392437301
0.1
0.00269243957031509
0.00031102979413065
0.000361848410846155
0.1
0.1
0.000565496954059372
0.1
0.1
0.00173818209912514
0.00135839423930469
0.000518424600588232
0.1
0.1
0.1
0.000237532155798998
0.00290898024322598
0.1
0.1
0.1
0.1
0.1
0.1
0.1
0.1
0.1
0.1
0.1
0.1
0.1
0.1
0.1
0.1
0.1
0.1
0.1
0.1
0.1
0.1
0.1
0.1
0.1
0.1
0.1
0.1
0.1
0.1
0.1
0.1
0.1
0.1
0.000555989317363277
0.1
0.1
0.1
0.1
0.1
0.1
0.1
0.1
0.1
0.1
0.1
0.1
0.1
0.1
0.1
0.1
0.1
0.1
0.1
0.1
0.1
0.1
0.1
0.1
0.1
0.1
0.1
0.1
0.1
0.1
0.1
0.000477288767347244
0.1
0.1
0.1
0.1
0.000410833671572606
0.1
0.1
0.1
0.1
0.1
0.000557320965933405
0.1
0.1
0.1
0.1
0.1
0.1
0.1
0.1
0.1
0.1
0.1
0.1
0.1
0.1
0.1
0.1
0.1
0.1
0.1
0.1
0.1
0.1
0.1
0.1
0.1
0.1
0.1
0.1
0.1
0.1
0.1
0.1
0.1
0.1
0.1
0.1
0.1
0.1
0.1
0.1
0.1
0.1
0.1
0.1
0.1
0.1
0.1
0.1
0.1
0.1
0.1
0.1
0.1
0.1
0.1
0.1
0.1
0.1
0.1
0.1
0.1
0.1
0.1
0.1
0.1
0.1
0.1
0.1
0.1
0.1
0.1
0.1
0.1
0.1
0.1
0.1
0.1
0.1
0.1
0.1
0.1
0.1
0.1
0.1
0.1
0.1
0.1
0.1
0.1
0.1
0.1
0.1
0.1
0.179039017829853
0.1663381367566
0.17273642918048
0.078524314794319
0.15567152904604
0.151392199296589
0.155567742424461
0.171110587692082
0.172918197552851
0.142420791040848
0.110206422900115
0.1560845276528
0.1
0.147982633972314
0.142295697925873
0.151061290789902
0.131000806430025
0.163166972981762
0.137618551179405
0.117012807675797
0.162718211582643
0.1
0.146585821865677
0.155841385313501
0.114503064932507
0.120626477802053
0.171771650755499
0.195488462555683
0.160122359120645
0.179031445424506
0.198278400529392
0.158799348212173
0.177975071220941
0.166224488676811
0.134285593807999
0.15637138809803
0.149410843174823
0.167391569676321
0.140778340885885
0.157360648079892
0.170228030408619
0.178679433244441
0.143925137760369
0.156840160168592
0.156278459525059
0.160944821749312
0.133312384287516
0.195350105558365
0.1
0.188077206933893
0.150770099360491
0.142658295890715
0.133446493107534
0.150429490252359
0.1
0.153847449554921
0.154800370411207
0.146313830315664
0.169347238271907
0.172866977328296
0.150590703415116
0.139827561809061
0.122970639153775
0.1
0.15684594425035
0.1
0.1
0.142675940001021
0.160854614758773
0.153080011717663
0.167853136459207
0.15931738162441
0.147020689360562
0.1
0.171857849986845
0.138543177688365
0.1
0.186538457870483
0.109200646165264
0.152515343969779
0.133498825457533
0.144063713584012
0.146475299416257
0.140861836747384
0.201692135650746
0.157765840500726
0.109000000953674
0.156416002404486
0.206249995157123
0.123371837280764
0.196825468023944
0.151810863593095
0.164956366136623
0.1
0.1
0.1
0.1
0.1
0.1
0.1
0.1
0.1
0.1
0.1
0.1
0.1
0.1
0.1
0.1
0.1
0.1
0.1
0.1
0.1
0.1
0.1
0.1
0.1
0.1
0.1
0.1
0.1
0.1
0.1
0.1
0.1
0.1
0.1
0.1
0.1
0.1
0.1
0.1
0.1
0.1
0.1
0.1
0.1
0.1
0.1
0.1
0.1
0.1
0.125035273366504
0.1
0.1
0.172544532553703
0.174367085665087
0.1
0.125
0.1
0.148706895138683
0.125
0.1
0.13114015699853
0.1
0.1
0.1
0.1
0.1
0.1
0.13542756362682
0.1
0.149079435883744
0.1
0.1
0.1
0.1
0.1
0.1
0.1
0.1
0.143293893698742
0.1
0.1
0.1
0.1
0.1
0.1
0.1
0.1
0.1
0.1
0.1
0.1
0.1
0.1
0.1
0.1
0.1
0.1
0.1
0.1
0.1
0.1
0.1
0.1
0.1
0.1
0.1
0.1
0.1
0.1
0.1
0.1
0.1
0.1
0.1
0.1
0.1
0.1
0.1
0.1
0.1
0.1
0.1
0.1
0.1
0.1
0.1
0.1
0.1
0.1
0.1
0.1
0.1
0.1
0.1
0.1
0.1
0.1
0.1
0.1
0.1
0.1
0.1
0.1
0.1
0.1
0.1
0.1
0.1
0.1
0.1
0.1
0.1
0.1
0.1
0.1
0.1
0.1
0.1
0.1
0.1
0.1
0.1
0.1
0.1
0.1
0.1
0.1
0.1
0.1
0.1
0.1
0.1
0.1
0.1
0.1
0.1
0.1
0.1
0.1
0.1
0.1
0.1
0.1
0.1
0.1
0.1
0.1
0.1
0.1
0.1
0.1
0.1
0.1
0.1
0.1
0.1
0.1
0.1
0.1
0.1
0.1
0.1
0.1
0.1
0.1
0.1
0.1
0.1
0.1
0.1
0.1
0.1
0.1
0.1
0.1
0.1
0.1
0.1
0.1
0.1
0.1
0.1
0.1
0.1
0.1
0.1
0.1
0.1
0.1
0.1
0.1
0.1
0.1
0.1
0.1
0.1
0.1
0.1
0.1
0.1
0.1
0.1
0.1
0.1
0.1
0.1
0.1
0.1
0.1
0.1
0.1
0.1
0.1
0.1
0.1
0.1
0.1
0.1
0.1
0.1
0.1
0.1
0.1
0.1
0.1
0.1
0.1
0.1
0.1
0.1
0.1
0.1
0.1
0.1
0.1
0.1
0.1
0.1
0.1
0.1
0.1
0.1
0.1
0.1
0.1
0.1
0.1
0.1
0.1
0.1
0.1
0.1
0.1
0.1
0.1
0.1
0.1
0.1
0.1
0.1
0.1
0.1
0.1
0.1
0.1
0.1
0.1
0.1
0.1
0.1
0.1
0.1
0.1
0.1
0.1
0.1
0.1
0.1
0.1
0.1
0.1
0.1
0.1
0.1
0.1
0.1
0.1
0.1
0.1
0.1
0.1
0.1
0.1
0.1
0.1
0.1
0.1
0.1
0.1
0.1
0.1
0.1
0.1
0.1
0.1
0.1
0.1
0.1
0.1
0.1
0.1
0.1
0.1
0.1
0.1
0.1
0.1
0.1
0.1
0.1
0.1
0.1
0.1
0.1
0.1
0.1
0.1
0.1
0.1
0.1
0.1
0.1
0.1
0.1
0.1
0.1
0.1
0.1
0.1
0.1
0.1
0.1
0.1
0.1
0.1
0.1
0.190984866265119
0.174999997019768
0.1
0.1
0.1
0.1
0.1
0.1
0.1
0.175601332183359
0.1
0.1
0.1
0.1
0.1
0.1
0.1
0.1
0.183226217609138
0.195739109967885
0.1
0.1
0.1
0.1
0.1
0.1
0.217050581685896
0.1
0.1
0.1
0.1
0.1
0.1
0.1
0.1
0.1
0.1
0.1
0.1
0.1
0.1
0.1
0.1
0.1
0.1
0.1
0.1
0.1
0.1
0.1
0.1
0.1
0.1
0.1
0.1
0.1
0.1
0.1
0.1
0.1
0.1
0.149715000806853
0.1
0.1
0.1
0.1
0.182902928722338
0.1
0.1
0.1
0.1
0.1
0.1
0.193409871305051
0.1
0.1
0.1
0.1
0.1
0.1
0.1
0.1
0.1
0.1
0.1
0.1
0.1
0.1
0.1
0.1
0.1
0.1
0.1
0.1
0.1
0.1
0.1
0.1
0.1
0.1
0.1
0.1
0.1
0.1
0.1
0.1
0.1
0.1
0.1
0.1
0.1
0.1
0.1
0.1
0.1
0.1
0.1
0.1
0.1
0.1
0.1
0.1
0.1
0.1
0.1
0.1
0.1
0.1
0.1
0.1
0.1
0.1
0.1
0.1
0.1
0.1
0.1
0.1
0.1
0.1
0.1
0.1
0.1
0.1
0.1
0.1
0.1
0.1
0.1
0.1
0.1
0.1
0.1
0.1
0.1
0.1
0.1
0.1
0.1
0.1
0.1
0.1
0.1
0.1
0.1
0.1
0.1
0.1
0.1
0.1
0.1
0.1
0.1
0.1
0.1
0.1
0.1
0.1
0.1
0.1
0.1
0.1
0.1
0.1
0.1
0.1
0.1
0.1
0.1
0.1
0.1
0.1
0.1
0.1
0.1
0.1
0.1
0.1
0.1
0.1
0.1
0.1
0.1
0.1
0.1
0.1
0.1
0.1
0.1
0.1
0.1
0.1
0.1
0.1
0.1
0.1
0.1
0.1
0.1
0.1
0.1
0.1
0.1
0.1
0.1
0.1
0.1
0.1
0.1
0.1
0.098218195874818
0.1
0.1
0.1
0.1
0.1
0.1
0.1
0.1
0.1
0.1
0.1
0.1
0.1
0.1
0.1
0.1
0.1
0.1
0.1
0.1
0.1
0.1
0.152718285003545
0.1
0.1
0.1
0.1
0.1
0.1
0.1
0.1
0.048132273471194
0.1
0.1
0.1
0.1
0.1
0.1
0.1
0.1
0.1
0.1
0.1
0.027305722098247
0.1
0.1
0.1
0.1
0.1
0.1
0.1
0.1
0.06865874721783
0.1
0.1
0.1
0.110428657729046
0.123955761866677
0.1
0.1
0.1
0.1
0.1
0.1
0.1
0.1
0.1
0.1
0.1
0.1
0.1
0.1
0.1
0.1
0.1
0.1
0.1
0.1
0.1
0.000664283699766366
0.1
0.1
0.1
0.1
0.1
0.000818211661634263
0.00377243642879059
0.1
0.1
0.000668736041548635
0.1
0.1
0.1
0.1
0.1
0.1
0.1
0.1
0.1
0.1
0.00215100985875657
0.1
0.000222321559431853
0.1
0.1
0.1
0.1
0.1
0.1
0.1
0.000707441970821414
0.00115325157133221
0.1
0.1
0.1
0.1
0.1
0.1
0.1
0.1
0.1
0.1
0.1
0.1
0.1
0.1
0.1
0.1
0.000791499337106041
0.1
0.1
0.1
0.1
0.1
0.1
0.1
0.1
0.1
0.1
0.1
0.1
0.00658041037365911
0.1
0.1
0.1
0.1
0.00577046763771751
0.1
0.1
0.1
0.1
0.1
0.1
0.1
0.000510942075624886
0.1
0.1
0.1
0.1
0.150687488531414
0.1
0.1
0.1
0.13923686578607
0.1
0.1
0.14309912428564
0.1
0.1
0.1
0.1
0.1
0.1
0.1
0.123022079234729
0.1
0.1
0.1
0.1
0.1
0.146776502910617
0.1
0.1
0.1
0.1
0.1
0.1
0.1
0.1
0.1
0.157941796964714
0.00020225826398201
0.1650644098503
0.1
0.1
0.1
0.1
0.172753015951159
0.1
0.1
0.1
0.125
0.1
0.1
0.1
0.1
0.1
0.1
0.1
0.1
0.1
0.140731503628814
0.1
0.15513847744746
0.1
0.147754762993819
0.153061530590821
0.1
0.1
0.1
0.127015810156528
0.1
0.14956862901895
0.1
0.1
0.161686942127747
0.1
0.1
0.1
0.1
0.1
0.1
0.1
0.1
0.175971276335243
0.1
0.1
0.1
0.1
0.1
0.14976554323095
0.1
0.125733048215317
0.1
0.152693806247906
0.1
0.1
0.16932707510589
0.1
0.1
0.1
0.1
0.157657569152612
0.125
0.1
0.16944910983881
0.1
0.1
0.1
0.1
0.172639845460593
0.1
0.1
0.159626511776068
0.1
0.1
0.1
0.15431675523909
0.1
0.1
0.1
0.180215476040475
0.1
0.1
0.149828327589727
0.1
0.1
0.1
0.1
0.1
0.1
0.1
0.1
0.1
0.1
0.1
0.1
0.1
0.1
0.1
0.1
0.1
0.1
0.1
0.1
0.1
0.1
0.150981599414136
0.1
0.1
0.1
0.1
0.1
0.1
0.1
0.160458970120214
0.1
0.1
0.1
0.141816360853591
0.141134808546594
0.1
0.1
0.1
0.1
0.1
0.15860610818841
0.1
0.1
0.1
0.1
0.1
0.148530555234293
0.1
0.1
0.1
0.1
0.1
0.141678132247507
0.1
0.173091600186952
0.1
0.1
0.1
0.1
0.1
0.164481447864925
0.12901767754277
0.1
0.1
0.1
0.1
0.185956063084276
0.1
0.1
0.127957372860643
0.1
0.1
0.140410883711402
0.1
0.1
0.1
0.1
0.1
0.142769245890807
0.1
0.1
0.1
0.1
0.1
0.1
0.1
0.1
0.1
0.1
0.1
0.1
0.1
0.16586583464462
0.1
0.1
0.1
0.1
0.1
0.1
0.1
0.150976183819646
0.1
0.1
0.1
0.141366983419268
0.1
0.1
0.1
0.1
0.1
0.1
0.1
0.1
0.1
0.1
0.1
0.1
0.1
0.1
0.1
0.1
0.1
0.1
0.169252109338516
0.1
0.1
0.1
0.1
0.1
0.174999997019768
0.1
0.1
0.131229626575444
0.1
0.1
0.1
0.1
0.1
0.1
0.1
0.1
0.1
0.1
0.1
0.1
0.1
0.1
0.1
0.1
0.1
0.1
0.1
0.1
0.1
0.1
0.1
0.1
0.1
0.1
0.1
0.1
0.1
0.1
0.1
0.1
0.1
0.1
0.1
0.1
0.1
0.1
0.1
0.1
0.1
0.1
0.1
0.1
0.1
0.1
0.1
0.1
0.1
0.1
0.1
0.1
0.1
0.1
0.1
0.1
0.1
0.1
0.1
0.1
0.1
0.1
0.1
0.1
0.1
0.1
0.1
0.1
0.1
0.1
0.1
0.1
0.1
0.1
0.1
0.1
0.1
0.1
0.1
0.1
0.1
0.1
0.1
0.1
0.1
0.1
0.1
0.1
0.1
0.1
0.1
0.1
0.1
0.1
0.1
0.1
0.1
0.1
0.1
0.1
0.1
0.1
0.1
0.1
0.1
0.1
0.1
0.1
0.1
0.1
0.1
0.1
0.1
0.1
0.1
0.1
0.1
0.1
0.1
0.1
0.1
0.1
0.1
0.1
0.1
0.1
0.1
0.1
0.1
0.1
0.1
0.1
0.1
0.1
0.1
0.1
0.1
0.1
0.1
0.1
0.1
0.1
0.1
0.1
0.1
0.1
0.1
0.1
0.1
0.1
0.1
0.1
0.1
0.1
0.1
0.1
0.1
0.1
0.1
0.1
0.1
0.1
0.1
0.1
0.1
0.1
0.1
0.1
0.1
0.1
0.1
0.1
0.1
0.1
0.1
0.1
0.1
0.1
0.1
0.1
0.1
0.1
0.1
0.1
0.1
0.1
0.1
0.1
0.1
0.1
0.1
0.1
0.1
0.1
0.1
0.1
0.1
0.1
0.1
0.1
0.1
0.1
0.1
0.1
0.1
0.1
0.1
0.1
0.1
0.1
0.1
0.1
0.1
0.1
0.1
0.1
0.1
0.1
0.1
0.1
0.1
0.1
0.1
0.1
0.1
0.1
0.1
0.1
0.1
0.1
0.1
0.1
0.1
0.1
0.1
0.1
0.1
0.1
0.1
0.1
0.1
0.1
0.1
0.1
0.1
0.1
0.1
0.1
0.1
0.1
0.1
0.1
0.1
0.1
0.1
0.1
0.1
0.1
0.1
0.1
0.1
0.1
0.1
0.1
0.1
0.1
0.1
0.1
0.1
0.1
0.1
0.1
0.1
0.1
0.1
0.1
0.1
0.1
0.1
0.1
0.1
0.1
0.1
0.1
0.1
0.1
0.1
0.1
0.1
0.1
0.1
0.1
0.1
0.1
0.1
0.1
0.1
0.1
0.1
0.1
0.1
0.1
0.1
0.1
0.1
0.1
0.1
0.1
0.1
0.1
0.1
0.1
0.1
0.1
0.1
0.1
0.1
0.1
0.1
0.1
0.1
0.1
0.1
0.1
0.1
0.1
0.1
0.1
0.1
0.1
0.1
0.1
0.1
0.1
0.1
0.1
0.1
0.1
0.1
0.1
0.1
0.1
0.1
0.1
0.1
0.1
0.1
0.075000002980232
0.1
0.1
0.1
0.075000002980232
0.1
0.1
0.084672447275424
0.1
0.1
0.08950089545887
0.1
0.1
0.069138197469693
0.1
0.075514886215065
0.1
0.1
0.1
0.1
0.1
0.1
0.1
