28.1931986808777
-22.7894180393219
6.39324762286811
59.7106365877039
144.126069502397
12.7556625571516
-47.6139327685038
158.72830521433
113.378959655762
188.987892150879
54.5741907119751
20.6101099082402
-24.1701355116708
117.600634002686
167.148346964518
-66.4378690083822
123.54726340554
-77.0755880673726
75.0848367214203
-88.4871905644735
-41.118040235419
144.09434967041
-55.2330469767253
4.7057237406743
191.614712922469
49.2941650591399
-95.2337452570597
164.064779663086
90.3601050125925
114.921438489641
-95.3253741264343
36.6320843074633
32.4662101969999
-15.4661262498961
-42.2454195022583
209.215356009347
103.414733409882
78.0694885253906
144.942823028564
144.064870925177
82.6711847517226
178.372706326571
-7.51513663205233
44.0192099677192
199.677344582298
1.38401966891252
100.286428700323
176.485169260125
-4.36915232885528
-52.8475168943405
10.5788028097671
163.533780924479
30.0038292975653
55.8022078000582
-24.5002027511597
144.825113773346
56.9980666750953
132.508050282796
89.5589082137398
31.1478069225947
114.716268310547
88.1932676633199
70.0658284141904
109.20426940918
0.759878815213838
-22.6850187052851
122.653986358643
1634.82024364937
1206.66029934353
1321.31312712296
1120.08322831275
1061.87614293981
1260.8240198206
308.402696787882
372.738036480736
782.361918647508
1556.81017376973
640.878486720328
576.921473023238
941.274478074981
1042.45483423249
137.699998247623
26.0828875837655
21.6061851906054
132.629594930013
191.893123485424
167.146138191223
8.27194198634889
10.2745762436013
182.650800916884
27.6001847585042
123.15471473107
84.0589661598206
99.4196704864502
7.66681555906932
26.1978412734138
135.069615840912
70.6709718250093
203.680946350098
55.29993836085
59.2580958472358
60.8572937358509
26.2189679579301
14.0996547142665
103.683694385347
204.911435295554
113.818501790365
172.064611206055
63.1027022913883
77.4809610703412
121.099235171363
125.032620598288
170.686718660242
83.283457548722
109.250378417969
69.4720420837402
12.2197423329949
186.520526462131
73.587370300293
82.7745007966694
53.390286064148
6.61010374742396
125.97779417038
210.000233764648
50.4627265930176
190.718095567491
149.569725036621
89.7036074470071
69.0368483861287
44.3883287766401
224.998202780019
90.686367225647
170.191651662191
39.4851707434654
152.590810887954
46.2439135675845
179.44272252133
64.4890196873591
210.479132080078
162.416575505183
41.9927772680918
93.9684956290505
90.2718815523035
54.8943067030473
124.058500017439
226.835705987338
143.096769060407
211.891358511788
155.759986877441
95.2197380065918
113.288458431468
-11.9014725724856
130.319765173871
196.373755619444
71.022324681282
56.1708309650421
200.261001021774
68.3228237231572
1331.51068380605
496.964157907586
204.660981545082
492.359380086263
40.5367376620953
54.5714816217837
140.902250289917
743.281319979964
617.515476986442
49.3706848556931
156.900085884592
101.881923274352
931.478833408043
383.153312457725
40.4294879198074
99.0359137398856
1051.79420717301
383.555431119327
864.99874790977
13.7475043705532
897.595631051571
241.663951419649
81.7378212292989
1275.41964066117
1736.15821340461
15.7933185930494
46.9937895899234
692.464041573661
55.7487043967614
664.884888639053
790.999592735654
378.791729042122
28.2280964275886
45.7019093535667
574.070986883082
232.563996101183
23.1578712463379
38.6155915603042
75.58853226082
20.6260259151459
234.315362863903
51.0271194940876
12.9267231374979
616.256844305223
956.227362060547
835.683095536142
25.2201923794217
41.8168467324356
84.3342952339017
11.8245169896829
197.328742106756
389.009167717498
471.283960288679
1025.81232299805
208.578213178194
18.2113224710967
216.416175937653
1551.74444736579
2312.43394252232
1603.73633751502
2172.34942948191
1193.84513399198
1279.846631368
1771.61133789063
2222.34788513184
1130.89247436523
1919.14224853516
2261.16541812294
2319.28830915179
1533.45202636719
2191.30387739702
2070.45270298549
1759.55844726563
2065.8725080819
1873.96457856277
2012.65027926261
1615.56036573841
1832.3655610926
2180.87549715909
1969.59825165418
1859.05025227865
1886.85452599159
2171.862271178
2201.18105061849
2150.42053731283
1803.66490994967
1883.19755415483
1160.55606892904
1131.55145772298
2094.23459694602
2105.24784103094
1674.8226234173
1844.84399077317
1366.83497342196
1182.05873937774
1986.57550973603
2247.53684839709
1858.94984064875
2009.74455003005
2071.3030435141
1317.14473470052
1588.31356472439
2144.61640625
2082.6192580003
1077.46290225074
2084.92446463449
1100.37929571243
1868.1475516183
1910.97744014345
2306.39030509159
1873.64604063292
2315.228515625
2159.16443980824
2075.80616149902
1066.36477322049
1989.22421603733
2024.43419596354
1221.94416178385
1450.79902866908
1091.74418301053
75.388521194458
95.0590158545453
144.43168258667
24.5741625265642
58.3746461300623
38.1946665942669
117.583516634428
102.111105092367
-14.6734423211643
4.22076056649287
3.951859600842
41.8441305160522
-101.012599945068
-175.308283805847
-79.9067228698731
-83.0465007358127
-176.628296358832
4.88
-45.9789950507028
-102.412709712982
-35.5307031571865
-104.475598084299
-70.4561397007534
-61.7078256209691
-232.663056437174
-34.4267220748098
-263.614872614543
-47.6808933681912
-97.9036129542759
-60.7824525099534
-56.4810353687831
-11.2241257280111
-132.293495941162
-82.6303987503052
-32.2881885528565
-144.901788838704
-50.3054580926895
-31.096201133728
-202.526510733145
-132.42642324111
-125.121446490288
-327.088115985577
-47.2145847481105
-25.5515453114229
-8.55453996998923
-42.3857963879903
-90.9539673545144
-22.9768255650997
-57.7240455150604
-46.6265230973562
-30.8731309890747
-187.671542697483
-29.3338750402133
-51.464256922404
2.135
1.525
-255.597105407715
-105.097676685878
-173.049044926961
-73.549884457742
-134.923028321976
-57.9306598531789
-74.4430290744418
-76.7087512546115
-72.369437394471
-63.0791925589244
-138.143302019905
-114.918707688649
-91.141873717308
-115.34702205658
-41.9251470565796
-20.6571737925212
-5.78493290075235
-24.2314460638798
-88.2059377034505
-58.1921201032751
-20.0548968911171
-85.0032690684
-71.7224787606133
16.3835117816925
2.63501183191936
0.156087951527702
42.8481650352478
121.258479527065
308.077321370443
271.042851765951
243.99821472168
55.5039389474051
30.3858010609945
141.383396693638
80.5476728166853
-67.6830365317209
2.65608784059683
4.45501876870791
25.866752169349
58.7711461874155
208.457949829102
57.6849157545302
-57.4702755080329
40.6871376037598
193.917593955994
205.492987060547
-183.284580064856
-10.8418913168066
82.5638179779053
206.416405995687
310.590029629794
235.139068603516
39.9573009490967
270.653839111328
-60.5753900454595
287.867297363281
23.2289876955397
30.7856311798096
81.5956130981445
25.3114395141602
207.476866502028
144.452554321289
70.943613688151
208.335983276367
330.03993733724
5.1102876152311
285.68137512207
66.0319126674107
80.8613267378374
48.8837044455788
241.322606404622
38.6656072735786
-50.8068487460797
3.84680286737589
198.519513216886
52.6859687356388
24.7859071095784
325.779346172626
247.617717197963
210.990791320801
307.501064300537
281.44847869873
285.309033203125
303.451176961263
78.2237686157227
2.77478451339098
225.353204900568
14.1227226098379
163.362359364827
286.749708909255
380.395614624023
347.035687255859
113.109191894531
193.819898605347
123.193070631761
241.421737670898
163.506193372938
244.145536422729
104.914551417033
52.5009395599365
282.709362453885
190.701604669744
32.7347193631259
66.6541213989258
50.8480205535889
63.3745990753174
150.171368685636
194.660983276367
-3.86227326591809
65.3512725830078
67.716181241549
2.40937236448129
113.4140625
7.56905557892539
8.31012267562059
374.825465611049
88.6784642537435
0.568166867435838
99.9322077433268
242.745090484619
97.42835744222
179.161175537109
37.4999580383301
37.2150429089864
178.500916701097
44.1780516306559
198.393818248402
248.911517333984
97.4655151367188
230.349785940988
222.392282104492
192.541038513184
237.210042317708
121.407947540283
298.590606689453
-32.7253415849474
198.036828177316
206.766535441081
78.0123530796596
155.183377583822
45.1938829421997
415.042767333984
68.0733876909528
62.3399798075358
256.906475830078
88.9845835367839
34.8022056378816
17.0142323176066
221.790130615234
321.113835652669
66.2686339787075
76.9940289584073
139.386591775077
130.545518493652
25.8937535881996
123.422640713778
50.8863533564976
58.4186093257024
6.45276448349743
55.7089896202087
37.2631198883057
473.75786336263
52.8130512237549
146.31116138805
66.3392690022786
107.13703918457
405.692128499349
165.579172134399
203.342730712891
239.94963684082
-76.5507653692494
97.257196214464
70.3890524364653
-0.712071074379814
72.0542633056641
49.8927866617839
435.547603607178
215.482429504395
69.6420655684038
142.653735637665
87.5396411602314
59.2617297453039
802.559426797403
1044.1420417948
1481.01578776042
1808.49928552964
747.932873535156
1408.04466167249
1477.74137056791
1142.24599703275
657.541119074417
1638.4316337478
645.119890485491
1474.60941129117
1523.00139662799
722.9590570359
1758.06975848858
1352.33247189405
1553.21018629808
955.387915475028
1655.33530244373
1101.27023001698
1566.76055908203
1733.8569910386
901.862584731158
1087.33270751953
1193.34439222316
1420.24311775997
1136.68474121094
662.694173639471
811.604620856208
1560.01026781299
1011.0944281684
1222.74875658612
1527.67180319393
1237.67282104492
807.294651426118
1381.54372365851
972.81084510369
723.736036028181
1344.57784734988
806.125164281542
1805.75786590576
1262.53822898865
1427.34494195468
846.623159555288
175.353807373047
118.040755271912
153.570737202962
205.501878526476
174.098478044782
172.225930434007
160.857563781738
190.666360473633
169.859449906783
189.846851348877
164.296355537746
170.818298339844
153.962891714913
148.153925577799
172.087873571059
159.761694166395
161.561944814829
165.768312072754
189.301272710164
177.529581243342
179.049360387466
165.08858066135
181.618448045519
147.293294906616
159.917991638184
157.431812452233
192.400934491839
137.881026204427
169.286504811254
134.612180269681
161.628969828288
181.927417755127
140.608412000868
178.299986703055
130.884768676758
176.844366709391
150.166531770126
195.464920915876
131.154792022705
160.900684356689
144.169617462158
156.353661277077
230.461623342414
127.76229540507
179.245411682129
184.116674943404
179.282107035319
158.808806152344
148.122436523438
181.94334973787
154.752801077706
185.709277226375
184.880410512288
169.094344399192
175.210604095459
187.450285847982
181.197642432319
171.628764102333
157.59869740804
150.581669277615
151.170824686686
172.698320828951
169.364401075575
124.579628944397
167.504843971946
162.24141998291
139.172130584717
158.55437433152
165.921641299599
172.014031304253
197.609287897746
163.018793279474
137.688215128581
179.234226226807
171.110243733724
128.345690917969
121.511170959473
175.922570800781
134.804771824887
154.312127685547
153.406110323392
143.774742126465
134.507773081462
164.797133812538
174.470468374399
167.523196750217
165.711922023607
161.125319047408
216.706217447917
168.323837280273
125.150657653809
199.092531989602
148.366952078683
168.782343292236
142.997103522806
147.191865285238
140.731808253697
169.246931222769
175.265672956194
132.610395304362
211.629895019531
174.243304252625
231.58150100708
243.602854853091
167.428912823017
207.874240875244
220.645172119141
197.382845197405
165.014967176649
212.707550048828
217.689854939779
136.692260742188
173.068003336589
207.032160441081
133.496366712782
150.849919637044
177.791720303622
175.697064208984
255.276631673177
211.766084035238
140.201335652669
238.52329305013
192.44405909947
127.844982910156
199.397087097168
186.328103637695
223.232191819411
143.566168212891
220.15865834554
160.110042148166
202.245654635959
194.490054660373
126.086106363932
186.251173655192
200.920396071214
215.522669474284
232.044738769531
153.768453598022
203.268242245629
222.417442321777
153.938976711697
160.047559465681
176.767351786296
151.474998922909
235.790928087736
256.981317138672
182.800873892648
204.704384697808
151.432359059652
207.795803070068
188.184892018636
224.139871450571
148.900573730469
222.443688392639
163.056783822867
197.636998748779
175.501567840576
198.509092712402
250.84315999349
169.35071182251
141.467887878418
170.425490243094
186.723993937174
133.137219515714
143.897632598877
192.819743229793
138.615793863932
213.17739461263
184.02768611908
213.158489227295
169.574609195485
188.011240005493
221.163619995117
145.163767496745
181.164746602376
136.626519339425
212.888172912598
265.672870635986
163.123661295573
164.856033325195
207.084269205729
211.849896240234
195.259994506836
138.340887451172
189.119940863715
173.910198505108
229.256730143229
205.877782821655
138.642032623291
140.87511920929
202.08283106486
230.651996319111
210.860861527292
242.042155456543
299.888977050781
297.069512939453
270.776717413039
242.972689819336
367.175439453125
242.051914672852
287.46828918457
285.378881835937
299.714591471354
292.926661682129
363.543583679199
293.476263427734
354.12846156529
362.36743927002
333.685731506348
206.574960327148
309.752886962891
354.986714172363
304.324881998698
259.063685099284
364.06100769043
289.039436077249
176.880038717519
348.178435189383
289.678784179688
224.977685546875
259.849838256836
278.950910186768
180.022820608956
363.920376586914
237.488576253255
357.075899759928
312.346484375
289.089048258464
318.294276428223
321.731024605887
331.373432922363
292.567613389757
337.320930989583
305.024186706543
361.66125793457
300.04356842041
321.316727582146
169.704343795776
308.110316975911
347.824350992839
343.493757247925
223.107077026367
206.893063752548
221.846439361572
194.462104288737
196.420183967142
235.778491973877
221.824401092529
358.410947672526
172.392832705849
241.318424682617
182.948772723858
260.728849283854
375.93705851237
263.615938568115
236.621417236328
251.843466949463
246.337057495117
330.096620686849
293.48955485026
325.172303572945
253.362206013997
320.61210530599
185.382044474284
361.562712097168
370.258480834961
305.623302459717
358.463488260905
349.086486816406
359.062694549561
251.689407348633
331.860651352826
228.946082560221
271.58897857666
356.314659118652
159.109122643104
357.698509665096
358.651624239408
259.554921722412
250.587190551758
287.026159667969
274.080474853516
193.277431233724
227.521124267578
254.663888228567
202.061068886205
251.210188802083
326.334981689453
362.020141601562
310.72159576416
336.501738517515
309.577865600586
340.703303527832
250.431974283854
261.334543609619
290.722473144531
467.197149837718
557.571146647135
232.574048614502
303.302992248535
350.976254670516
344.266899802468
274.508187188043
199.104025268555
987.611448015486
641.329768880208
412.358435058594
460.578762478299
285.386122131348
544.921483357747
327.557536097935
216.853626251221
808.882306416829
402.815264020647
285.260258601262
278.570521763393
588.421740722656
289.082644992405
635.372841389974
505.275177001953
825.499249626609
665.355632672991
271.166813659668
373.548866965554
796.636567768298
716.341212972005
884.870477294922
759.725260416667
997.41576171875
305.908524867466
982.558418782552
423.729839324951
413.996579488118
815.978145599365
678.140735444568
313.608837890625
287.924713134766
523.250928243001
258.317624605619
906.608593168713
448.540095738002
560.858713785807
209.967135620117
784.992700195313
271.33241780599
511.90311050415
243.581362915039
899.761916701858
317.29118347168
439.780402628581
387.307427190965
358.940653483073
728.005564371745
252.610150909424
518.312189737956
239.666146087646
357.079282014266
991.889627075195
326.222102355957
235.350276947021
701.061206054688
733.917681376139
295.891394042969
578.257057698568
454.826699574788
599.725697835286
661.546765645345
346.140216282436
503.782875061035
893.099197387695
468.209711074829
466.310989379883
495.570192972819
376.182987378991
644.156276448568
623.408625284831
570.027278645833
448.092205047607
857.06251953125
403.964247270064
799.555202484131
305.49394948859
792.40063273112
988.31782749721
588.584197998047
529.864142678001
982.669092814128
884.345141092936
382.244900948661
884.998899841309
707.63124593099
331.845565185547
994.304905192057
408.626458485921
927.598122558594
260.729486846924
274.706978352865
260.642150878906
188.51469930013
202.51258392334
164.532775878906
119.422571182251
192.730403645833
207.172324286567
330.893812699751
177.186464582171
190.427067565918
214.952196756999
178.882736206055
192.302437918527
276.988563537598
134.821585404245
135.870127360026
159.485821063702
136.997214577415
137.569088745117
187.182272338867
115.317015511649
157.764547729492
213.324659075056
184.389946937561
152.575802612305
198.907907485962
280.660853666418
205.84031023298
131.214185078939
204.784103393555
138.281700134277
170.930202907986
224.943219502767
220.174047470093
184.226816177368
201.952627008612
309.604194641113
167.451336669922
103.758846706814
169.361063639323
190.474947248186
176.125779893663
122.445294189453
150.417674064636
176.103184509277
212.049672907049
135.936270577567
138.753922311883
378.982185872396
186.417142001065
169.823053213266
136.795520237514
155.943534851074
111.212937249078
140.482902975643
233.681149291992
130.662668668307
182.616317749023
260.18826511928
182.526120503743
325.913393887607
286.694957386364
157.044509887695
241.906779697963
231.67817905971
241.942746480306
323.412567138672
381.053779602051
205.658522469657
190.755866156684
127.349200439453
174.394178263346
133.468599319458
122.034029960632
227.943778483073
140.380474514431
202.323241013747
272.016265869141
166.242231889205
128.795512112704
268.650329589844
198.066825866699
127.202700805664
222.601191929408
172.992050170898
193.087397257487
209.601481119792
205.725137329102
238.685228787936
149.424343654088
150.636722564697
194.915557861328
144.819382561578
140.229123433431
168.21681768244
259.126375470843
184.786917550223
319.919334411621
394.031454233023
220.408955891927
208.342406499953
192.847101847331
212.184657287598
215.112562391493
195.244856092665
178.291090393066
152.589516379616
193.996826171875
150.027763366699
173.300577799479
163.875264094426
143.027729288737
149.595959981283
134.225383411754
179.685738956227
163.395093645368
207.698930006761
136.21018149636
265.896862983704
245.16843523298
174.6261622111
-10.3426055406269
14.7915645936585
2.65912936627865
-3.28824511766434
10.0455573745396
20.6477783502954
44.0499614334106
56.0307588930483
69.0621205843412
-11.279527033529
17.2688988859837
-7.07895366156974
13.9993732316153
20.1817821005116
12.1107502891904
62.9558900686411
2.62208583752314
24.392909856943
17.6886846338
1.80903405301711
19.3349545796712
21.0104863378737
-2.42264294624329
1.02438108195715
2.41358717282613
-21.6039241790771
-9.25235422644764
-3.08089797364341
-21.8158941549413
14.8833501111893
-3.73550110608339
10.8567382964221
20.2661560058594
14.1044778121974
42.3363945749071
-16.9770155747732
-19.4868786566787
-31.4993799271122
3.84002904035151
20.2495768477277
52.8906669616699
16.7232073615579
59.6927240916661
-22.6128167152405
-14.5821820172397
35.1832488377889
0.21070546656847
0.353459102766854
-0.319614227861166
-0.59843893755566
-6.83284919199191
21.872119029363
33.2275116784232
17.2260363522698
-23.46738440816
-13.1698610057001
-3.78188922466376
45.6509871049361
32.8068514303728
46.2166619734331
-8.07229102682322
23.5093553543091
9.81776424816677
28.1990108172099
99.1839258829753
182.695
90.3566402088512
77.8711815538078
32.3641107252666
81.8177528381348
31.449757194519
41.3036713600159
115.934679514567
51.6609329810509
67.0226971661603
44.7143877029419
70.9704195479272
47.8116637009841
34.7849603735882
84.4518286761116
412.470451941857
7.409102955251
137.836924609016
-6.90827289223671
-1.78035501241684
193.454719543457
33.8867145909203
-11.4678048193455
-6.80923889665043
166.795846557617
687.58848063151
86.7290912440845
119.45049067906
5.12209042055266
121.518864154816
12.9780125362532
2.05649506449699
-3.66081162293752
-5.84751947109516
-1.85422709313306
191.260733971229
0.950850419700146
1.61099473014474
26.235714673996
6.6651712735494
159.837690784085
9.78185700664395
4.16160853703817
31.3217877337807
223.512875976562
178.448178724809
222.821811494373
52.5458923043876
4.31233739852905
13.2688817679882
10.7304224286761
11.5257501602173
149.476644447872
198.266069946289
365.456280708313
222.045244940396
196.883108659224
210.769836425781
201.111846923828
435.830361106179
239.670302497016
204.946790907118
194.093732393705
212.039398803711
276.43821105957
262.084517769192
231.834907130191
213.813205718994
214.020351116474
357.025451660156
205.946877034505
231.339041900635
206.167259216309
240.264943832006
349.803329959992
245.648559570312
218.377900965074
202.900519631126
204.933494059245
298.45234264027
198.454033346737
221.566674804687
252.826949310303
388.115263197157
206.615145453091
232.69101969401
231.615548706055
200.040785217285
436.098390125093
212.413580322266
242.085417429606
245.451384600471
205.059572966202
221.270991007487
342.515230451311
202.203693644206
226.051040649414
195.530470530192
220.611830393473
208.130025227865
376.307990519206
336.527355194092
236.467450141907
197.02931614926
395.192099178539
198.543048634249
210.423104095459
254.781992594401
211.899701690674
201.802539825439
188.695442199707
219.34713275616
201.435204315186
205.07829284668
207.662749735514
206.475739509829
200.899759928385
201.656854248047
294.194748618386
204.83344930013
201.486949157715
206.753621151573
211.910396152072
203.987499418713
203.453162384033
209.916501080548
248.864663557573
253.007700602214
225.585997104645
333.282356424535
214.810632324219
216.845534752155
226.1930809021
207.413124084473
193.675439743769
199.357318115234
347.573939005534
274.170304361979
382.771576482599
381.497158474392
311.880535888672
316.099975585938
302.183377866392
306.469810849144
340.683478355408
248.116337702825
379.466373019748
319.413920593262
301.146348219651
311.154958452497
345.303332858615
367.05610518022
345.472268240792
358.652316444799
245.659505743729
334.601736068726
373.396494547526
361.522001902262
314.099821090698
336.299259730748
273.015820821126
349.400280761719
257.305867070737
260.544628143311
377.657751464844
289.096108572824
356.989220359109
356.579135894775
303.013603210449
335.207709757487
436.038372039795
405.2982550727
338.312495640346
374.492048432555
412.97331237793
260.351258777437
443.420522689819
384.383839416504
283.968482123481
352.325987497966
408.925393769235
341.442248753139
312.021320484303
314.253278944227
339.662938774957
308.459144592285
392.321865626744
274.619522094727
381.293964930943
325.361029422644
308.537579623136
378.340531314712
345.62105741955
317.836083374023
440.731969833374
314.197572253999
356.200065612793
247.738525390625
315.832750403363
336.12648831881
318.103649139404
283.117684757008
403.48722076416
319.335
360.73114281094
223.824759589301
292.01641998291
266.204758864183
332.121870391223
327.827838897705
333.20343170166
321.057763461409
362.542294311523
324.461828322638
259.549826727973
384.019618225098
324.158092498779
250.420168558757
315.52099202474
304.526519775391
289.16640571926
285.864210205078
349.708520507813
16.0006816046578
84.2850856781006
32.4022210439046
98.1643591986762
86.2919082641602
32.8379621505737
84.7446196706671
62.7338742707905
57.4178671836853
126.899270277757
11.6512865339007
49.9546014997694
59.482987165451
43.2196132435518
32.0724489905618
40.8258765538534
63.6158041272845
31.4463955272328
26.1287478340997
12.2255832036336
23.6784374237061
67.0724282698198
7.55630365701822
2.59653063863516
22.1129421821007
46.5837909864343
31.769801457723
23.6367303530375
81.7832102094378
-3.28120403872295
64.0044064955278
18.4847988022698
39.8523292541504
33.7562709288164
65.4350813085383
96.955744934082
32.4008954855112
59.1839111328125
40.7801401955741
107.097032546997
47.6572083367242
37.5064574347602
37.5201484455782
51.7525639004178
48.7857321825894
33.5990450382233
89.6916151500884
59.4495315551758
88.6476229154147
106.044633483887
90.5620532989502
59.4266400655111
77.9556163152059
70.937744140625
18.4243800354004
28.5885327657064
45.0132056342231
63.3056233723958
78.5349551114169
48.4324547903878
56.7865955352783
102.486247168647
24.0504202842712
46.8199594020844
65.5649036407471
14.226010799408
32.5721628015692
47.8150811628862
69.1492475782122
81.1014380821815
100.296364847819
52.5405132587139
71.5455169677734
38.8458139631483
17.4601432800293
28.6271299279254
39.028793476246
96.7222073872884
14.8252032784855
109.304500579834
81.0607725779216
25.5693605211046
219.594729614258
275.248628404405
304.84905569894
180.453292120071
192.663334960938
215.843170166016
229.558673434787
199.722982233221
116.074409484863
189.479138328916
271.215774536133
95.7596070662789
245.972651163737
175.171585669884
179.931021372477
119.85403213501
229.594063568115
107.597689701961
237.396315256755
203.892311096191
217.077989578247
176.148596191406
182.007411003113
251.953484275124
256.687779426575
178.546498225285
199.194017198351
141.30890420767
202.172451564244
180.877346641139
252.068074798584
262.208786010742
135.065905570984
150.528216044108
84.1092681884766
147.522177237051
155.353888511658
267.295717875163
184.008557637533
243.956751505534
258.585859752837
215.805978139242
194.112921142578
291.355609130859
202.247031656901
123.50106531779
124.035424732027
245.133371353149
219.341761050017
139.333597283614
223.749277555026
203.16258392334
166.48353507302
229.854564121791
198.286363220215
183.616721520057
160.781600189209
227.144272486369
237.391272152171
193.251955668132
211.124252884476
119.242584228516
159.950269063314
179.843362661508
249.838191986084
175.427266737994
110.069665908813
188.862627665202
189.581140932829
165.392329216003
192.626769256592
98.5727380116781
203.658487108019
284.912018996019
107.132253112793
165.576972559879
142.26848929269
83.2609601702009
126.859791278839
208.767948608398
149.20648727417
169.100945608956
264.824608435998
191.177243804932
158.717714008532
237.448586505392
176.109303474426
202.616943359375
240.371088663737
118.725282033285
95.8085490635463
152.111945412376
208.973127282184
130.084274768829
128.57213973999
147.309797286987
215.675218582153
224.282348632812
206.368608601888
112.590079674354
120.534233093262
195.919911384583
104.349837261698
182.642367892795
233.387428283691
166.63689549764
139.935279273987
221.08084487915
156.831363932292
134.902530034383
108.424323717753
167.957167852493
271.479740142822
154.569840240479
147.506769816081
1669.65850478567
1057.39197732084
769.252012906009
1218.47508312407
1251.97515374261
996.924767771075
1084.61212510329
919.604289040637
854.969104003906
654.531066894531
705.449227469308
1597.50577347367
862.536399147727
921.002412215523
935.022297390258
1475.04767523872
805.140945986093
973.763158817102
1057.87433017829
1407.36256951801
801.956112608618
1410.98965804303
1028.98667864118
941.292060113722
1233.7876422216
898.562434443721
746.082755921379
726.955615234375
1603.02556568708
1157.10021430122
923.905953340752
1069.70123907532
975.734090514102
1396.3085195504
883.348692893982
756.048324081924
1107.02145596208
1005.75258264463
1324.38978422358
764.877800436581
1324.00556313119
653.284051764501
655.922787620908
903.518926599524
820.5389955391
626.697612258623
1578.34558105469
1212.1666098202
1245.43533552938
1139.43854370117
945.995297518643
928.793901945415
711.992241453729
1097.51396016872
734.889892578125
1051.56841087341
560.827291870117
484.282046508789
963.341412862142
1230.99211883545
736.773681640625
502.57596621306
1119.0107208252
544.662161122198
723.429695129395
625.676472981771
338.940854586088
433.592319264131
329.581121826172
379.003093372692
976.41739654541
864.9552229339
1149.33042907715
513.243809509277
417.70596749442
372.394873046875
704.980314973113
341.426963806152
1101.6275390625
719.100357055664
1065.74893624442
355.767776489258
370.614880730124
327.542888294567
979.131946563721
470.443812561035
612.981265258789
794.658569335938
736.393157958984
375.192790730794
1048.84691244869
605.890939331055
723.525351388114
960.763160988137
554.172357177734
559.97438659668
508.777859157986
670.526593017578
885.529983520508
886.564903259277
566.962920751327
883.163075764974
557.826314290365
420.415965270996
334.704521179199
612.959587097168
962.837831285265
693.783296857561
1252.46392822266
430.680949491613
373.781497192383
839.320104029272
799.236877441406
665.61071472168
877.118072509766
448.320286560059
512.470747727614
1133.0035563151
500.226910400391
317.827069963728
512.083860778809
329.419624328613
335.360817464193
966.748279712818
673.13333932977
425.871420288086
456.139871770685
466.726193941557
810.38072458903
311.534579806858
661.327587890625
429.225302124023
328.039537702288
371.912500554865
1210.71104939779
436.340547180176
1029.35847691127
612.746248372396
1171.01057722762
406.837097167969
467.243229675293
812.855885823568
346.871783916767
610.13515625
331.952777862549
386.53208732605
559.975244140625
547.85657043457
470.857850646973
1266.49331436157
724.387211001016
1489.84145609538
1456.87127971993
1338.92037655892
1503.12949976428
1329.19137720433
1389.37114522543
1299.01376897638
1452.41356259301
1432.9068893174
1345.28757692131
1267.21801115337
1326.5259552002
1296.52227755833
1795.9354379442
1450.14052734375
128.105038166046
170.144813961453
198.653056058017
112.570994469427
205.404778432038
126.283276830401
136.987746967989
60.4966787858443
88.9478974775834
192.156448364258
0.792189223201651
128.496829441616
12.0881143936089
3.77370625734329
-6.76295484196056
-0.907451563913906
46.9423580169678
4.9487074136734
1.43451881408691
92.6413612365723
33.2862438201904
14.1046507894993
4.53953409501735
164.962992774116
6.27445118913525
159.297643389021
3.05729708013435
66.7376441955566
181.892248714671
20.0855642557144
139.664015452067
1666.32563883464
1539.62777664412
1145.11656794202
1796.54195658366
2067.29202043518
1075.75685628255
1262.54010314941
1242.66941833496
990.797681725543
1327.82181396484
1457.74035350386
1508.2118746244
1244.37701009115
932.792990041334
1614.99031545155
1687.96243286133
1258.26146338452
1879.34852294922
1891.14643742488
1277.17511757299
1193.55576685855
2015.84148869749
1034.44086742401
1729.76965639772
1938.97912324873
1641.38108815578
1872.84187979068
1379.7452365249
1529.00613486702
2154.99130034111
1751.68861373429
1543.5317887931
1556.19479031033
251.394811293658
393.124333844866
34.5005531311035
345.041418987772
395.44524149992
146.419732527299
363.846659342448
251.327180044992
340.061526489258
93.5477600097656
105.86785416376
236.093815523035
521.313236317736
79.2782027904804
258.635442372915
122.19755260761
94.0012886740944
182.779514789581
181.199839872472
339.605459130329
125.034909566243
192.985123793284
91.5799679423487
-75.6177800496419
131.099783358367
232.597712198893
243.580517723447
115.660325423531
233.430282592773
-84.2723495297962
10.9091024398804
182.207277185777
201.491676507994
156.883788799417
197.976746241252
161.459334196868
155.573747762044
120.372256755829
362.859958648682
91.6765594482422
-61.2902170817057
111.233037428422
-20.7039813995361
141.352663675944
87.2112073103587
99.8606881459554
196.419400896345
355.380860900879
231.566899108887
168.90085543119
328.212419683283
-134.547525875909
377.278300429835
239.455615234375
205.029077148437
250.759535598755
104.207265300135
122.008962433914
109.059128170922
109.50209403038
271.125107828776
222.159164428711
140.298257446289
313.016021728516
427.404937744141
126.123371124268
429.715774536133
405.980019705636
-0.130606181919575
6.91065667587377
10.5872772656954
6.23490262490052
419.557412719727
328.056518554688
203.402842712402
343.900896344866
1.57628513127565
-1.19932715321581
152.997102003831
273.380264282227
101.393888473511
403.288759671725
2.51092236042023
479.769504547119
239.715045928955
10.2215547031826
-3.53163326709043
28.9253825233096
0.952677978409661
-1.26885328392188
221.594141343061
265.658147176107
1.58231996059418
80.5516159057617
17.6056857426961
262.051748657227
48.7375579833984
223.900286865234
-1.48653070493178
481.767408582899
76.0506549162023
-0.454862959682941
194.048114776611
29.7565014248803
50.7448942396376
489.938271915211
353.577964089134
-5.5897489686807
55.7091237581693
0.295366793793316
277.516930580139
462.063055855887
29.4001006317139
-0.534762151539326
81.3106667654855
-9.67347168922425
242.477806939019
358.662747896635
480.074908447266
491.092661539714
7.41278610484941
203.67704433865
419.175384521484
149.730490790473
101.41877226396
31.2132208082411
2.80926442146301
22.6676115675976
-0.710378700740297
107.409145648663
-0.509047715365887
1.47824271023273
7.23000303021184
2.16897110144297
103.02016721453
7.96912255734205
295.823381696429
165.278163364955
104.578955173492
25.1954383496885
220.70827738444
227.664168463813
290.972457885742
11.7456643411091
67.0089603000217
174.570948791504
296.002895100911
388.297760009766
557.321193695068
383.797903207632
0.905589797280052
153.922593769274
65.481866200765
54.763292388916
53.6523785909017
0.408739220764902
404.163163618608
7.42894260672962
367.447463424117
18.1315907637278
317.087104797363
428.162021213108
748.561747233073
408.198575156076
460.038830348424
716.452714538574
537.520275505222
866.051366170247
565.052628950639
536.132074265253
315.622845241002
441.787778352436
448.808715820312
611.086876121727
647.210067958048
450.157251358032
544.546836853027
454.634650336372
732.278318893078
316.71694735823
614.222498843544
421.030447387695
718.21336195204
549.04311689897
444.857655611905
574.108058929443
477.008005371094
582.266129105179
613.655998302641
554.941404684996
578.390421549479
562.506731741769
572.991466098362
433.734694671631
546.275493076869
440.581970214844
475.031026931036
455.874614422138
371.030408859253
513.080466978012
308.493129649061
513.342997959682
378.653720855713
525.719126383464
539.617844935826
806.950671137596
705.591228778546
359.565811157227
475.853560707786
465.627925872803
297.169127244216
359.138802041813
542.525087738037
489.708749389648
593.914517808235
204.828348333185
220.147775268555
257.293555704753
379.186770121257
255.146483285087
222.023872375488
323.527616500854
198.79927607945
196.549053955078
328.904619852702
211.376434326172
212.653230794271
194.34203898112
207.382278442383
321.180254484478
277.131435996608
216.772932942708
301.126701941857
215.90613861084
238.282965523856
212.893123626709
231.367903137207
226.737929280599
211.978856013371
212.478497956928
220.238444328308
232.568051147461
342.546501159668
212.788463592529
302.678236219618
189.07485148112
203.012285020616
206.485049656459
330.086370849609
216.611839294434
206.742110402961
232.733786010742
279.968381014737
233.117182114545
223.826372586764
323.036844106821
244.713977050781
343.461260114397
221.361342366536
239.520914251154
210.094378662109
265.845434188843
194.298828125
210.116352961614
323.767472116571
208.690108079177
285.483689528245
251.002852303641
226.008275985718
217.276523590088
308.679579671224
212.147223154704
271.287803141276
223.58091545105
271.718516956676
295.456946739784
200.901215986772
238.374652317592
250.773666381836
212.756064781776
213.184004465739
334.10924911499
204.90732828776
220.3935546875
240.154513549805
214.615152110224
200.666283240685
212.536504109701
205.220172458225
219.653941563198
318.813314819336
313.625407627651
348.808115641276
309.657899983724
206.109262803022
233.012244591346
231.157212477464
203.85575764974
285.073402736498
283.65754699707
246.985978262765
195.471369934082
203.328711191813
189.151279449463
414.845818074544
231.121209913684
720.914340209961
548.986736875592
443.3691369259
195.703415461949
420.38308022239
382.215696062361
292.822128295898
175.219379566334
166.842309218187
1167.42367553711
307.418035888672
263.101985507541
359.433893057016
315.283681696112
159.485692342122
227.247775170111
533.222533226013
167.596993764242
519.236203193665
593.32231028487
356.184832981655
328.939533434416
372.839071219308
378.555432128906
498.856050379136
487.267996395336
602.005136850718
189.26758480072
243.15226427714
420.542619628906
265.696971348354
291.348767235166
327.588369930492
359.110163370768
434.820092562971
192.097411382766
193.885889350043
267.335534667969
310.232991027832
237.220171928406
322.377149079975
160.129765597257
200.092522757394
434.220552978516
245.924710591634
160.578291829427
321.037102835519
186.204762385442
316.546495225694
196.797833251953
232.374452136812
308.579011535645
206.512146799188
254.817603352865
165.803793065688
269.88625394381
281.162669994213
209.5580909729
302.248772116268
290.661900634766
187.297214423286
571.094809792259
177.258083945826
271.482833059211
191.034304532138
330.523140907288
909.836134168837
364.517059326172
201.289082577354
180.506510162354
214.807425362723
514.410778045654
477.504703255587
535.194184247185
984.556015878353
59.7287569547954
289.8314691782
15.3187549511592
57.8458507061005
77.6919445514679
933.431395908572
84.749148730574
1047.57558461782
311.76745977185
347.204582759312
903.66617891386
1252.13723552605
192.054849961225
635.111219482422
641.849740693063
253.884159462125
1231.27130832385
1311.60502253043
293.163894477164
19.1087189018726
340.078955567913
1065.07475832284
236.491748907627
354.768817043304
109.896525882539
48.3942127934209
400.433985216864
19.7732316970825
470.841270378044
825.613191392687
836.684131307339
402.280024038779
54.1915109422472
667.644222970736
45.3456947392431
169.673953785616
345.69953861943
408.45573425293
301.756528414213
338.654476838953
156.302299216942
349.837713241577
262.911305477745
100.616578006744
372.366742647611
413.99824192213
390.855602264404
316.696853637695
357.005288018121
126.940111453717
437.987465994699
524.039057804988
395.948089599609
292.721457926432
389.794880167643
171.646531757556
170.80325496898
44.0570578575134
509.833680372972
375.575409987877
513.156405978733
443.656188964844
207.005631038121
220.784291948591
329.162148369683
276.616694859096
430.548637695312
523.045094807943
210.252559955303
362.101405843099
142.032947171119
323.24262491862
173.136019388835
159.239706559615
359.362659085181
393.23057047526
439.299163818359
375.443548583984
245.970718383789
328.783640985904
81.9545836729162
257.169719696045
163.670834859212
273.074687004089
172.162395477295
22.5407662093639
354.221350277171
457.487381417411
297.112463378906
289.985647028143
580.543584333147
293.983817545573
349.213310241699
398.032002258301
374.600183105469
413.765554254705
405.761944770813
329.818415527344
431.658424660012
437.138163847082
309.437021108774
154.311328172684
15.555
27.0503437519073
0.297140121459961
42.2319169998169
6.59026613143774
173.51327718099
71.2607462483068
36.4621524810791
233.523046640249
39.839345296224
53.9127633571625
-2.69594535935256
7.41288277634553
55.6973689152644
-4.59361402741794
199.72295032848
150.359926605225
93.149518220321
30.5139403343201
10.2299963639629
49.4567109158165
23.7048754692078
16.3565730611483
94.7228942871094
121.662073235763
15.1651958227158
-0.100442519342458
261.498261951265
144.102879450871
16.2530565121595
0.936297752894461
-5.43088995748096
93.496257616126
134.697562217712
173.158293224516
58.604358966534
90.7899391867898
117.382099151611
5.19599696795146
59.7012122227595
133.942923696418
321.345864035866
46.2127361297607
303.988454182943
84.4086414972941
117.966987022987
212.815874633789
51.4191717850535
159.288672054515
8.33429475404598
181.683952331543
452.789270254282
407.235070800781
904.324104504708
408.657854947177
522.499752044678
413.248660564423
555.784010262325
544.332906622636
992.162382902922
519.755254473005
462.430098250106
484.868341619318
361.848443984985
534.989845558449
600.266385033017
1066.71513762297
416.955289713542
481.566435241699
454.737471008301
628.010353420092
438.258627755301
477.594302090732
1098.64384358724
460.522349887424
418.822971888951
609.114266531808
790.306841169085
540.841496785482
476.963231404622
408.807708740234
919.398553599482
610.711544036865
405.252157847087
538.434797014509
863.070840890067
450.251149495443
736.476227858971
503.787933349609
514.223240661621
1112.69092978201
367.230911254883
644.098457457527
434.405206298828
521.83163244074
402.134231567383
903.377814941406
772.282864040799
456.596328735352
434.549790382385
485.620941162109
980.019840240479
790.667852228338
548.084031946519
367.914891118589
402.002220153809
1006.7976335798
397.361218588693
692.331528275101
593.461983235677
791.450794566761
693.766399383545
391.913058810764
357.722402572632
526.372236985427
386.958731079102
731.630106295072
281.019607543945
261.631834847587
154.826200212751
251.347620646159
446.838298124426
237.050305175781
283.544459751674
279.245188395182
139.535754203796
457.709094238281
195.793197631836
117.005165947808
374.263916015625
220.51038869222
543.836233956473
300.714826311384
100.276056077745
240.586165688255
216.686229705811
149.029437725361
265.461595015092
185.815911610921
83.7825980186462
86.7439113193088
222.868470328195
266.607733333812
110.654496086968
204.032909817166
436.092700958252
518.515243530273
283.803610665458
493.023533412388
218.760367000804
442.741353352865
95.3479832240513
125.951559448242
490.07763671875
93.0400354485763
137.193986002604
144.057732582092
185.010645816201
166.884474012587
167.994010925293
235.881917317708
497.939429389106
453.982043457031
372.368548224954
90.5011683872768
76.9372501373291
179.830502961811
181.9716796875
237.209936702953
282.739360264369
257.793923695882
101.82673441569
222.981353759766
118.058970451355
233.745343889509
233.75285466512
210.017632378472
235.078395843506
340.84015053197
173.150305006239
267.171514892578
233.616349164177
99.0089635848999
229.325458233173
163.492471059163
216.192350115095
290.982508732722
245.11088700728
241.257862437855
240.190407492898
194.931619262695
254.749417473288
237.019787379674
257.5237865448
575.022604370117
61.799000512986
245.747941758898
155.918684895833
499.814453125
215.967305800494
70.7880325317383
231.058834075928
479.803989955357
353.447636195592
263.879301452637
284.923839222301
508.674818559126
155.052364531017
122.816342073328
253.805539217862
219.197489738464
244.335040443822
42.0787990570068
831.966688368056
52.0803658167521
104.027113342285
316.305389404297
746.708022054036
107.219472730482
60.9092324863781
942.888743082682
327.193639846075
137.75523715549
386.644762674967
106.4951283137
160.289683486476
210.043893350137
298.825868305407
690.32011311849
123.035058909449
109.164054616292
-14.2957395732403
91.6423344331629
809.164449691772
704.446787516276
36.6
385.537186234086
110.12050743103
255.065148715315
153.279891014099
68.5295570373535
434.508701578776
5.795
76.9279796055385
785.191198730469
89.0167765299479
880.167839050293
-14.8305556557395
51.6727075576782
522.746187210083
267.632659510562
908.433932495117
590.747746058873
462.388960944282
63.9322974395752
575.891489664714
69.6147178649902
250.953952026367
298.994269009294
523.277940421269
178.026580810547
158.434211730957
527.054596964518
818.642166801121
678.285258900036
689.577397664388
1041.88985837739
1155.80892089844
1.40541932483515
760.641158040365
987.713115234375
88.5939169989692
92.8232963562012
72.4423643258902
605.938954671224
161.994634628296
658.81681640625
61.305
345.549289409931
813.171328226725
457.149489266532
16.679865575355
1113.42995920489
230.852586746216
103.971852509872
119.241627057393
106.178532527043
558.200331624349
702.240980360243
458.723820277623
0.89882574081421
79.1137533187866
42.6624627685547
115.03476969401
843.642100694444
-20.3994200229645
682.598909505208
387.903272628784
700.898028055827
74.1996929334558
119.405431813207
696.4108203125
161.943478738108
67.5061939784459
76.6775900522868
171.703712826683
784.177628580729
606.902793884277
214.47633934021
844.457627360026
448.840967087519
9.74448376673239
-27.0909493981667
72.9593262305627
1106.99869384766
466.402187093099
213.41391075982
646.620536804199
33.7528332519531
37.21
62.7646154676165
838.126772562663
158.785519736154
69.0579230267069
53.7328261269463
689.790784112338
1104.6359560333
53.8388342490563
817.956865946452
638.54030863444
234.446850585938
34.1239732659381
24.8178035395761
1129.80452728271
-8.76883984529055
149.755
61.305
74.707676410675
486.638609822591
84.5649592081706
11.4701103546001
355.530949910482
11.59
604.91293741862
385.275045122419
474.993662516276
530.020477294922
393.661278357873
17.995
460.33015314738
119.01682111952
864.491704305013
253.899690173921
136.351493411594
80.6955694471087
124.916900634766
58.8353089094162
1.8464461117382
62.0645116659311
668.666514078776
115.845334370931
346.790052742794
915.961442427202
764.968389892578
752.644907226563
468.656120563376
98.4829772949219
126.865902147795
69.5907968374399
79.1168835957845
754.485514322917
445.111122639974
12.6346386354417
314.268268040248
227.551876395089
517.927970299354
758.091009521484
134.127299867827
316.355818975539
629.084216778095
208.811427947014
27.500406452903
931.7296778361
88.5814727783203
611.085337320964
56.5447551358131
28.4774578318876
26.6462238704165
566.084608968099
12.505
747.972953102805
1050.14907348633
-7.41211721632216
249.01583190918
66.8770452880859
157.891050656637
975.702150980631
908.461825242683
44.2910302480062
892.316247558594
768.086312451409
44.8934091840472
847.632794189453
701.918224758572
374.180367209695
115.346271276474
966.848172701322
101.009972312234
728.829722528872
91.6583477783203
11.1897435188293
528.050765380859
62.0902893631547
47.6562697092692
53.0318984985352
43.6278380288018
123.617958068848
372.559951290008
586.419931030273
624.538981933594
417.804655761719
59.6709868691184
963.373610432943
52.9601720612625
147.201589311872
53.68
338.291165161133
648.234280395508
534.037178955078
553.311549489091
792.375701904297
58.6927010796287
503.381921386719
837.970526492957
820.336197916667
390.532103474935
89.8079080581665
589.845649186955
186.506942749023
54.8965070724487
34.4502499103546
70.1105486551921
765.866416083442
284.229883511861
596.240792043586
32.5354735762985
51.9409141540527
65.9926889038086
46.5633443685678
879.819130859375
87.5208587646484
149.755
32.7520706003362
618.700337727865
325.640331067537
389.233341340096
8.845
186.845494588216
118.612424214681
869.109199523926
151.587947845459
58.6889268784296
884.748645019531
312.551953125
149.755
203.152291870117
1620.4002311013
1358.16082763672
1547.85032860008
1826.30645042242
1854.5265625
1383.49356356534
1810.20245476489
1909.13461794553
1935.09854229778
1895.06180087003
1607.81525073005
1522.80692138672
1602.95035687615
1562.27863793234
1592.2786222759
1895.84461914062
1745.05959777832
1415.83663504464
1865.29891071725
1712.44456513074
1809.29111056858
1758.49768657069
1459.08367766052
1778.07740315755
1605.85771687826
1771.45446777344
1193.69811179421
2005.91645568094
1454.98852008322
161.46666935512
153.527351379395
140.951185680571
130.818249246349
94.7409295302171
80.8215615844727
85.225227355957
114.35640222886
203.274744669596
82.2526637110217
157.405512332916
166.16639046047
184.928368250529
185.724049159459
-0.441405310827707
189.51293147694
613.103351299579
102.632091840108
227.959296731388
225.484617614746
73.3057250976562
463.025737415661
671.413904526654
247.169862830121
632.181640625
400.416005751666
55.5969511333265
569.643619791667
184.570512470446
194.359323120117
17.1524345080058
486.758130754743
-10.4145703315735
142.188001905169
55.3079874038696
278.852087402344
548.207653808594
391.727683327415
143.175718827681
492.074856567383
50.4173980440412
-6.33366972208023
66.2969836791356
238.965018499465
456.12458214393
137.805502891541
308.367864508378
394.823402913411
645.513171386719
-9.35479556210339
111.206514146593
471.247594833374
478.190269470215
29.4986281394958
122.047343889872
44.1625538746516
28.895721244812
258.681037209251
744.22341410319
-24.7986129760742
-22.3066959381104
-15.6726673394442
-1.27951550483704
-6.2284459322691
-12.3366765975952
416.460849537569
165.542621010228
131.928528785706
96.9048085530599
680.751647949219
0.515439545114835
85.5553457472059
-16.8641412258148
555.510470072428
231.181436811175
-14.2775584629604
0.292989413653101
-9.78006068865458
101.958318922255
274.720920909535
786.658538818359
354.93329671224
187.466454341494
107.404621124268
157.68542175293
8.67648358345032
91.8273708343506
607.675677490234
650.823931884766
-9.44575684411185
429.708645290799
376.701764275046
549.621769831731
536.332405090332
495.988469441732
661.047265625
522.186381022135
-12.392086148262
89.7543273338905
62.7550375196669
-13.8767777085304
12.0774741053581
608.573159610524
567.100895472935
504.4934425354
-6.10060830911001
453.948502760667
546.588762555804
-7.38145685195923
41.7354278564453
235.503967285156
513.450378417969
256
142
-1.63045926094055
330
13.7716102600098
381
181.92219543457
37
131
100
5
17
723
-3.34624820947647
506.768920898438
15
320
208.483489990234
98.1205749511719
62
260.765655517578
-9.63250260427594
-15.571475982666
650
20
2
-17.4229049682617
570
21.5921417474747
378.519104003906
327
445.965393066406
-22.5965970516205
-2.25965013437801
397
26
216
411.104775110881
592.680966890775
154.102954176606
331.567902701242
9.15
71.7062135779339
496.777724693561
78.4693274064498
440.246190313083
491.785049229452
237.648512159075
535.52968456127
377.390954194246
7.50819444656372
9.46581315994263
7.24179620212979
193.571898678699
24.4356117248535
456.090626683728
261.399592673942
111.581401297625
594.581064605713
14.0348121960958
351.709871687979
7.27140140533447
602.799630794885
128.57187345624
9.15
120.739872140151
132.00870756119
143.515083668837
627.272648530848
569.554039430083
49.7864282698858
22.0283552919115
288.743547028186
127.060425358434
622.576225751712
357.030524541868
605.599569702148
201.567900085449
368.570625305176
357.581644058228
308.175439453125
232.336873372396
299.91321105957
348.948374430339
307.680026245117
471.61037236994
305.128890991211
756.467594401042
665.877663612366
470.456330871582
301.645294189453
656.485000610352
352.152089436849
273.910225423177
256.719277518136
331.468680826823
362.071461268834
264.378979022686
375.293788655599
603.636051432292
374.607706705729
321.050084040715
249.104458400181
682.036034217248
585.680673217773
374.885798527644
424.391284179687
625.873818533761
197.07215663365
451.865612211682
324.413360595703
783.858212678329
298.167032877604
819.642940266927
645.722930908203
264.16818376021
542.353660181949
771.179910098805
298.801239013672
301.940248761858
618.535302734375
509.531616210938
844.084372384208
306.748944091797
539.764670632102
222.111437629251
585.359363555908
317.479827880859
284.399239676339
281.25151179387
549.129534912109
277.281020391555
278.348699357775
361.059904915946
285.801781394265
189.495996384394
255.679097262296
324.608391209653
227.232137826773
332.224748660357
349.903395489949
250.450369771322
222.558845118472
259.573120117188
256.455545425415
186.375870598687
323.07722245886
293.137919764365
283.686309814453
407.998711836965
257.547959067605
456.990894426618
236.099913062119
246.485746837798
255.098945617676
255.773494579174
311.126653194427
267.646346198188
248.41274579366
289.359654179326
145.720478404652
209.743381206806
230.745122637068
272.694641113281
444.672194972183
454.817204066685
218.107135591053
386.085788595265
280.922365878491
255.479191371373
350.681255634014
160.674182891846
287.010152587891
290.889995901925
453.53622228449
223.542511622111
208.370386123657
240.350496292114
290.313129078258
329.321645883413
319.625664020407
425.485269455683
157.868418375651
255.088016328358
233.643260320028
377.45560546875
305.713013260453
259.787546228479
351.252587280273
308.874259051155
221.736871572641
433.620517403739
237.512927715595
280.654322147369
395.252272251674
224.355838775635
344.460385131836
233.953610420227
206.070441436768
271.308592054579
265.225336074829
231.297213745117
319.685318485383
1568.27732186153
1258.14468896916
1206.92876205444
1699.38203544047
1378.53761237395
1144.78370250355
1606.31023760421
1275.04656473796
1439.83831108941
1319.96679523647
1427.47523696002
1943.11705988104
1543.98768569484
1172.03356180073
1471.0729293493
1375.05423726664
1130.63716579128
1904.24589106722
1848.46064241126
1769.25316763615
1852.50765177409
1349.68029967351
1083.70532712069
