107.166404643116
117.094596671519
104.722104809921
112.542672013333
122.519475469244
93.0642436535061
131.315059489959
56.8303261993356
93.0529068865532
77.5080431932128
137.078189118849
128.420914816382
80.3912081951036
60.1501289983855
81.2738231548174
102.213553779283
82.8296215506731
82.792100032065
97.1650455093533
123.580633772272
112.597905710526
68.9624366835945
77.6029430632128
96.4370512620344
128.586054596912
118.989749950367
138.358846208512
79.0327074061593
86.9090265634609
135.429195042994
95.617579974712
115.797385221309
107.25451030455
108.993991147421
108.332706748232
120.805051302454
79.3185727299006
109.989163324364
92.4008768847431
93.4790602499749
113.193644071747
103.161923804069
103.08358217942
102.209848423148
116.594266691437
88.5317289066629
85.762161886433
120.927700067295
78.274033643152
115.585627278437
112.742086035636
81.6078156957797
80.9940533956792
92.1041111105165
80.702339245652
94.972799379851
90.6139680166808
96.8234833017643
103.826410402242
117.327286404021
108.539221002657
90.2006465336545
126.013168747353
89.3787602777414
92.0877703562513
84.2187978103011
80.2159215988437
93.0359073188066
107.857207681275
86.8952021798176
58.7070102473339
107.744516197733
96.6482552541413
98.3601903565823
99.160624831703
90.6220221160997
130.447761551332
100.498458884365
79.9267585223638
64.7559857565311
126.85408759005
100.586493094015
93.306636872938
77.2756635197359
105.084528262249
81.484354570782
129.810707851124
87.7655858868535
71.132175300672
92.027383752087
107.888992156598
102.125952732825
112.505815468188
129.02030507071
91.6542639328868
83.4421238463873
103.819218052803
129.589464688538
109.067194856856
118.215931311679
96.9151780457941
123.375883468439
90.6484842927724
45.1663539121668
83.8138526921884
121.718990094935
101.751636290625
98.0091925856782
63.2773041592991
84.0354904707582
129.266677459208
112.664427340043
40.8273346317129
111.168590492819
126.527898875748
118.179956134431
90.6617012458508
86.2873298999052
94.4771835668395
95.2708049178491
122.19285962441
101.625599681978
111.996561416395
91.4561359199398
93.026667559088
76.8511792878964
122.027124251961
125.626330103696
109.68217559382
59.7229423619136
69.7260115151056
81.1241588631857
77.3638847798914
125.009975663647
94.7045507333127
84.5112881027205
76.2565142310973
118.811083161705
129.015962107559
104.814054502215
106.445461901369
91.7331747283129
92.6167272106056
125.859013352591
109.383149466572
152.032698219296
90.781206303085
103.822622217211
99.5862523533738
84.8754994883111
107.836129904396
102.611643392717
106.723779879992
101.704685614036
88.8775012224052
100.878114842134
123.671691579347
87.0888979388709
82.8403048888428
106.010964393247
74.4551547924907
88.1373856346126
71.5789952466013
108.567073397539
120.40402234541
91.6234030834694
83.8491886061751
107.258309783014
104.413979257703
92.528644311121
101.852269975606
123.747348261786
73.5201421907607
130.844507043235
127.551422947475
89.4635675701132
75.3032293237472
60.4027047758971
109.449479868985
120.521161658592
85.9934604699262
97.3123722208895
79.2775756337913
100.503332149385
101.940200098194
108.500723024077
79.1346086895347
77.2810929889507
134.857955589576
119.201435606642
77.695797061464
75.0199957178086
83.2867576719295
84.771338492444
78.6261495037951
58.5294853118517
90.7820386441218
112.084673053436
91.981011036861
120.778141726374
97.9741185424036
83.4881049599342
88.6922624679959
110.200038495788
89.6559988917796
136.965362222824
123.788927571872
149.68605022575
114.075173021318
123.63419474142
66.4877380561998
106.254298064954
112.305888761591
76.6159541912576
112.843058413788
93.9346286411814
107.584419966116
91.3749696418064
107.50854404311
124.382407105239
88.2562822407279
99.4328322864279
112.762428761455
116.164385915048
62.8166296081044
118.244307382689
74.8858789659785
90.9895731954585
74.6229603627375
95.0936970157349
105.186738228225
124.941308351991
106.181077899655
83.9710883529293
99.0619104210666
96.4573732885219
85.6007265383561
93.1513759063965
92.8131483927246
96.8596539527259
107.533108425053
97.5283488281478
64.1025519403481
116.824753826412
121.963108373575
138.137682011781
40.1793929320713
125.38136101375
79.7535537271355
120.039791884351
75.3289829299719
81.5296661250324
126.307677040125
96.1173633429772
88.6980089978843
85.1892312062758
79.693823664963
86.5756806610198
87.432060147692
61.1815879922971
122.671469770116
72.4636076357118
89.4378897860144
84.0145878295669
73.883326471009
56.9512975384494
126.22244602001
102.546042214969
114.80518588627
93.3415585326819
131.037830602276
103.500079331766
96.0153213933875
67.5926661710019
136.778287820546
133.943512679796
69.7568795399183
116.544580902818
116.1766241527
128.675377990616
105.254496019942
86.8506203656168
86.6803835943765
65.6934098788829
148.059424292526
99.3560821346711
120.861447337192
128.807060630407
102.186784223283
94.3399390516637
136.802936035853
106.949458282555
100.198305698042
106.629773014411
113.642624172526
106.463919797535
96.4632086135452
91.028035434936
97.9715271553656
97.2161582460712
114.930607538349
110.039438768776
113.217060582477
116.397624169985
93.8069617365778
55.7855848178568
92.9142356255911
85.8013573143776
95.3637979658126
78.5978678816227
102.651357227881
70.3970538492771
108.438797738488
94.3656389616928
116.637563829149
126.164300638608
106.855871456885
110.641661341412
115.735129968873
155.651334835158
104.546256128381
93.2718994568934
73.2122937640189
117.863793727252
129.15738724694
102.254229379077
100.638313786004
127.476039008998
94.9680996203739
84.7464677347398
107.643555385361
90.3230262254192
89.1113389949266
117.11606034134
53.1294703419308
98.3568711460759
90.632524626591
95.1757127736725
81.8188221121437
114.758815983007
125.333489198406
115.820470548636
128.916190285544
110.654226055387
117.798238633745
91.5224927413475
105.933490222036
117.325784414843
118.030406319725
79.4409728673076
84.2498149457701
78.6117327411035
96.6092377328511
106.948584695822
88.1654751300266
55.9880592649134
67.8184149227461
98.115490210188
106.22567398557
94.4164719089743
84.9951819488874
127.854356761439
109.347425602359
97.5625700304163
100.178257609361
129.685813639799
99.963951023223
132.044627252245
119.809006789354
127.468633808749
80.5708996380635
92.626039229313
107.069476041025
77.2658640794548
56.5483632414062
108.821702716368
103.230688671276
115.684299963369
97.2925511094978
114.642701608419
125.343376699199
102.338363507073
115.464561860027
111.252269096472
131.264163217215
111.109776691987
99.8173546088913
86.5755304266428
101.506791896281
125.890667880002
129.233881624358
83.8692230147766
104.32992439561
68.2731851530441
98.1051204449841
132.497039481529
79.8915414237026
100.599668133383
68.0991980284277
145.549351508738
101.394850252766
113.844016916
111.28877854161
99.7700337124949
101.044772156185
64.4332302509622
82.6164137867897
97.9220230085614
126.155742451175
97.266437770374
78.6371727303689
67.6602595188893
82.5370151290907
117.52851715861
73.6073254997753
99.9987625004534
95.6801732723914
124.069967992927
106.672433800053
113.767675128929
59.1100816132507
97.3426354848444
127.085901984318
83.6639651659448
111.480588543783
104.486556411379
65.7763043473308
69.1893585024345
105.605483633016
134.5669300603
111.218111469177
122.735776823801
116.040009244277
112.268981243048
87.0838816437558
109.092823229319
105.903056999663
114.516664539755
106.726739919658
82.5096110744612
73.9492465170771
118.133512742653
56.5930682513074
98.5703691001604
137.583878086197
91.8091422254524
80.9629358331753
130.384298647882
101.648586310049
80.1858342258582
71.7940973986454
106.277286012654
88.6030586234446
93.3483130492639
110.470867380104
88.4481020819185
58.1519246187396
54.4656175146255
110.639083630477
110.993985068011
79.9684006566217
54.8438140279851
74.4231779224187
89.620489058192
120.643021608301
88.3807642459542
132.736045255761
114.279174161624
114.013577477492
115.194958555794
88.5926130570131
96.0957441932489
99.8313688582198
115.931995695804
81.9532581858478
98.6660961353774
83.9755109169002
88.7143737151116
107.643845100487
108.769689429149
103.05150663581
130.221028776166
140.2600663901
96.7786553889225
95.9133024526266
115.554658503654
122.280137781323
67.8151378726029
110.043094755802
104.303386744561
140.696784037883
62.3600242700478
122.174974522669
116.776746375439
101.729583145954
97.1755136817851
116.792965891469
96.404500783533
108.334970318558
111.541089801762
121.016576038433
69.4230230803937
122.744132028465
84.4726738455071
95.2888098847754
105.678172472016
119.782389543394
102.671217921362
109.547159420582
119.899560372237
93.8762645452404
132.087328535556
108.433895375086
61.201587740658
133.811645628427
132.902014771937
81.5955203650045
107.489936864079
69.0771854335847
107.43840316983
67.8183008877123
101.891298371141
95.7497973383268
111.469287398203
99.1951699001703
94.6882119474727
118.343064550005
99.1601665895853
96.1980212033433
91.8122721859034
77.3569444553058
108.896202569294
75.9456978353549
112.352925029926
100.960975005939
90.7095255974009
98.9029977665379
103.45521885465
96.6908892497268
98.1850099718555
98.0751230653313
110.098136039531
77.6150131016101
122.137236876731
98.4643031660138
128.273373248163
104.106348805277
102.16769207271
94.5188541286386
92.9742743150614
71.5066868603273
98.3849319960325
113.950745178188
106.110547999915
120.325692425318
94.342525024132
104.894450489499
99.6217759442367
89.0250991443388
74.4770157427296
85.3019519580496
99.0170932763223
100.160130877178
121.138200493335
84.2365710439278
111.138012664247
77.910311037429
51.225511018791
103.02229899438
103.267449106739
123.644092803904
101.951120286927
69.2825187299244
108.394624801515
94.9003066169134
93.2227533229663
107.169683832373
114.57087572749
102.623901515351
106.238651874566
101.052199153209
130.142798379736
101.096142728481
121.230022182101
70.1288346087427
89.2563598613699
84.5879100272111
112.351238211846
126.55676167184
97.0240162195938
85.276563741977
92.8454460911536
72.0616268795355
116.140282574559
78.9277255217924
87.8713308804637
111.095482271645
129.867757109207
72.8996677380806
91.8994687625556
106.672634363779
71.9672439564905
110.574980594669
89.5702939166707
121.061259611717
105.4042384121
109.745079745715
124.711349924452
122.391331716877
153.678653615237
46.9846577757115
107.736688326052
100.09377611318
107.318849100149
69.3929996060022
82.168827709499
105.277246214483
137.088661382908
112.88632693171
79.2385190115854
109.5006520665
122.928553110226
114.777476169671
95.948346657182
99.0605526427968
93.2189309774886
106.069748242097
103.235761872109
75.1389801436178
103.94504118478
98.2938886192811
68.8660375015589
104.352387867914
93.54387349237
104.777767661395
102.656191666216
85.9219081101638
122.540793832725
85.9321419866777
70.0362990720388
110.224722185755
87.9784161085766
110.328612130031
84.8777983040318
117.637307478546
99.6951391946853
133.034895013784
128.822228535846
111.672941246157
76.590417334802
66.7379033620402
86.0103434137474
102.898250873804
110.705737739831
98.4322989322033
89.665616803205
113.91810162545
138.309261164046
112.299266015934
81.3531440932665
108.279305804387
60.0504419609848
84.1269138699124
81.5297225564954
69.4659577059643
115.196839456778
111.195100712776
106.068698152808
41.5698504504057
97.076889752041
151.413879248029
134.245056651815
101.825074309739
121.661514192884
81.6656414981445
135.634568395123
101.659852823546
159.584934234138
91.5415810444027
95.8832782833595
47.9504076449529
125.332078517046
84.6391730284291
80.1420054347266
112.848964468604
120.038022730206
97.9689187843767
71.9562814337971
124.507959647769
104.661754028113
108.425157746816
114.167059020012
77.868702946879
103.863331702106
109.563251776609
77.149198938135
92.3480147236371
97.8749147703686
135.524468126621
66.8361555733034
100.624788604614
75.4652797817105
123.757962595753
85.1270868587444
88.6515579419603
96.5093922544517
125.315555742007
104.610411707219
93.6368121431672
115.705151783981
83.7830185503478
85.795697749214
120.079786921634
93.2288696080018
84.6479002528723
86.9788277875122
81.8710074974641
119.423193327739
86.1107221496187
66.7205111590124
110.411213614123
134.430014140992
97.6927503117545
91.8310229051258
86.8690532525929
133.958685221553
118.441149888747
30.3617924334993
126.818296557597
107.963971021894
103.649779020502
112.381597875383
119.78154537313
82.4481294201997
138.326876030944
97.4036429432791
107.002313442386
157.120901251967
110.913870733921
87.870923920167
125.805158036551
88.9907114126377
83.5333022894739
118.918622482348
60.7569935009354
93.2335922872389
105.318017769297
93.9591399919416
90.6019778658419
105.04600823226
89.020491521503
124.364135073949
98.0374385259181
97.2793519542779
92.8823954602544
142.631892591474
103.671971794109
105.622707097423
84.5709899956159
80.1540965379214
84.9358405590864
97.0704272008638
114.325151387782
93.2566251625115
108.001589046654
112.057190150986
90.7741676009031
66.1261070171117
93.910104604488
90.5121262222474
60.7411739273618
102.821614719291
82.7889764932738
129.15903107053
114.959929304359
124.509365968161
79.8697367291533
133.678582050037
116.596684402863
115.040070589185
73.6025720907778
95.2154069851613
89.7355211147298
82.3075520073707
113.323420413382
106.808465553795
109.322486847864
111.409230826352
105.44284188201
116.151305463551
121.768090459722
75.7694142054884
73.0765767048477
94.7647588640907
114.841796764308
95.9957592283352
98.8455744578843
83.5819362310612
76.5516515356172
98.6190826482245
94.5465478607911
111.274891657776
108.770103697321
88.5017253236293
87.7857648255175
90.8219803355134
133.059139129669
71.4122090627026
67.2412676212914
92.7950440388386
127.991333860996
90.400069387215
97.3857671764022
96.4388383045745
89.2234804593176
105.950624815311
89.61041862336
94.9415566625231
82.8020189934027
88.217364121857
130.668377661796
74.2477558427331
92.0855792180067
84.0927257636644
114.627208156987
129.045293183152
105.495466764037
98.3992333900556
93.96870706244
122.305212775955
165.456515798239
120.123330316826
117.967899245254
116.429706770913
87.2818495250006
132.244878819004
117.791008553542
103.617713885395
128.511583727056
92.9255532399271
74.6928788720507
99.7235350884425
87.4056977903874
92.38106530925
85.9998194315584
85.2420829258674
67.5930777451843
103.610267363139
111.084357962291
105.872295523973
94.7063881246244
104.517945455987
102.001629231518
90.7660712949512
97.1847114997867
79.6908203522927
91.4182653909464
127.99185011231
125.356976033025
83.7196268088117
138.424572985275
109.017588172084
115.26662399134
74.3643488953173
126.76133612332
69.6004891946754
131.783104962278
107.292511469932
82.490782577113
100.289546672842
95.1108696283831
98.8919574917102
121.712957380138
80.3434604139807
86.4628190631603
125.243886576366
106.705373782541
131.538918450397
109.286110746852
84.5504196312667
84.9495059838155
80.5678514733295
106.267811194715
91.9418305504227
100.922245189934
94.0601142484322
70.7308492407246
80.0324024569945
118.651231425466
58.9404585876646
127.783973126705
111.965856818939
44.807558726728
86.1238381852169
110.213091448898
85.0487435273534
113.262222805915
107.03845086604
124.33647538645
114.932953914577
122.707176552331
73.1154006752568
117.455556384258
88.1360754641323
80.2874267744172
57.2872251154976
62.4574969906738
125.167529856069
100.329358096431
76.7092288323837
89.8063679304067
132.772613011707
83.0244763760298
106.171085219765
121.70645697735
88.7779137179191
109.916890939954
126.421806652265
109.351479703786
109.691645384299
114.288662847368
81.5404469739842
78.0802927437542
80.4366721474838
116.93103697667
68.1583650593019
111.607797363437
66.5544223052651
101.165641016253
114.842850058162
103.578858713559
118.111862764664
58.7666157953804
98.6896177495984
92.6427112849695
104.412798960879
115.590990330145
91.1521287362357
46.3080755683245
141.096666613208
75.9860575452617
91.4103484933276
127.089018979928
74.1722552839629
102.758994724563
78.1314537117754
89.4506840938079
116.629059204773
104.313228286778
89.5624513777882
87.1768121121191
89.4926980892384
84.6405618433386
103.952017356034
138.289325192677
92.1104550841194
79.7821937142363
136.126849727077
138.88445396117
84.1303343941441
96.8322281168717
98.3919140273514
104.576176576424
110.326325870572
77.7079011548271
142.273065140688
96.3616376768131
121.023790813464
67.2121487075021
56.205394400186
99.8101548699602
123.469398219311
113.191411364908
97.1173119729185
89.2636546110065
76.897659029388
73.7088269399019
124.748037314929
133.869275003147
102.433657274917
111.856004060254
84.6725108111793
112.335461216778
83.2135431723219
100.6566281093
125.465171884197
73.8968320150906
86.2337872199563
104.12029407193
71.4492666636808
97.216368306027
127.373589909176
97.6011923713191
118.808341768521
66.0178630083604
70.2265475995896
74.2761310468904
92.3023531465058
65.4399235435899
103.935965042961
89.7209332266526
141.391144159121
110.196301859813
87.2674717700133
106.550176589824
71.6473319899731
69.9949949622838
81.9002747417474
83.421423944365
88.0715787843443
107.36213240782
86.4477754228617
78.1169856449162
83.3699590175653
40.53047829294
100.819025299089
69.5690516937603
119.19627310194
93.336288762874
112.093751800366
119.78475163972
91.3885295065054
91.8742485030883
95.8503640198088
104.976017218785
109.431798057767
92.9365353689956
91.4378448703988
130.133365801209
117.975621862919
104.164555460002
74.5108853793877
130.788293816489
123.982570796187
66.5279348674853
106.219988766454
96.4469921620346
84.4037401894302
110.721171611322
93.564574177219
121.858387837628
66.8262556812092
112.395973276417
93.9661536878688
125.079754057364
118.240465635543
79.7086238515466
76.9598236530214
60.8320832180599
76.1485917050003
88.0920729953406
121.11324770527
128.214817249934
77.361963027574
109.267962415653
95.678059995945
116.301242621642
122.613803718511
95.7105527557511
90.9721420868014
121.849753934718
106.756893278495
81.3248612861935
80.7067226719592
98.7283031165434
110.06801949073
108.718782457842
90.0864623232127
157.538798554047
96.8030297965541
68.6408434813549
70.2705138236589
88.5460829470995
110.753551126102
134.31653081622
83.4932120964365
141.33327785978
136.702488397332
125.260471615637
121.983103305141
91.0397175248865
118.540939818541
97.6895395594704
118.372715042752
91.8434739924775
86.1640275409088
105.159793455854
72.2342181375651
82.4341488007349
79.3416727363196
140.811512865582
73.4868403118618
93.1707547916658
119.285759357613
112.235356624692
108.20824676321
105.157742583766
45.6681272857655
126.788176154007
86.051552731055
84.523388835051
106.796418136246
77.6878775872642
94.262067903372
137.587273047194
88.0163905712433
84.6634588112623
103.265344825191
84.1556556586711
103.693439314644
126.107367739004
82.8342118035228
111.225287703024
137.000470429991
82.29784131831
72.4166095251305
90.1911134216404
125.277312311757
87.3595173912241
137.404704668358
122.681412590084
66.5603931724379
83.2464071071226
110.763691153994
121.781932316692
55.7590593389196
146.314656422401
60.2322409715299
109.307403152062
105.556060086469
114.119913523987
85.8236488288919
86.8589284102591
110.75567239255
127.688913736789
115.999708469577
105.584769337828
52.0492671859386
115.414479682008
73.4051679989879
110.620971395602
104.702512605945
129.626835661038
94.7045097381068
110.775090272293
84.476104921637
138.430660394137
142.061219596303
109.878946560079
90.9893260616909
95.6094323964477
82.2435891257774
120.581045947458
64.4671913225828
97.5161210344562
104.256510425104
139.586543021668
100.917738200085
103.550613160661
119.187143155797
114.43175277547
107.412738836836
100.050539500114
110.373551173165
104.777733269091
118.584771274318
126.115690699347
119.144361430713
104.767177779683
103.931668420586
133.919934292686
94.3224378234798
96.2132385037493
70.5960467889309
89.7293613321902
117.142424988796
126.351832930819
95.0195233971289
100.040441939081
133.89921643392
78.5601876920905
75.8262657389875
107.361766987468
58.1934921855386
72.914494255709
79.6543775552841
116.649478568899
75.1350554015995
71.7077331100526
117.461968290968
108.860125421884
133.538821768961
126.762583819038
141.669791390801
102.278556467665
103.452319021967
90.409655746998
110.421673349855
99.0802963082246
83.2236015449834
114.634454995247
112.281583372987
99.0687810317763
106.806896710767
90.595049877168
64.511765703896
134.888284916199
133.206355375742
151.086196127294
54.2276941002401
103.673919048644
74.6353451268927
112.291213064974
94.4815994397696
105.380767648621
86.7585758954108
99.5565211265448
95.9554348359888
127.121598735682
67.0725469577624
98.7153478087499
105.992586832597
108.7750303506
116.95052409899
74.6692279637986
79.6529839816925
98.9026215944073
109.515889547606
87.5381823317775
101.672530308466
154.040185925091
105.557651706477
68.1806043009902
130.381594446457
62.9548676652129
87.4376369417002
78.8639055891236
84.6251818793529
133.707701928883
83.8386685326657
77.7168082708473
119.755145346882
94.6240173594516
115.283158255519
105.000243427561
122.850806766462
110.346144301695
97.2282279873199
103.16444348227
89.5687965123859
114.307752442039
106.06868041582
130.292987592886
82.9165740729565
79.2989598094192
129.909715981097
104.960190564016
115.669379612141
104.634913417708
124.966113651764
105.078650424899
92.8212509942678
110.107560807948
97.7650230173657
128.42551885152
119.133925567099
112.344403866493
116.497854172837
87.8617256442662
88.9407075221349
61.814833546274
130.535539217071
159.522098388492
117.687026817002
109.944527036717
99.7782422755286
147.219630070938
113.077894093102
88.553018698544
90.5633109214426
129.438359429725
78.9304572421134
88.6566187953494
134.380291850835
142.586710902777
67.1255188061627
93.0611618759459
74.5264895642256
76.5178957423347
99.6601898402667
84.2440158791799
92.9295936329906
64.1351991036474
92.1076202640612
97.573477388111
80.7439581866922
98.0711727430726
56.1014039609582
99.3885290015484
99.6185040393279
93.1908760421679
60.5863476934357
109.32756434088
132.244540901847
120.264126160957
93.5853781232813
114.330252177681
111.186617503522
113.276184385197
78.6273250001809
106.592007146574
63.619141166424
76.0133366101346
87.0722697572688
112.18976371823
113.70629895809
94.7988360126517
96.2135844734491
106.298483242925
71.157648479049
111.486847168793
111.272123086684
101.691449390983
105.081350915366
80.1006617245156
86.1630926725084
92.892635968681
76.6464881382338
132.930309321108
77.0009532123627
97.7594336000636
90.9167987500452
96.7740641224757
64.3503815856713
90.8673554943824
102.015926349562
135.618445626139
55.9303043608466
83.972898653901
98.1231573138934
86.0651127331417
81.2222665813659
87.732584445254
137.855689861208
116.295524116322
37.2188379889203
141.702181753329
104.031242700324
86.2954195804802
82.3588726255763
88.7619811771156
87.4808925145844
111.713963549451
88.3932348211625
95.9791145536488
92.6306645665133
123.845957064339
135.454370091917
114.611686657927
78.2575444554516
127.71058922213
84.9339631014367
100.577345478167
89.0113830964932
126.008725926747
92.7099786209538
87.1888805323162
71.9162674674769
76.5501744264755
73.6641144695248
142.004574887853
109.55644084062
130.824249697208
111.115162918718
151.766680934637
103.091731244644
60.2609094893835
86.8384978859722
80.2617492475704
94.7505119238162
97.5099871426082
110.925698583131
75.593531879704
109.762196513031
103.48841779991
140.814143475115
84.8070129301105
117.924684313275
87.5228558695838
152.141121839853
89.1629990466595
119.333118615981
63.9715154009859
102.489527427929
78.8434112588315
96.7299358591992
104.883703629754
90.1519485500451
108.242947764066
122.111988984922
95.1377174327967
98.5084434975653
108.398631875254
116.240763611565
109.982802463401
102.190093419901
85.762322103776
137.178763628703
131.100672972884
107.018297612731
120.102253601617
121.69787330495
91.3525694357255
41.7737059064256
115.470265314076
68.2427165736769
82.6281456639236
68.5353160253572
98.0816277771628
119.112899391684
78.04698464395
118.229941964054
123.132201708056
121.586107711548
96.5358221307072
130.33996218515
62.476309941475
91.8482634146786
95.2735264397741
75.7702167004933
109.96246843727
89.8822772426034
90.9378774601924
92.4770168695788
79.2029766515537
135.355066098771
128.550705438333
95.882950506737
91.3407825513307
78.8343536009113
104.930649716004
133.85246129224
90.4289401865249
70.0641855345676
54.5078010200512
85.6964804797445
99.5985997958939
80.1197468419795
45.1371276024425
137.579945721658
99.0050018938615
84.8319543191338
97.7967206158247
93.2874085545665
120.432284555278
85.5997131538055
104.560654613577
98.4695065044066
92.8755668896592
74.0997985828266
79.9727163020482
83.3476997757284
81.938115804075
120.965446576386
100.676361640571
95.968700562874
98.7966994058727
90.0265461047673
111.106472234915
92.4580449174512
75.7160106623458
110.169860101005
96.595738382108
107.872706548551
112.842171022239
103.310756553312
106.914133229614
105.35273857856
119.183773055797
73.0874024670073
95.2190254750999
120.733296169303
108.183469359284
116.386436729087
111.296188680495
101.246562187692
53.9735316993396
109.141969071805
66.1570992870682
102.668103990193
74.3028935317575
66.1360169330829
82.4885580895976
88.7574007953073
85.9246577999708
90.9324653912462
90.2135555414186
121.977768366346
87.1937335404577
77.1073520107876
56.7587591497723
111.708628151347
125.05115982334
149.599572876235
98.2498768223338
84.9472968974073
138.403345885625
105.79679615224
99.7669765167925
95.6440587161213
131.327186253862
127.111246758324
75.0185114266885
104.348775406654
116.855111617333
118.934590993385
117.47376254788
101.863948758168
102.178919966566
105.286415902657
56.8772782427857
109.101397065757
110.283339892318
67.0514712690097
92.0633627775939
108.967683093521
111.086277921736
137.369868823949
92.3909484074511
128.023527823211
71.998505227873
116.887236783503
123.712009888864
116.853712772877
71.4927533032111
97.1324040070601
97.8181381208686
101.638925133032
119.485741146318
125.595851595054
97.1183322952734
152.00107406566
86.2108367093339
67.8189888008829
70.8889608072033
83.1133327907214
86.6086574036255
116.687810423824
97.2556057230347
116.951409764089
114.099148304302
95.1028764494839
121.630934820484
90.1381153774207
87.0424276829233
113.064581259512
120.57238974196
64.0685246777441
89.1847715369729
98.7916011822425
67.2791796240752
93.080235922693
118.873740202698
87.8997378839722
117.061502706922
89.1638569030044
66.7518560128196
97.5323760378809
94.0649508687584
135.297957696824
53.2680246653679
88.5588725367141
92.3085462490385
98.2818864298779
79.8052575554127
104.671443712218
103.608096923086
72.7091580205745
102.278077197799
93.9752821479854
117.637547746965
84.0595075905096
102.114609688154
102.761114380005
70.9152927873865
104.380606237583
113.059950946094
89.4655776440095
51.8301888975912
124.151665870206
102.401243991309
83.0627180459901
89.325582115017
111.223263816157
132.106924753359
82.542265482144
107.283129843449
120.148916545024
94.3902845571397
87.1661992676753
114.314333446478
120.403106286788
97.8508780626574
99.4864861397241
65.2089342660685
128.192491775788
86.3554455026128
89.6231394763164
64.3059484145702
123.294080518992
110.65429088155
115.978469803731
120.806315233829
77.8938300562506
143.750907432173
71.9879255818098
134.278545070224
85.1683263647839
114.887041841813
130.370795295294
110.747314540449
112.373390644965
120.105494740987
110.176801735737
110.96405592368
94.4789347661425
80.2020146097994
116.923513969693
91.7108017327171
98.8574466615756
94.1784554311577
93.4325342157117
167.953717810168
82.1888956480067
80.8761375750876
121.138516274435
60.4711862684605
74.9514045848157
102.091075819721
100.889396699145
110.0783966197
63.0018319745842
125.759097259678
101.004734673001
100.188070628005
97.840444620479
96.5993755383433
135.069044301818
83.929923400294
96.9448923635114
74.6448827370708
122.242345815891
128.662617061982
105.215781336056
103.741265185327
74.838266194574
86.5071411245547
128.176982908066
101.302295306077
81.7584625210775
82.3476014517566
135.962125009224
93.9706562542323
97.7259335225643
85.9431209214336
105.666660677078
76.9447927810644
157.6568098645
82.3406321722006
78.6513020033015
115.48276722739
90.9756911612782
81.1755963665482
115.4447330252
100.591149339207
116.924793139462
107.598566750065
75.2278290118876
65.8773140065411
87.0977371148113
97.5555112737075
113.667680474843
117.622275771209
143.685564161583
85.4582240929967
91.2841100985159
104.575589159085
104.473637878173
117.833695038815
105.41794511283
85.1622748665898
123.000700106573
94.6090151487203
118.946511119508
101.877579076612
87.7182593452228
69.0674601060012
47.9316527757904
90.3846323292282
100.854873928686
128.699484806746
113.846035205627
78.2191146447741
84.2304325955219
66.7804440523327
90.9549595244915
113.159388186566
87.3244784977984
113.380155300465
93.7250113462533
126.274429861884
118.70477978361
103.504422214581
114.72207669937
110.791681191787
122.061983277267
105.338830022564
68.4477932149365
74.1040076639946
75.587546593962
74.5330354200519
99.4753865971122
113.646009270267
89.8730668472047
108.775746490157
80.9887108639161
97.0014954152778
101.919498670658
96.5674366570177
124.970541021186
84.1758868053861
81.2516427488641
124.657298188025
81.2215443298492
74.3279175347401
112.756562984181
104.302180567982
110.368953509003
108.570124726136
77.1071239934092
93.0425187504511
97.3935797786683
126.814524090479
106.97605055124
111.542045909669
151.754000770209
93.8335035983455
120.505438167793
88.3749293189369
122.147059988191
88.2158028438691
89.4939464046889
124.119796363589
109.050544759563
93.8243250179544
137.196702937442
109.513522770698
126.292564364731
146.660050509748
80.0601309265754
91.8138738174264
107.27357365198
98.3632470991533
96.5088387368481
95.4724330575839
84.8751693071475
118.82150465082
64.3583679731261
98.0206423779515
120.428875085826
91.1620939173422
101.37056683806
85.3688364598849
90.4067496738452
82.5539871059519
105.344396934678
109.328133892566
84.7980842004387
65.5867005008685
102.973100933167
102.566833210745
100.074476702475
150.622533459205
83.8183624874277
75.6091389694754
117.119411412184
104.041766381587
101.507318152737
144.050698601023
91.4356197570641
93.9885459987517
105.237859691625
86.2752630253202
103.007325071617
67.1980493524541
125.943840445885
99.537007914006
101.388232587191
115.582973993122
61.4749114863682
79.1988181688355
86.6599192611654
82.2384428267091
65.947713505505
94.23190457218
86.6202154841274
153.318124040058
100.30750181001
88.6416690225692
47.3947532810032
76.621290156544
112.279446019156
51.8881321955418
97.2142623157221
113.039236294464
119.499898958886
107.753833210294
94.3287818080925
98.9576597501751
83.8499313744697
93.9975512905643
54.9912319343526
71.1907966896331
124.453396956075
129.007232319852
134.183183839884
79.5208846930315
49.700365491193
142.26253544571
143.170787539747
137.182960277572
147.653286599592
103.450209961937
106.398805453352
91.0702221377366
94.5571815391304
125.950784330615
72.1463009944703
79.0442555957491
102.633195994676
32.7985247599107
107.379142934036
95.2988259664961
110.328427280542
93.0888630091027
96.1837892808133
69.7559066053123
113.730094360062
114.549317551942
99.0171853056148
90.7671299915275
109.978900364631
114.460140179637
110.383487478901
148.838204986612
94.7665794180742
63.6134448982588
97.4532304028655
96.0584131704504
105.039992956848
132.39219534315
109.200130555347
136.336822680255
123.870977206603
137.4566505009
118.080744899036
57.6662808826456
122.92791972666
94.0152527011266
57.8144039020014
106.911091446693
106.851601725092
107.299178928677
104.502656648927
72.0835057604876
85.1232017343531
105.192812383875
88.4818419295584
121.124759300108
119.016538785857
130.690285135563
73.834686443611
89.4395766521745
96.0295596461606
120.183630306123
138.77829568351
94.7845448028263
109.487666148963
103.068634926382
97.5868307102559
52.2937356759812
76.5960830223902
89.9600831686331
94.7281876054772
77.4452041345486
97.1259560024761
94.4918176110312
97.650627164468
92.2043314004032
112.085148146294
89.1457518658391
111.988641150938
84.5802376620101
93.5367423348662
103.987293036656
101.489194251839
66.6902165812336
81.8206520594263
87.4720779153105
94.7043298122639
93.1162253121895
136.56905068927
97.333710035605
138.758099669671
93.2825770532021
105.955725642209
121.53795360295
56.5242058248248
107.586996915648
104.803190026795
115.590844421082
107.879986556529
119.715159296591
72.1925971121392
96.9391771589577
104.072272334614
92.1843837976838
127.399408378783
125.705255436056
119.356348933709
88.9785670904109
92.7338537527212
82.0748451181929
70.6317820977901
96.9963008274529
63.8248936044974
97.5129366349076
94.115437303622
134.430439245329
94.848599196278
145.027476692291
95.0592553959157
112.152545340749
104.930348874825
113.81181740034
80.8796993206375
64.1490076951066
117.87928312542
118.693971645093
81.6241896682667
91.3105754769708
102.052494883244
121.233288912303
97.9028703053784
91.0329810117294
84.0810804106683
78.2869608160112
106.876824704659
117.336202934492
75.5219081407911
112.083668066251
111.867121229209
118.202271524875
102.043273047914
90.7618904686638
111.008949944575
113.369014037288
128.721989069916
113.665377328972
91.6533177729037
120.484250830524
127.169978835286
82.6261314096612
83.2550025809314
77.9936420622369
107.285626167761
67.6281799872264
64.3356183690835
76.2138777167217
67.7757976495918
137.352005935315
111.885733770907
85.7865278432855
97.3759257867979
73.7300231042238
75.4503845132795
87.8910638172798
129.506950963037
77.552020135092
113.272326567364
122.137102420794
77.7428615381065
69.9268264356067
142.237205305216
102.553110129167
84.5779392768785
100.631540477334
118.134231017935
90.3774305355046
118.110411135263
109.418584634289
102.978490137183
76.7108579735587
75.7751948415404
116.271452931822
112.525188625269
110.314610794913
110.902706296815
126.862186617677
116.428185217138
150.695939306078
102.66539817529
74.1136272723247
93.7809044892283
89.4863362810668
110.557857529227
98.4324659490883
100.292806979277
81.0401795339052
82.8126360187286
97.8646449337402
96.5704414384542
113.464170798753
132.046584677137
86.0675949842213
82.5433976692027
108.218410484448
95.7912730507374
97.167902356531
107.476052547868
93.3952473986217
102.749528098614
91.7704314018174
116.611235299793
72.1685748023
94.8334412715009
78.387219300801
89.3693005265493
96.7021746796078
94.5285440694086
76.7666906172822
79.7303073387372
80.2991789246101
63.2457880484699
100.199588072032
97.2750688748577
100.109635746184
103.313396090693
90.3786180338348
128.063806326156
85.8478376220609
107.699654773117
72.9929604921157
110.292810918636
79.6428688422603
133.939544306503
89.9777689122073
104.462208631194
132.769022092629
149.919452565398
62.5776245936977
85.3228773791105
124.214258579316
87.1785389461027
151.438386297473
104.606172465874
102.064784737382
93.4502016833179
112.754252867355
92.518522215226
95.476234393057
107.411240093307
93.8679792392548
90.5653314994718
83.0846151346865
61.1518246436596
134.485532253618
88.4089127334821
80.5276999618575
104.527805966736
100.329055385195
108.213837504412
78.4886570939915
107.193622889838
107.884210536309
112.402179012049
125.914056739979
109.973414005555
97.8315981394827
107.541884156556
116.371457393768
137.758114542751
110.562107232681
83.3593494603336
81.5911890818085
121.268017061207
111.780054049518
73.4101884605022
84.9679072165188
99.4587042233887
102.517541446774
119.860362037208
88.3316797815559
120.380374519016
94.7675396056267
129.895947601377
103.630281368341
125.817883574001
91.5813401031215
106.527980141044
76.037399231029
70.9952616993911
127.033032881512
103.093407637747
76.7385813092946
117.68098512571
82.1261925109877
82.3223697453121
110.587935175609
116.764022339521
84.6243978631286
111.799672901139
113.054982338941
84.1926404625744
106.223648413476
65.8434478807099
109.864607640736
69.1265656047059
129.851185562435
74.7575640434995
89.0309363585298
74.4878696086436
88.7811566408798
110.625475099918
107.973769456332
108.125352420823
83.266719118032
97.3954966740683
78.2638690529286
128.614728547197
118.658503435788
97.1817915431061
99.5541353783262
82.0640993948892
121.871508407562
128.554506440842
87.3189607730319
111.307757790324
90.9421328225865
66.4492358377918
106.253496426582
100.868142367823
94.8520187104369
135.623207901631
76.7737573493725
76.508370841372
108.472436364339
114.239398508515
98.6097045960716
100.875440985611
91.6964472841197
92.4907357273534
110.359878506058
63.6266862118731
80.1325478962359
96.3311303121483
54.8682299615483
110.859107236116
134.649251599941
132.562604192813
137.051664731648
83.4177229720756
94.7718355569966
99.156177381834
135.47905991358
87.3860766455393
109.441314110155
114.932199782492
54.6709776413994
112.491940918517
85.1752211485412
74.9923813744541
93.7696561237221
93.4149953336854
117.478780156589
112.302031468966
99.2175096306171
92.3108620683961
90.1648839245732
111.481805862725
155.711061687617
34.6148120133091
106.672665035586
124.678500017657
128.659739999254
112.883447586653
105.035984674141
110.433956081955
104.279493466453
123.886154765301
107.231143797406
92.7533434863879
106.596339164587
87.1445324209552
105.293261232306
95.0871873546694
103.994012924053
130.673410415259
90.4717299882479
92.776737719372
118.454566083379
100.08509479142
108.045178987329
110.327283074711
109.2036840545
96.2122102674324
104.711412891992
77.6031587346321
93.1421699905945
83.9042598448054
112.612480648759
104.251055173099
80.4119840224378
80.7991866964175
105.487172034991
114.882965326412
92.7497397018562
82.1557974091748
95.0089041515678
122.53505601099
73.7622691145747
69.4663984056559
110.563323594567
137.299134190241
118.298038465588
88.8288528923676
98.3073200097076
50.7668593698071
84.8965488644849
66.5803432347691
97.6067394472853
80.917521674086
73.2612983324155
80.2742941648514
63.7561424574847
89.8095537888374
117.152820290589
97.1134375947161
156.465685734785
95.5056531294924
127.814662904041
97.9722939932062
122.062970928735
93.3037830463313
104.133309009176
102.345450257808
79.8035533864727
88.3073982818398
96.7199110505056
93.998513222558
122.055559384527
107.429150428075
136.884758416415
125.969258215498
148.510761153414
107.927844837741
92.4547851553017
103.311348553546
111.549669944004
93.9156765048236
63.6852128463482
67.0113046074847
58.8697666328819
115.614060269119
112.823314647442
108.681208382197
102.643301152093
107.161906833177
91.4149038609767
75.103391339909
88.0116856659015
93.0715220297839
99.5455929172757
116.954007647563
100.425449821359
99.5604804060692
89.3275368335408
115.337297271838
89.9792775484094
114.744063328424
88.1980296748732
91.4946379685116
119.440419393669
68.6053220596156
91.14978753224
124.951236570446
127.046131538723
92.5773384732686
127.033554707157
62.2968223672182
106.9960232674
84.2800266649556
120.944474820821
111.944988786951
91.5283240196431
39.6002450465568
112.261696705866
97.6831931633162
104.923323919632
111.030739833788
128.119547739849
128.250162434702
54.3592905777516
96.87847708163
81.9258854324796
92.3237040045693
92.4935629586571
120.919155640401
74.7583881388991
107.106666699394
81.5407104086373
111.685252785057
76.2818133617767
123.819171420395
106.687112777037
93.3673929008006
96.9761580000192
77.5708827248285
75.1636498499947
126.489445899261
103.609733419973
94.3552834065834
120.29505964851
109.670914393168
105.029314399353
138.653173673317
138.199496436788
115.952871739617
109.967154626451
117.955285183029
90.0800022318437
93.6814001397871
128.860025941004
103.765316917735
107.812731117753
115.746177738464
85.8365110535377
100.089921750826
64.6482265800007
100.600861151085
86.5694124892538
67.0559803057688
91.4627447343656
71.0783024859521
120.408773398747
88.3639398200626
103.123177960239
112.893157830693
122.09070693119
102.892461833471
74.4570851644514
82.1126971865957
91.0990415058445
82.1337071761418
70.5444808571345
86.9980898549366
134.747889696531
71.7946820121613
108.475843660127
109.425932938924
112.312269677058
107.200339757068
93.3604960385398
82.7800820058206
66.6324842729208
122.142281479269
89.7274032725477
73.0693877781866
108.854859197844
105.754743535149
46.6049179202925
102.542792495108
61.3855833219599
66.6855713960352
96.1173466459075
114.71937290239
122.032076035245
103.33643322215
86.1887371533837
93.36694995618
83.1823348927557
103.428510384301
95.2427454800109
97.909897529909
93.1984553538309
113.488641483977
73.3527548969866
74.9587921070348
111.545382845296
59.7079182655478
97.5612590128179
115.015782056707
69.02737803216
112.220009365506
97.5931662527789
83.7423321657965
91.4162244611646
145.591545858668
77.7301051293092
93.951212692378
120.228867639376
82.8178459267712
85.3762978636107
87.9833672445678
75.7227290174238
100.506161192527
107.641221598053
98.740114517381
73.2160800358976
117.898022419294
127.452248172401
90.0379164482552
119.50970066076
81.2237418443247
83.3827033378482
66.115781354603
97.5752627442664
139.120088104976
73.3822851894733
63.4876996337247
99.5390624983478
108.19566257895
107.734066528456
95.8799679498926
117.068218466804
78.5318528461528
91.2074653147838
92.041049517774
93.6215032240059
91.6430913883818
125.151983365838
164.403212954103
69.2867033085012
105.929929119762
105.629914375846
81.7931228311065
91.5982265634975
92.5344753669513
85.525458513014
78.9307211814624
88.5435476792319
93.0780291161986
149.940761424021
107.020701564493
80.5095819267239
108.737817702684
103.70553561675
85.3587760250091
93.1097005863176
100.26521912854
100.333397129262
131.914975194347
66.8207308475763
97.590354893318
119.227330838827
107.858469161234
128.589436923952
85.8481086936472
118.71520151159
94.084411172609
101.477268613729
111.068675196806
97.3011627763032
109.951196476853
92.2514800497243
70.8554948914224
102.707439797883
81.6434393611328
101.091057799378
112.970447250402
89.8034335373153
118.914568474989
107.868080610648
95.5240274805324
82.6361091704761
75.7179338871291
113.315117724306
84.421796671138
100.649576686987
92.5566158540524
83.7010245949501
100.671174300198
123.522825372882
87.6130318101326
101.10450851344
100.517592085749
88.1861305003741
105.38857597362
85.3165169840408
87.9449038831163
109.443024883113
124.538623431373
112.214038788573
110.179584597479
74.6405546345531
94.8682722386157
97.7739692934736
106.819282282739
111.573679362192
107.735026708702
88.742201312235
104.318288145158
81.9869525181774
87.009150892523
78.1100189896573
88.4154739362834
112.815209137654
90.9864352337395
52.9269883484744
76.8056689238992
118.349069546255
67.1797073193411
97.6288269522698
108.665485522796
131.918134469145
74.5314099780864
85.0367342726652
111.842692122461
87.0024707922607
109.410538304169
82.7246944281118
94.6971462205388
83.6423135665196
120.453160345107
78.0188134925291
114.915662158905
97.5006697096799
88.2909017443919
92.6955167321801
86.1671761184759
77.3057265640203
98.9768440888001
116.805959649259
83.3138080586564
105.752860375235
127.804129367544
101.152399229706
102.188279729616
120.084498589166
78.9107940044513
109.690818435691
113.315040009135
93.2821009645029
111.400275262564
95.9045276044796
113.0304712427
122.241072068177
108.977455708832
84.4984555393204
69.0390937727643
51.8063284073388
79.264518905507
109.787889503444
84.5810445722685
88.9763858322612
94.9870393671996
110.188900618001
111.604400858379
82.7559447628042
128.928785664199
91.9492077870623
85.2523425017233
116.406464754837
96.2698237453383
120.866490366032
102.716923946217
99.1124380595982
105.152205842506
112.535526215251
75.0792150021832
100.915141654929
90.1248605808997
92.6643103154862
88.071962385913
92.9772084039132
61.3997930739572
115.822056836226
82.3630649300805
105.829915105864
94.5661712183833
94.1895763365171
91.406838897938
122.033388207612
103.002584662172
111.938527063669
124.044247923934
93.8856263664197
95.2296661512423
87.8084843665499
111.748586465954
129.430294789179
113.552038110163
75.0913598165241
124.240667058178
79.8875577136991
101.039351655203
55.1632790496964
102.66103781302
74.4313683295682
63.445650913049
100.348214491874
114.114099249413
102.340765936149
101.664800459115
118.118036237098
97.4010859849591
111.8764613465
86.9180299953695
105.052338486077
116.028406842743
102.933420019571
67.8236578526056
70.2517599621246
90.4370682732342
76.8840122919917
93.0841763621493
102.549789303766
121.000376696246
130.248834481438
143.497148656256
112.776089786373
127.438204434824
109.927151684464
123.004733240541
103.454489250424
93.016669704303
109.297014088418
102.991317776158
61.7809784318718
96.8412542663964
75.794727796854
101.005496647988
98.1405438871926
114.947898138526
99.4734313710531
107.022286647808
111.649626953555
98.9601507159205
133.048756225104
139.155378909392
84.523330768461
103.224083186624
105.243893164531
87.4315043330491
78.0834450991346
70.7961419933457
80.6645570315904
122.093983803013
107.64535946493
110.948293417138
97.5823977171859
103.824859516727
126.135218871001
104.76097811978
111.09682836021
105.718720569815
89.2333126219311
97.9723586058865
107.488984582922
48.6003138955649
97.182219704993
107.02753279862
100.514166434384
113.498056128466
107.989717491495
118.934222397722
85.3503009347088
137.351211566981
103.761154456008
101.895384009322
98.3893049351511
119.477603942755
96.2107315151215
53.9944417332681
96.7482579995289
107.663091643283
69.9915639934909
128.672942794292
125.269373675833
111.970783862291
111.768337286819
111.100657264274
46.6479470613734
70.2490830154318
128.030481996323
97.2201036470113
102.380183930083
122.921143053907
59.9589404184004
84.069512916291
100.174571139476
117.978971554832
92.7578696835528
105.33134819807
85.0186950614374
110.285159040247
91.2238689953161
103.786980203147
122.225870397717
89.587898184764
97.9560658128693
117.165073596768
83.4037260121992
81.3419619811669
120.375802148028
106.0354373654
99.9065572435686
95.9623034671934
122.809958925052
108.085173914481
75.9909087153544
92.390984424795
117.150978387512
99.6259336322653
104.11462870292
94.9579292783928
130.326174127388
88.2621640963604
109.552106477372
61.4219861680652
103.229677394428
64.5274061241495
95.2164996374057
103.111479901622
92.6845437552144
117.165160431891
112.015724210168
101.223422582054
92.8417998370647
101.126531697546
82.9290856597579
86.4563620729362
66.0080388146607
91.9463915819186
97.9916303370498
101.57835864919
56.7590021186377
113.89954745637
122.881817884628
134.339441543807
100.112388024702
101.235855179905
114.5324430787
114.383236987556
81.2782800627421
112.418360846251
84.8051400846032
94.3399740915215
98.3917280491299
106.908468033089
67.7680901288171
79.6721156853836
92.3614224418898
77.6545356111662
122.03234574277
117.368089123035
100.871741383537
104.75633059643
109.946300625591
57.9571279126834
117.756855480162
91.3789745484612
112.788723498454
68.8816538361791
103.418968923994
89.2562168627595
122.623087793181
129.668787908904
129.773097660245
113.697031541213
92.8497307703282
88.0540295469102
80.1930193011691
96.4921748348937
104.153044854721
96.5182928649151
110.059249902846
115.395992998857
87.6815110010156
131.088685517624
82.0739795648458
96.0818605829473
99.4142512860999
97.2507195412257
92.4401976302442
150.24334578097
106.461232581442
88.4727627793024
82.9721607850306
124.303233874276
99.0725072033388
110.828067725232
118.474731858678
124.889881095119
110.967678736725
98.8234845913953
88.7789478914747
110.366472216681
49.2808294172238
87.2946094665449
79.7746346115887
138.513123683178
118.643314636911
119.043979953994
105.534748850842
91.7057873205093
124.250648598573
140.254565875026
118.547269599662
112.69916908269
141.864615875393
112.204810143882
103.361838549326
112.084473680647
88.6875594955575
70.5299217969958
106.616573914237
106.414096746509
90.4369855324342
108.038062339129
117.813965252729
133.679366806371
83.4392477361408
80.101677223577
117.952676528601
77.0271315265079
103.798062825273
113.636831663269
95.3591015557694
63.4546444228059
110.77522602095
120.567126963096
71.0852092033372
85.5703427380292
81.1004976236434
95.7223097906371
107.485642220922
87.5005155641094
72.4099410998395
135.516450030914
86.9810857562842
103.267866996643
68.9998058097179
132.296604361627
100.16446817697
102.502389461334
78.6927851335851
112.946905246495
94.5763898821267
130.731356304148
121.452366006856
110.042819341668
88.7749151164081
135.907639966093
91.8694266642808
139.706574805477
82.5479628539344
71.1927293245264
104.304470770932
110.063092576948
127.104901401358
99.6012113848609
105.026422808174
117.238348519463
113.380061808008
86.542597098799
103.701038500924
105.830390153683
79.3523558712903
79.9695531996695
107.124305668913
117.258730774474
134.287935686368
113.178672239139
113.38254474997
86.0735154208992
107.756377937172
108.773238719652
116.997251060648
98.548458437076
58.5327779063815
89.2277483093133
95.4496953329566
103.373624842841
86.6425317230211
137.570507097181
93.523101924289
74.6220933178447
84.3586070231245
81.4388694588039
127.525843293822
78.9103679119147
123.861364264031
101.695862764404
111.981913171761
93.2296344860658
108.043838211086
109.684259838204
87.5404971563852
100.993731115011
95.6678671601257
111.721782741588
103.335673355598
103.962347459658
83.6028240854808
110.051330153931
135.229056190578
102.538349513766
91.8936185062798
116.802762588797
99.2079014140222
74.6851895667812
110.488699742153
117.488674932871
75.0766851228751
99.7512482862483
108.28221118134
137.943279738289
93.43445357542
86.9987372832155
62.629454260945
108.004099174431
82.7206433494394
131.347267986827
78.0540504733185
97.7373875831811
105.857642659089
90.9675363722447
86.2322819862959
83.4744909221847
74.7171283118056
103.006779056674
103.590568703152
98.287295070173
117.928457656883
70.2415844707824
116.516676958493
89.179014548802
106.388216117476
120.852419058429
127.594834976658
106.906424617327
119.202251274033
134.774936663634
88.6716827447839
94.3041882951054
112.344241045184
130.774804391635
134.994154198727
105.760498776535
93.1528283508718
128.248236110584
99.3548921075307
130.649627868
83.3267089662775
91.549624792171
113.442710449759
93.3620838404057
88.2007091632249
92.8957997823943
123.730388994837
112.490163980844
111.740787375791
102.543821879229
144.657366434815
53.1506939667439
78.4896026532558
96.2135856324893
98.3370261189439
83.1487125355886
82.8779687126638
82.2589856860015
113.061827898236
81.7573604297093
83.808923282992
106.214025780044
96.9298987456971
92.4810942129102
121.135940131464
109.954350009336
80.8660517896488
85.0606566800645
96.3677243103996
98.0414269557032
152.235649763714
116.91605182984
62.1430613343829
98.4465247685972
67.3176568971763
66.5624376352013
84.8634971117197
76.7875352028219
36.6850349217393
105.372863430153
60.501189959231
98.459059127707
98.7516424942121
94.6110965573326
93.5057388434531
80.2664264488764
67.3860314887772
115.191303382435
98.1566141110867
107.487647830126
117.177165694689
102.59994136087
85.1651089818053
124.153928118796
108.660239208983
89.3326427882024
79.9082767804879
86.7947198665584
91.4241387105472
82.9201205807263
115.298848892632
105.424414010099
97.4908060900229
122.204763094723
105.906893108112
94.5668247439696
123.654632233566
83.4307780581892
139.801819647929
73.23779576466
92.6230783560267
104.036214938077
103.610126476063
97.6508908186961
101.6083876281
97.8306098326563
101.836122212784
79.0046117557506
84.9354410883534
107.821121616578
127.37138677303
100.338900339548
131.746236567893
113.908466086039
101.340364582358
96.0306159591094
79.9484919753825
102.064698168765
92.1222135385421
84.6825549648611
117.406734081417
51.80759149268
84.7957326676845
57.3537303537073
77.4701426265553
91.8260499325987
112.625378215268
115.73514143339
79.8002217273515
109.730650086792
65.3910733383718
63.9653838458261
97.5877077138929
102.760366006086
68.7747910931565
143.6461801479
107.872453013005
106.910452197227
115.77279742601
90.3775292820334
96.512360084505
120.734620115629
83.6825185351765
90.7426138814544
84.3159581539614
87.0182930778948
123.480552062758
116.546410448814
100.933657067645
110.946204749867
129.901798318003
131.203856150987
77.8376777504166
116.632915264848
109.363543800729
109.331690660362
78.323481388325
109.79076967726
121.333283518159
95.3958260352062
82.7175346401282
116.203807851862
88.7751468607674
69.5942300086508
130.582939212279
94.943699564753
97.4457916486569
99.4651108919983
98.2781107981883
100.474047460606
60.772818794193
62.3971028546697
89.0911774127218
115.771585690451
