277.478777752752
180.298993523122
161.90437051416
165.834765900039
161.785581874594
179.244615454278
226.194711458685
182.528612727032
242.971900417402
171.072468503378
269.753442572396
208.350479485788
215.366654799105
194.033165470486
210.618713121966
142.588921324524
224.851041001011
176.101137224834
162.23012172302
203.946844375911
193.111255014649
154.021017270075
182.761233749182
189.036206899639
225.772997343799
213.711884230572
276.545482852869
246.94353716048
163.504554414186
204.55723555106
140.632776988291
183.591757257757
273.57489029152
203.01117017328
259.147933204635
208.880237108957
200.22657393699
246.221671486792
185.928527961545
190.725729780963
331.153147322
213.907673566269
195.971107075723
201.04440730407
132.163618728615
162.772525428174
159.763735595491
174.828464181539
235.162415204401
218.028880885154
164.739343768849
211.757336299155
126.563673703423
219.734532904935
185.481038955728
203.748051563214
234.577403482267
244.875494319894
248.33655838837
242.88245494939
178.251628161304
227.846081789851
301.495852967413
195.453410764745
206.685271375976
144.786129522617
223.482948957999
161.846366469643
170.773792231876
251.840664468884
129.877773855591
257.147133569656
201.714687417935
134.381773621003
150.022806003813
235.755721425183
209.070190040359
215.572548075643
204.5517791607
202.799783374423
153.963179489448
199.718292161004
178.859873599784
192.427863240333
280.816508840368
152.73179125747
285.780820474707
197.956585406522
242.341209427636
181.486381546395
139.765885166703
196.099144855325
224.256790056429
180.823574080368
144.200987034443
195.170283353768
201.952708582808
191.95413083927
198.219231092592
186.264595015912
173.163335591619
208.351218641648
161.968715069723
135.181822315921
221.669529061607
192.135402457758
195.012505531377
183.407573833124
240.695363349534
252.472772319008
212.011954325806
223.066244238285
139.080550478202
200.356411503266
237.406247440309
210.286532338313
171.831380239046
146.106204736251
264.912358688401
163.581100009402
247.399578123054
232.764776834791
259.518466800011
171.318960308834
207.284657345041
177.248579828478
210.840792564515
147.526294490429
182.489104685787
139.975390778162
147.616669319231
237.121791247549
187.01012299932
196.934430010459
224.967256045581
143.136756366966
164.487167798358
232.61676663453
272.319353591434
176.160072425598
223.220589862613
239.52889744887
169.01080861071
157.227411028001
238.24030185108
176.789028172306
176.841751091031
188.767930946658
125.160919424149
224.837126010538
210.590731040754
191.29131698339
201.377158302906
146.202212694189
230.933425479933
135.49626686656
209.687222888776
200.880782327197
179.96263378207
157.579099038787
242.721949041699
244.684579567829
229.646733535648
185.039572256526
200.398728843053
139.490056834738
181.797044345287
209.554086543453
201.786714788097
209.283377250561
141.60154215538
166.949126415085
172.54951675353
197.365736592148
162.292159889386
209.711001592324
206.265208246233
154.055543420304
200.741218006071
117.239277849054
215.909142426086
206.538752622793
174.741571453889
184.553920643918
190.524524016871
167.404829942047
168.558049991211
231.547209840317
226.380144173245
238.408262993393
182.079821523659
241.861386833568
223.072298896158
241.402216270219
210.495366639196
198.165377592699
167.726423080518
244.004882484144
165.00866875119
147.165830615796
186.372127255207
213.473903112179
182.374798861244
241.000097359075
276.609174997283
190.403098260342
156.17264012434
255.756250668338
242.922537308716
208.562142002976
194.322793608779
216.078014783945
179.105514558548
163.287446557925
221.281474265641
200.972620665676
199.908444998823
179.278576623656
179.023817556694
201.444370734373
141.673869857823
160.269429716652
211.667178548033
172.002815438984
233.25123122088
243.742684942767
179.802560931116
204.468519084525
203.574447801502
223.693529224654
181.289533073125
229.986059355475
226.414463220853
159.428881882876
230.965535504459
156.914943772098
225.087511055117
198.836715133664
297.148994146046
158.96881970461
232.709682054721
196.08747169517
220.043579309508
215.077658388479
218.761918897595
172.656873206767
171.735190144933
184.663753344453
180.968048324712
211.149814018248
211.628052446003
259.468382713071
186.89913805612
238.279180496992
170.787833036439
183.176012663476
236.143146047606
281.691742161796
183.81748764968
224.97055245321
193.768641820648
276.6780628431
258.126994128646
185.978966731507
166.891541946994
130.890049645255
157.469338510309
207.088823606247
240.720166304243
192.194329063253
186.916621218507
169.964619871171
165.338993440502
215.680649644525
175.088768257427
242.03918627872
238.198754819885
257.496271126958
271.07458018029
137.811279136779
221.016034517114
171.005628649963
173.965997725083
245.424880553721
211.597569779734
150.087077700787
254.19863720394
158.749456978768
189.094073507069
228.726879284306
226.064107714495
199.866912013841
221.728307700488
214.831326639421
158.997066501854
269.078058596453
182.004644629107
227.156454001667
234.038968367058
194.946785536022
222.039258143559
223.927095078945
162.965285479256
172.495029412291
185.773738242662
229.268866061289
246.842638219974
153.627226268755
242.643796706142
205.653803014206
197.921784566851
145.597209739443
166.336978132942
139.333826815878
272.909058428614
114.034061986486
226.846785463018
181.514393890593
214.66370831021
250.866420316814
215.722876845645
79.8316005417667
204.804841650597
263.095496055488
244.14099320964
236.352411722985
226.146150170062
104.585848200329
225.517433000108
173.274553286465
230.487539332552
157.281806833086
223.663188106536
207.053326791073
231.185126014386
142.611037333915
180.953778226654
203.30949734455
261.224265817525
183.365428248784
205.430719768837
189.007583639888
238.643436347898
185.427195859396
192.678161286388
312.749332290779
192.858069615772
176.130026269899
147.832954347333
214.212361522885
270.463282931293
234.34396578084
229.276215149239
121.731830715181
281.514897735887
221.883610275009
192.119084201301
180.260896729074
177.598087716479
205.879932386438
219.429715137044
151.563553275269
225.48946343877
176.782390972888
178.540817315787
165.641051876156
217.684102898367
174.121740948709
223.753205462909
161.203258970357
165.437810032608
179.16605559156
188.208127589892
209.979289623647
209.204776903059
203.134795404794
221.368374074815
231.718292735004
178.961442707415
174.735990858425
218.117155085024
185.509153307647
199.681749208371
217.366261414031
185.360846108903
169.520167926077
221.853114328403
204.440976549128
242.722227841073
196.165733791223
180.649599040165
251.610249629394
199.065938885652
175.200881247169
160.612183066535
176.119686420304
176.902900502988
119.056833126363
244.174238112452
220.438856851638
298.390367571778
212.424746182357
237.039546479472
190.053872264087
236.233097120439
175.960927074229
144.270989595183
186.777657326563
219.919091968601
144.501016218196
209.35618350879
138.743781805492
181.061028486461
160.906224623371
192.399120035045
155.413187796154
197.282624581258
212.363987774678
189.969367800342
234.840631315087
241.681922243227
182.613902734915
164.928477190962
320.395038628236
155.10284218992
226.102121522435
226.576113601206
219.793973486498
261.410330883444
224.048353402609
204.450678447203
204.061978397295
252.362922843592
222.048394882057
235.041543482905
224.7056580466
132.437736312696
287.431178019766
201.350060830811
171.894600263524
136.086207988387
224.769275008187
196.949273417713
185.389038704057
156.136796634052
165.067263620207
172.538844334602
211.486378279189
214.785706727787
149.78821517699
160.286976374877
228.014900916804
187.664726510224
207.746113208488
276.767985156336
243.442292578091
158.260717096462
198.080571308094
177.5646170135
202.962697433652
163.590197629829
239.8839057649
156.550504367634
209.79398643873
213.293319973459
239.52651541852
166.831447316431
210.932071796359
159.585516677204
139.506204601107
187.575359413066
251.640378539419
174.597693313135
118.054093806564
182.355140706362
230.955245812355
189.446908598563
165.806644646154
154.33279900653
224.325426144855
268.320861013672
134.471641027697
241.701428140686
153.89547808544
222.271189434118
232.132345854225
247.944561586364
195.959786695457
182.301215028133
238.65235421549
242.597324974061
197.203648573932
202.170499581072
192.209990043773
181.370524349441
201.408231768961
230.130345219278
261.408525406881
265.462158615103
173.741259088562
201.332411332537
195.272147095007
215.261631516637
249.431415294509
109.156979422402
178.535086328788
170.276039322396
165.058352886672
208.718071215884
245.310688594169
198.767117746456
242.5690622019
259.305251516492
195.07870604382
147.908572421507
238.899017528408
184.318584471235
208.601326731378
225.294166694389
162.286137442124
224.646817513187
169.252061778665
168.231419055959
218.394826429124
218.281474977308
232.645766238412
202.080140453243
253.832679901605
164.890777278495
281.046277613822
193.022193334413
247.61379072344
255.238786973148
233.261453304254
227.141238190033
152.771724919537
178.746014269506
172.27272933944
228.99286287691
248.449379182011
179.043103916599
247.531626110902
205.685547772104
127.743212424093
188.875332345448
240.54203678268
204.707729239478
194.834444708047
197.795858293764
161.411416749151
135.140885350957
153.771056107677
244.694250685275
233.998953774363
269.282122973837
191.615795136443
160.683285832099
238.383406942847
198.063658122074
189.43771344823
241.809286625598
153.635391740493
180.413722155885
217.139841181567
202.291741330442
209.880755379701
253.708583314158
157.529221547593
186.172582656081
198.925669857126
226.288940346178
171.749310407963
253.969238910972
174.709500087002
161.62745969391
169.156369543321
220.628479879928
137.640668294057
188.489562598748
99.8346780437389
203.82512989925
136.423573107142
185.497898932604
245.960384472571
140.265824328098
230.487133081059
209.55258233007
195.837981866133
199.223741679179
239.55118756233
157.33659126063
219.593696046378
184.076590093068
145.59117172888
201.188786461129
133.071119064662
160.348676391019
240.369963073122
194.376691533982
241.603630156065
207.472300758412
184.779356488017
230.007535363198
171.125237241233
205.970059859888
172.434798671616
120.071447327568
185.372609495557
161.49578900811
141.074364234703
192.608074109252
262.839106653048
176.453713638439
254.705792597608
154.350476462389
164.706179236432
126.811378325311
182.262650056799
166.74257884793
133.474852097753
201.191003983429
181.234746363994
233.158678857407
162.404709881089
239.859988850461
160.15656323638
242.675903625598
105.760796146234
217.519674553082
180.81975084928
181.63280042134
108.20906912782
208.282448407244
200.230397468228
175.316449150071
229.393680208495
198.208844943273
162.491245073943
214.032308297898
183.796426935536
148.898114003658
220.657609160732
185.834537192137
158.259781835789
144.587535079304
202.256421609403
243.174286702095
157.51555248914
198.959587872608
167.33306968444
182.643872216323
170.940896149614
222.019512887262
250.238344506289
243.773628252976
192.623498050258
213.299251459589
194.430182731964
232.453754566305
161.367599542597
201.875277475473
261.885616196404
218.228265836046
213.118330656914
155.846063201594
177.390533802791
246.310773780481
260.066581073218
188.392314747554
171.421111499375
197.951563346183
181.622603499129
142.266201405316
218.661510787962
191.028046367185
240.721565453652
158.314483407712
172.233545952734
247.433497629388
157.331708366597
232.238287481044
214.640676921425
221.002983882689
175.835654393213
161.174569032391
213.136093789556
197.995186020762
205.701077590746
163.666642528996
325.366256823574
170.034787434379
208.895780303813
169.935577245683
157.378243889711
197.91452151315
249.7105263644
259.863696035829
236.152933604815
207.762245898991
165.471843501216
146.801481983056
249.881569846884
212.019638522162
199.960964182646
149.311527397753
169.567080468762
246.202281630036
222.110980118259
215.315602301291
213.603131809934
260.891678933956
239.768674897053
280.226417674249
176.113337483267
184.202673754835
192.499030658473
199.701326034838
212.500065201873
139.345430307496
153.603197641493
162.154408777405
190.183196082471
188.819240855457
275.444490476243
206.6622640625
192.847255149133
242.534166074025
205.273074692196
158.640811586783
222.216659586752
205.383684032722
212.78635092073
221.110941090105
194.132023082647
150.966244741265
201.95630738846
225.923648899048
207.700047738956
183.434523280655
232.072732754305
74.98918410533
150.872560575945
104.704859639511
179.402160451798
219.542126077543
158.561039567934
173.957447523195
176.69366141916
311.995915281054
206.953298661803
216.982112571096
218.114919456088
199.502751780778
160.699988930501
200.909194003443
197.974724316625
212.43638015105
222.369526534708
270.570765273544
230.371891675047
193.037788832349
264.620254921007
251.307782488354
160.063540810045
229.514622850273
206.064550140243
157.28702060425
276.502067022258
213.969488145853
204.313798128337
197.909581136338
216.258759420021
195.858536434604
143.179807658338
217.26396560966
166.753474024614
164.829651844875
231.861301988271
227.982494431838
219.217679133858
258.817318494939
147.03814995374
182.180515718278
214.919444513021
184.982022075083
208.032769146136
196.057483392264
160.797499063934
125.428253708572
184.75632390759
170.040797810471
133.6089205958
129.034537336562
194.925366698492
190.135613838912
183.242814687094
227.357212607343
221.31053729186
210.120777755819
173.80991416371
194.911255883122
205.917988442703
160.442574916377
188.736626180226
141.811314506567
200.735269717873
253.725489777628
176.037686009861
246.362119861103
145.530251026579
139.082499165969
273.016853735598
261.311627577357
140.438512039492
224.425811247985
175.869571172723
195.457789873307
225.921479356297
303.015913358185
281.268462377882
223.598262170789
173.11547215535
205.785472941133
136.330365086159
249.765196830079
218.64444413021
199.949736860452
197.926860471494
235.933155035046
242.489436152621
159.587649128313
165.845579451049
220.110209514753
134.833006643387
216.025481205471
165.257272654317
209.751094057808
179.283485289629
207.459281465247
197.066252186017
142.860391054386
153.1568582925
215.084548039623
201.639153667639
160.417119335111
196.395546652468
220.97187195598
257.233375765519
157.079427147381
188.277110816893
78.7407261231277
205.933382892043
205.018780482255
192.077282100397
172.048146175677
239.986081402423
163.76154180826
183.036811598416
216.595184920819
183.453629221182
133.71869926541
307.13557446933
191.221749635959
130.678365442715
206.625463404773
195.439189648318
262.023777430646
212.315320046904
157.288309971361
154.719095113953
239.559496414246
223.990241347075
166.232916271852
159.645557691654
191.317876545073
172.579193313036
132.28740782666
205.420433346724
210.078023250417
230.225718789765
182.467973956664
231.365901343018
192.959894226713
278.42253948963
183.753238337755
188.262268102015
165.911316770236
216.074060603837
165.952017836346
181.104984030717
299.313422883039
202.123471253166
255.974874369559
183.029465010656
210.00018657228
256.862340116594
101.600287318018
171.616815704089
174.857893310669
224.250586032986
201.653969201546
236.514742169734
176.042314579046
182.616788352925
178.133556145222
245.385445546083
218.475022014182
178.377287666004
221.994879195075
236.498938433747
144.904735726852
179.630123291264
144.848919379073
171.322955780914
256.263475897473
226.994143000022
213.685099044027
144.951262100035
225.833088827704
210.44947232329
204.439482557996
174.699282863582
220.958864425231
237.119545394655
205.563951121164
235.715110538576
222.642577663739
215.874840791724
261.968665093901
273.624901093827
231.868196706833
172.784015904736
266.002138646742
251.691530666726
183.573777043302
223.345076923034
226.943809476547
198.502875230739
306.037707743777
119.219507877801
234.860105074363
252.243848313308
276.638394382916
166.054960418558
138.535310181468
215.487536209288
298.692187278503
193.067786306204
223.898229860038
217.470798322011
178.17366422849
130.445773967482
186.570719283558
102.218193886668
252.280935255084
79.8240207831553
212.658833601123
271.923972893472
222.070636546889
262.498683450861
178.777890037598
134.029017863586
235.668994636765
242.300451514311
155.087616177513
159.379609684965
259.258061691674
200.553343545361
219.294091703013
179.773001204509
183.584312386856
309.755771737724
181.544384673275
232.748949384236
157.063299011097
228.812044679427
279.82441244381
66.7895423422175
256.735940440956
310.967413498674
229.125392964406
215.492414527014
210.334481593149
231.046084484803
186.623948595053
168.870852897769
244.439862330881
252.170560571184
217.124071714248
157.019876085817
221.346749169528
201.160304611741
184.901057564468
273.914465112999
201.276894211516
236.534146861189
225.035776384912
180.651670354652
185.137046727184
242.985735027262
212.86859789319
191.603372393231
201.659227974277
230.371254499317
269.326257936632
206.587300251075
181.689405402189
226.26706799629
162.575236521082
151.590318041877
238.068618141495
205.759228906695
168.814786777808
139.976660977416
164.030372952212
173.001955888949
193.800339458783
183.370495484067
195.033406959716
243.804104058622
188.528083668233
231.143025775746
198.204997623708
183.465025727653
247.735416758219
178.583245631375
207.89872796126
172.023714064637
202.887200927082
146.206308769902
178.552150879934
223.046092800908
251.847848177675
193.478054309602
265.763780731453
262.589423141135
123.092969886255
204.506312416237
153.25486244618
188.2225128268
193.381910230626
232.559087066177
159.045181260157
194.748312293551
143.566703456989
223.308371475977
145.789804485506
208.739021292352
200.116435865007
213.97951045851
236.106043894262
192.42682780385
258.44899353885
152.214713891635
187.480101506643
244.831957524777
215.334205849656
180.250367103483
198.425227274725
206.653788432161
178.904211945399
217.938350181067
218.643222053
167.053003597525
231.517240304333
195.119681704427
201.510538101855
292.637600723163
286.005457885565
236.45056779177
259.820202939333
245.911264303986
191.605331928884
211.403972084133
185.383484988702
186.225395879948
181.855303698569
183.910775633001
198.460028507619
191.59853000564
163.393631832569
173.920310714641
155.624299201776
240.923893313801
221.940059666373
232.668896815281
224.200710090169
154.524112334035
192.336358860459
167.952922160478
176.832225707872
174.542681138851
173.110896029753
307.206704125017
155.43282525383
181.733445934502
244.366132735615
201.936654826856
108.523577439571
168.662292262585
219.452156914951
243.322615872586
200.565293679188
196.599079030778
224.295666887358
162.717756119643
263.541497666835
182.994659723835
186.46469105112
136.560074432989
175.052663916885
201.726557695618
215.768521771425
180.194300847223
137.272199817194
145.750555150509
211.391996773242
189.169180740077
264.658709287761
198.403660281046
240.817898770045
224.134722744707
175.118465559446
149.605911751805
186.510284750479
194.580852227914
166.474408866429
198.254839817433
93.6851884065362
223.479176714423
180.147729768623
242.647682409897
266.802097632056
109.35533703654
188.657602473114
173.02870951069
183.135627830654
191.494591481816
139.345079408654
254.709763460743
192.104817656862
130.677058797987
250.012835993886
154.239156914027
242.369431329247
204.945592938998
222.899122896541
200.196092281614
228.764006658135
234.765920787205
157.649577464868
117.059714512334
191.389539017303
178.299639398391
188.645840347265
206.179431109143
192.140067004129
263.271721699922
258.397688131587
187.164235891922
160.108547507015
223.636132538335
202.351400894218
142.033056871272
121.919406354761
209.257860686592
235.587783676809
163.542397246708
205.118425154427
187.810215216202
214.67889918467
210.020137640728
237.598865890689
219.496801628459
227.46842274938
214.107969086856
184.110769891428
114.385779684458
231.113758991161
206.933317315177
270.422570195222
236.258953242195
161.565135045788
231.404145755329
211.819356422543
189.941195030823
204.16555045345
157.993446943962
214.818895292913
198.18352041701
249.260904938024
232.152780986063
162.21602710354
155.308970373601
219.137007502869
154.175610104248
148.755523954617
263.886038737343
169.083382126757
175.208191141398
201.352663093704
234.184617796775
233.418372875392
161.331076449319
219.122760573793
151.662960544005
233.447860133306
232.854772168171
113.089979774935
187.040515398626
228.369940847143
221.39021984935
157.03663035763
180.149791162048
187.596514601295
166.55084409664
227.934479350565
149.693379738767
195.238691718225
252.36057268532
116.069627799982
174.294907050362
237.5227823778
178.31144390718
148.087171858215
188.176044073388
203.590423648918
184.62686522121
208.026809364656
225.230172377259
164.555266024307
136.584739789896
150.411609223915
161.119024351803
221.474969109224
177.164691116253
205.964513375633
171.313810633876
251.024435685498
176.442358559178
175.236956102589
174.141047146096
265.186984885723
190.925645520769
150.288526954028
162.769045509631
207.960539318241
225.711288606028
231.108470429942
176.346947038056
132.569983676795
241.810589397077
227.979894930384
147.376523698479
173.69469785637
177.304310045154
142.551891201963
166.694295618455
214.489653642934
313.824260373446
210.678556787298
177.023040113278
129.815737146677
233.791504510468
225.891800423023
160.572293297928
142.350190078456
229.60527891896
210.353748526402
118.276918315615
246.072784094949
189.142800846279
207.345997923546
176.841538595911
185.389544822364
190.687776059047
192.36171873908
209.58567386565
260.57748408221
175.41976628618
216.034629111263
251.738970256376
163.673844667619
195.963811971591
189.879769132827
275.200951716477
222.336204624673
234.893051633735
151.87092994521
154.013619399979
201.977832047964
146.306766662803
194.304113949291
314.917649395935
222.211646891908
231.653108429694
175.132566077779
199.278228679837
218.70485267451
123.083684328375
171.980438233638
251.095412009782
170.87606666587
114.744509547929
228.680189274852
203.888877665261
212.063652384879
152.082871759583
176.214623059599
235.734655661881
195.464298229351
309.500809135121
214.492360179803
180.243159292538
289.425234029527
151.298201276986
198.110394161782
227.503375944755
213.864720229604
209.161340066081
157.825980999119
172.608533093896
168.912558075993
267.349042608966
160.691417237284
197.025854032603
134.043885466071
203.237509428536
252.214509680825
220.448982928257
145.72518908157
208.336180395612
185.617028152627
258.815199286297
218.462781544943
197.071919762912
180.756655208298
154.891940225054
207.927416127088
165.26192154348
178.33629583151
206.172094744628
192.810011744078
132.170335415901
153.246476659085
190.779115462278
165.388087218021
222.753485937114
290.093980055907
145.077170109001
155.65666275426
276.969056988904
189.554178909333
185.971871509685
219.313179634271
176.47385296017
180.944388754129
163.400585628739
253.998007517763
200.295329412008
229.117604120069
235.169505883011
314.98938097666
265.739321722775
244.071956214034
232.672791384171
258.548499610814
260.741149006877
131.250258230989
185.179659746614
172.970830105808
205.467528475227
172.278125880977
225.544346520981
169.348181857881
248.823636694057
238.159798329319
207.923848572726
109.269759807969
185.41149737445
255.95694700588
260.352154602622
153.966211879472
178.529321167781
174.965064690663
288.25196090251
224.092930853784
191.826674880031
189.754563773997
248.460943789534
167.691323611373
153.165154979017
182.696293326212
176.955381983863
236.929785516841
220.178486205341
242.86530651017
221.444327896581
101.013530690865
229.933402766106
210.260157409679
186.855236879791
120.354384748408
170.128323701321
224.501717820044
163.110083123572
214.057427621474
244.452310433229
210.559203202341
237.015633027894
264.956224980166
210.122281623352
186.134572822471
212.243236701284
197.163092348022
172.723750368442
258.662708036241
157.080980107616
211.781673271469
210.014053497183
238.329427149816
201.253083039112
238.885828689864
192.178833785209
172.693099675576
162.326393479658
221.618347811042
150.501937215901
236.844463975446
218.035466382542
165.125790650152
245.432609038535
253.23853803143
189.480406737843
228.328330214359
234.904006853009
248.823527553933
170.330773585182
272.599985227281
231.906543324332
155.71962302709
232.193682170577
228.356751319917
206.975025128582
195.342633118315
148.698264554124
178.627822640808
226.475825867985
247.590691270926
236.799083594368
279.231969036832
194.74207504142
145.336321922945
219.318266838678
189.741531247399
181.233798922138
161.513564953627
243.255060553666
225.009026627527
242.686368029783
115.794216720709
243.350716504832
231.048918623978
269.118752746811
156.111280643852
220.5445475355
231.105251773498
140.199224446834
263.779198739427
310.65305138523
291.828109242576
233.053241850032
177.902396370359
177.648752525822
144.691106186644
201.920458518206
201.619296264048
282.87344071635
259.672522188673
213.415114380931
149.912970322233
212.051729905409
183.363714968051
179.243309172257
233.198415615431
212.468455992054
236.267292551219
262.045651049705
149.611276037802
249.207312565913
238.075433387816
221.118720042773
208.051674861567
246.242519354306
272.457537449812
206.543042078039
140.859032915958
182.105672306511
142.647121302333
202.120644068964
180.611417696414
133.7494419851
135.858814837658
125.32175384665
145.782973429742
185.449443663273
254.381067961701
229.861183144046
148.90720600897
171.367488683496
174.791659056974
207.913916283156
175.009249393671
217.939474437634
258.305555420566
196.08052902201
278.073814433881
171.578376880863
142.748052530892
201.442982527674
192.525744074468
215.514027707639
218.743797526263
257.277622355153
153.726239047001
169.446647123374
172.283908893449
188.618125834341
185.193181630731
241.307504220528
216.210187873631
249.255137747254
157.762122794779
231.103520532238
176.652749861852
166.593293972665
197.068350701385
242.836907144472
167.681915560599
183.870959303661
221.108044671983
153.973774860213
206.290833383302
239.018095014184
279.09245610545
130.810932175658
172.527148286473
214.65415820506
153.623594986142
257.4782544623
177.57935415881
182.939050648397
199.849646542656
130.647229007557
214.515474713006
278.656227132811
165.297742257831
184.205996977807
177.652601955755
193.713171716644
213.483955315297
265.142343222416
259.884625546063
222.122754940991
173.952525098853
237.802312704076
216.729633858065
148.329653978964
230.450659872369
183.834468085866
167.420992591489
221.635816403325
267.126560630309
175.851529337843
241.328548370306
147.558608657853
221.9995903937
230.706179923798
229.593154696105
207.256337578166
238.21408578093
234.087018632483
226.163743783423
186.151871555395
158.033032776576
201.374076610218
206.564925786349
234.223976110237
283.909327960126
159.186970501624
120.182291200423
222.176854397947
210.820021937801
166.914367712625
207.885255593928
190.371595781942
259.726680455493
129.958288835691
196.414930940298
255.847579279228
214.973950772936
193.396155422409
183.626375886348
235.135717788924
194.554358954037
195.907529729813
234.499461776809
156.527153660101
199.09891945901
198.265776720548
170.136768972967
216.837483245643
201.022148447305
203.449752955674
238.716964694894
220.146265857583
204.056579601995
174.857078339659
103.996452394982
225.109504675147
199.423435418058
156.696389244359
193.446550258072
220.846622731955
259.349878049139
200.085157224135
246.297875261093
201.728549793526
189.805019909269
161.677738185409
205.526358868919
174.472742864096
141.512072746298
207.654212583677
219.709670086552
197.785560786078
142.567612469583
224.403722580815
230.715938148801
179.046320660655
237.856863043001
170.052743256659
169.079564403701
160.484716946446
199.979643489508
249.617427738215
223.224896959829
174.245521934987
188.942489103054
216.442413302371
224.491697966051
172.436349632365
226.303798489898
206.337308627475
159.054996079958
239.573327606997
157.342348363241
166.778024413391
163.889353921273
232.746931384588
142.872325809847
151.146817671678
190.63541354303
185.908618067487
233.182984254421
197.289378901059
170.393422574263
196.882234668357
214.862532690669
137.824280156955
209.383787518616
177.109050168585
203.229567483151
232.149610542154
204.767919311299
236.354684110578
191.872446202541
279.037693247743
189.890783074897
69.176688345807
248.192032638384
151.686327464413
197.241474726226
179.002732005094
212.601444885352
143.164233530316
245.814512258685
242.047426128479
117.296694140883
222.106229451505
224.846841208167
178.621400740733
242.771426960188
130.888071753721
272.657110704349
235.262494381717
104.909365515008
190.073815688504
153.400775545803
219.258002816296
227.648200490938
220.956546382771
251.335314996752
154.993777307619
207.736679410078
206.064680012613
218.027686315257
173.176581621246
214.028889342259
213.904059013795
141.065879979307
232.356246593052
244.804176909637
143.920587346274
179.979785136336
179.052758953489
194.826229205491
154.560673142129
196.582481403725
252.818740723072
247.192744811873
184.151831765037
211.827158656084
204.75087013631
174.24590486199
255.005744938993
230.188447633184
193.603698695153
163.301913599242
174.056365952712
238.50069499628
129.663508816586
225.348377349367
213.169104425705
193.162603325192
169.068176358966
213.246563163627
211.852021796518
245.932177484281
214.872419510398
171.023089888345
185.406108088125
194.099265059835
185.361887678408
219.393983659518
207.585392156998
164.528085404994
114.149614840178
117.835602813702
138.453796821098
105.327916986271
210.046783617731
217.121543485152
231.271156624998
187.016737294132
203.229417877314
228.131812482554
198.317837736414
204.126223280164
230.306596475446
200.830838969208
191.372568409116
182.400869812605
271.763431880343
140.668949060318
218.082085497592
234.643852487336
120.097527127054
206.646515485374
206.675112834067
223.519068638305
191.561320488649
233.279763984371
215.724432256287
189.487385278007
142.347706356528
216.612854264454
185.668665646992
220.247377770135
209.174125273315
200.089743812898
223.522206320402
239.774394856648
173.65935305975
221.150248249185
166.409780530707
260.360395469191
217.568658549629
252.923343090722
149.215503789899
228.001970233323
213.110592436942
232.499826706891
248.28828350077
130.98188215039
209.846252080511
244.399179148856
222.99294273315
207.781114458339
106.634895800908
230.404379684753
181.476505916509
148.480218590971
161.706434578423
181.138776900369
240.878465966548
261.901662076885
172.745987958254
189.058939205307
208.285536296854
258.417745109162
228.572494531439
198.702042669992
175.534572871819
205.573235117289
157.372775557739
228.620434904353
232.972829116416
191.047108054453
177.477588965652
199.978289100775
232.431762696067
206.612683561987
227.03251257885
260.555535805354
262.314754034066
200.937304413273
258.302600982377
221.188886643178
232.344160904939
238.46884259317
177.343700454444
264.897172774678
210.921429877809
237.277954523798
187.613347309883
169.008712865898
223.837277772122
213.473610813582
226.020852999632
176.242934821862
253.533023648037
172.450052561198
225.340743063743
180.891154444712
243.48074794533
174.468270842969
130.748924871637
187.187670510787
194.056576140461
173.893994058816
170.94497193795
196.584738735499
186.871772327227
195.541686270841
198.001254398137
239.760996124683
265.214964083783
252.353701598408
121.356771213702
237.701963695875
188.95475880923
156.033427764523
122.08834326922
233.380860050497
171.879890562241
220.412040626924
175.766089308101
179.005037387863
163.713038753467
179.902886596548
170.176633646253
163.00994026859
310.833120491983
166.042388465399
214.768556595006
328.434792570631
181.506118275335
168.817609431814
187.408999534651
209.404326858081
131.735241012705
267.904653677648
171.144286826256
211.262248383073
211.212608653748
274.174150282644
161.889273319212
163.599833836646
214.541564711371
225.009346436221
178.211868058707
171.065490910823
224.136723435047
195.196378509434
207.76261410589
195.949224015052
234.629306534762
198.939443545366
221.148094763257
197.164110412609
165.950004440301
178.381439614927
193.205638832386
247.822775400651
267.039429807253
254.073461521132
249.186747416692
233.088898701567
209.746375576727
177.496590031253
234.137791694716
182.984761049547
230.680899210764
263.877058465036
217.685114323072
183.826577341493
249.487149554807
223.285295381005
173.987949456855
217.63028473144
220.939631220102
164.428623821267
218.006593669223
257.299208185032
222.35749151035
201.137262786181
163.265279162197
188.143115716083
151.975854632512
189.640460035448
181.678286778942
259.897581958601
177.785510737324
222.366601981848
200.511925752391
208.244505201363
144.416105301065
214.64225225941
156.994053634963
184.292631494975
229.53054383353
205.183836662776
240.720204173491
168.463989888608
259.571358488023
179.620447593559
214.752730435731
205.06475845927
222.243563274864
202.316329439039
220.816857228279
183.988015287554
164.586294652639
230.996296343732
183.9592660398
168.408110234691
223.994373015134
192.866102697777
154.036227763186
183.192260198536
125.61782775636
260.49328776878
300.134470405817
177.687259046211
186.03946241259
216.678021611285
198.891455057092
212.486090340698
222.08661074532
168.864709119431
155.851898541293
139.947842930509
208.026892016317
223.429759467433
205.145884822296
194.413817765629
155.828975032196
167.243988601657
217.219351492699
167.485070484854
193.767511972271
158.961835049584
188.321710293367
200.364411320536
205.083791716342
167.00805911522
202.492536678477
241.171330454346
151.101111420125
236.659238670078
157.681802064241
189.34207644396
196.441051897013
162.84652654073
236.127288234762
148.422255090906
150.24699462097
148.008702549578
251.929321717661
264.237225600487
232.359540892399
225.441402711224
252.201528174442
212.901002463916
217.987204701807
248.837591671198
201.945831315867
229.379583803482
212.796661274779
199.674234422583
224.202473901801
222.646709524657
199.421760123385
257.736144081029
166.998079087987
247.852452272218
157.630254504248
259.132458710902
266.573384785142
192.882738371118
221.959332294701
251.31593499762
159.820273500368
164.532582863568
168.454935146794
173.727388153294
215.872587767118
174.914023179985
291.212705073783
258.330227637625
240.226413962195
176.629383002193
249.900444281744
170.249593381072
170.553512670716
151.82163524804
178.267210225535
199.654307359851
175.515451251265
196.12877271074
240.403877178382
115.940385149082
248.302232048409
217.23714176711
212.02366082757
195.014456474519
207.864411034429
211.492622551613
233.0374649646
123.114053853853
205.186396750883
192.712491505587
139.203552901318
252.384637609519
160.729769007482
189.661839788237
179.238262098227
242.726129922173
135.536231903443
275.559342797382
178.964713580687
103.265354806593
162.913380349893
269.582502163534
198.458210364712
94.8309914918162
218.173426693732
220.173730530281
157.097287212885
190.45880738003
226.88602423647
181.16069796879
169.69878833655
195.053290776108
223.857048288542
176.225094540416
162.68991610727
198.718105156144
188.432801815102
206.706915498769
257.849792027113
257.424554398741
111.90172957451
208.530016036942
207.470016451898
137.018201067925
134.795392076471
240.499036127161
194.748322560443
171.176798521849
123.896128559073
113.210218428668
238.368742998187
136.84191574611
153.420074916077
239.592051331963
106.528112294113
155.863014644193
230.794242512854
155.494559436478
164.03117771342
197.984148872346
209.448103364795
228.926549891399
143.021894113202
95.2833268802197
150.550013323938
210.613632860013
236.748513052033
212.710021907444
280.237603231942
174.850869861214
231.873733306106
188.822876863574
208.498814910215
189.814497620185
228.378867546966
152.352138644477
242.809083623146
194.906815224507
155.388992370608
269.560485882697
304.220025307443
162.073261297174
229.407489851955
172.535862107005
187.658774545278
266.703308858424
211.694370827669
153.390996024943
192.687174736153
199.372055837579
149.357601466887
249.603382321024
173.918347897653
192.412442791186
186.247510457367
228.986388495316
207.999951095375
140.163874082232
122.943212129995
212.434203092609
269.245007787427
219.259405345122
206.397469805902
139.285290789909
166.181268876156
137.966184420833
243.039858581813
195.276067933233
147.565870892893
242.341503108397
158.019392937974
181.511961050002
153.731105804429
213.309864857691
245.741447884812
182.385516571859
205.643198304968
240.443371526525
196.611179599935
294.867535482081
151.346598510488
177.08204666607
251.428904952335
175.275327193275
212.27491051993
223.297309775804
225.045404899112
212.943348598752
230.309660999222
224.308630801554
168.444557518627
216.574122738406
177.787481671828
182.139992796999
190.500454372304
323.563894046467
156.99288284762
243.839382626201
164.950034496664
153.815349022642
166.590487762202
259.315192580458
190.941970027802
198.22266930661
235.696158950272
202.736119837511
194.552890092397
162.679394297436
200.254687877567
205.72495789003
137.814401751323
271.183061314133
231.272415414591
160.150300268304
234.514885826559
156.919011473576
252.574941773647
188.274151118192
161.642172733677
176.036393981622
198.414912846521
138.026082810084
182.158327652517
207.778017898785
228.321451897857
194.264255342069
249.844207758701
241.404108171275
182.832747117287
211.073195814505
217.688934619576
214.105833593805
149.327459868379
220.548071772627
219.018786438599
180.012083533272
184.475818448168
232.854561856397
227.360101310377
211.766759533491
89.5851449922562
286.884939482155
193.627867081396
167.888376683647
180.084120882807
228.545409855233
226.851504823446
152.429228274191
230.771409256578
187.639616241282
129.915681860426
146.935927278415
147.842132768421
193.473715303727
195.677827005218
181.0876423524
186.462780347998
123.661579790867
208.298664099237
225.119079228587
183.347414899035
232.472728509554
248.079799797392
148.743259524724
176.625280638064
134.179861271925
180.785881339132
216.513913094719
210.196472822034
200.147013223412
258.006086032145
218.408286036187
168.748351029895
199.638326317769
139.519407918411
219.885760415379
216.399826048352
157.35097806049
220.623478532004
171.255440516288
222.320289192756
115.102510273618
193.632225233094
94.9580759708579
184.193184915852
96.8295453872932
205.408637951129
240.350131928385
230.292713372437
211.897265609561
169.688548910667
212.022828550576
240.740657626353
263.785393772875
221.450404133824
97.1080252293879
186.028611771363
283.217948465056
241.164769179067
192.032544110777
211.03702946594
222.813150594906
206.918574266841
210.142990800457
196.62814940922
162.700107942194
237.722352944562
119.843954760038
125.451123228276
180.566787138237
205.851650678942
225.555368093548
173.536855709269
234.108869591727
183.359519740417
251.532124560528
160.128000136127
217.392253041836
212.840729277451
257.461510856505
194.614469833184
172.280991193441
187.113521527538
173.614478215151
155.596745868501
173.809323358235
220.63579243302
238.269825762335
193.126560993095
171.839667336683
212.965864248334
201.87185439821
179.584597850709
199.164033997984
194.952730093304
209.392857325477
184.6180118404
140.139441318363
206.81822342944
278.635354107687
151.770639153515
181.233556915456
128.877225075562
270.164376808517
210.220306694926
249.168249816868
218.523610307783
186.971514151363
241.584928421119
172.969617808654
225.085974540482
260.672881509111
216.198938457681
178.918029440128
246.971659017431
235.524406410787
243.565870241693
223.740853748145
179.035685039968
213.977883642683
198.091113764296
233.901182288794
158.089469952403
240.695432898303
162.863218906279
125.204962283155
229.289455180122
118.211553346049
151.492293842053
164.996139443822
246.362665061657
268.000880158372
272.375755861895
122.140299698834
279.550175796936
179.383426384421
132.874558544057
181.162162196352
252.251767411629
154.104144277929
172.029214696119
196.67980363043
274.80773492265
225.143375745354
171.523956455066
229.261483550357
187.756744610811
239.509667265981
197.298794579413
199.296616674692
216.450890191281
224.48219979963
128.391796646129
229.042401251126
295.832982776889
197.565215569274
245.57688212391
149.940862677765
258.589776164552
196.118533039305
229.847907450043
192.990990330826
189.781721902474
183.567270712222
192.26436002544
191.5514830191
193.869647786965
212.444971257202
241.679630754224
207.32713639299
139.557571569305
147.518733019979
207.264291425785
282.108901429765
219.948002345472
179.6924618375
212.15087411172
122.758279901825
219.252441750941
190.650953603059
205.226626255166
182.534796424127
181.941081233485
190.415460185137
164.981425619991
180.831575146978
245.624833849692
229.874455479415
188.568259122116
252.914965290772
179.661123695474
209.921405518382
229.022167292895
155.974101901007
193.322720348532
141.270086195833
149.478254358235
152.071025542291
211.50760416913
209.166547336045
165.37811951931
218.260909465167
208.08747487184
242.987783851842
167.258734007417
203.97059568588
206.419468612103
251.315692571898
236.472894548858
214.512515119022
149.4903559522
213.28916728263
195.175434534389
200.692139860954
219.816582485721
165.544351549036
204.078985869265
226.889703504932
248.026225371903
219.398511208972
179.59523085711
286.368508220877
177.648554927358
181.617616821047
218.917205400734
189.68950702744
243.528782624246
210.697833577313
215.086674166422
208.562666730696
240.63404831291
207.914674649541
244.106578003336
188.248094110657
127.231673084791
279.746852360208
222.871411975034
188.535412938963
193.16932443965
198.20031372106
150.726032966707
203.231470521068
259.169620891851
253.431346806976
206.517935739975
275.928004933986
263.850503365824
284.689802066971
205.324546877214
259.830561001333
234.461850181008
267.201277953033
165.835476242705
208.695282946674
181.647069749768
238.819466301548
181.273469508273
216.493211006687
277.775048439466
143.467880308362
115.390004548834
207.957480476972
263.140569347956
169.58426555862
208.695657247162
263.304665650974
249.816989281131
224.012560069408
128.59532156153
226.541922494726
213.675356617272
234.192901595607
224.639282273437
232.733262329838
150.081137221964
219.060397162132
187.580554420199
253.003397872384
158.938831278122
184.165947140278
227.515421511086
248.41454118157
200.222681558662
180.373466461458
249.23895875234
190.517826394125
141.503403910103
217.160636517244
256.516489728203
194.26593607903
202.105797893375
182.321582694487
185.074348368753
206.208289075836
145.226146747916
233.587435895252
176.172541381866
230.853200094577
175.110689989281
185.511976091649
229.030678905509
253.890258301521
243.665217114207
222.110544188936
204.650365587199
206.709548344101
127.611297502401
149.339760060076
145.088842768155
233.791759850629
203.389120242429
180.68153888596
259.09303396054
222.061922320227
240.499373188883
263.517122709336
228.999962345935
164.36944576754
224.41949149717
253.719816612781
215.432774676942
214.48364611185
206.623232335888
129.436777213404
237.601100251553
209.400753581082
175.608880582943
189.461445560994
173.908867353682
160.895255894815
212.226156614104
155.577632770054
175.033228647303
206.671515470397
188.377726173445
165.200752662396
183.255688708122
220.130813425692
228.655771745341
222.429382368666
217.157280861434
188.563496297523
216.679878852036
201.251332336674
179.954239364338
227.961236032966
181.472175603402
186.253428860414
189.958103628907
167.398215144258
172.834016418423
161.900629368089
197.266228799663
216.660189760056
208.270760794592
141.074203815364
152.890417527085
232.327145827637
182.429653994355
194.220431124034
180.123852140302
291.333078154353
237.605973470676
239.489347649069
203.553399886943
229.091582961362
222.12879215014
129.507571409258
255.85760295325
195.155323294328
273.101980783322
191.835089342078
300.494867889874
162.770751891628
185.745837802598
135.724363656734
177.491494842994
211.728252540613
194.252113003013
172.769548759059
135.877541411309
201.824624873267
211.310350491385
242.136746129106
150.350019383614
249.015898306029
205.136809889925
189.137292128517
222.663715465481
216.210805418464
148.806035999991
177.133242212612
187.652704508043
135.244153889238
286.469864808612
205.55953535229
192.915131610628
137.84406426058
241.655651248806
171.272123340201
146.324070762221
241.5306842562
150.481021478536
197.970573258407
226.609607637042
236.340282260143
227.015925686872
208.56780357315
147.214738205587
189.751890108283
258.106013957012
277.959886024019
123.78458890048
171.657201388343
205.921427093496
176.556740644065
236.788801205965
244.287104064139
147.020726445929
251.287748534959
175.691219811926
206.700916252031
195.234319766077
193.631900823439
289.914196619064
266.80140645932
242.605534381048
164.93075829079
170.212734507829
227.461909888762
216.20575100144
200.040390640605
209.583199178186
240.941945038662
181.54517069087
108.65281398308
200.653088112379
248.992997682551
150.778833757935
215.550054328919
245.006473382075
225.535715883025
88.0361845871852
161.321691601266
196.499823179758
248.227419108307
177.732947280093
165.945974718188
158.506897290261
146.393229207029
219.545859446832
142.868296492383
238.645999314305
221.05869167138
192.116094551491
252.979672253959
304.505101012366
146.458298577536
154.896203354567
212.712702677992
184.388245846132
206.126226392102
128.792215604117
219.054492720339
156.994314274374
275.248682240668
222.675717362078
238.287013537636
190.724952445544
249.70158092138
184.432850831843
132.339930884793
185.73795935733
223.266934537686
251.564546315073
169.900861634939
235.903454729692
181.755906341353
228.752269047781
127.898647423946
238.601570608545
174.321173316887
214.191436390502
187.381794635626
136.948288925212
184.890269850762
246.604144011132
147.831269746232
194.076503995215
197.387903347699
185.079764556921
160.290796105237
231.547112339659
336.773722144012
137.140892481303
177.991033039498
196.960579749421
153.415358188364
154.258543068098
193.08705887932
269.528919697778
197.039175202091
155.9532341793
199.019711030258
195.264830109979
156.275314031617
213.485601276737
161.380729965812
226.784931230879
158.596513517186
193.452309331502
274.553406764132
230.054450386172
207.790710595808
281.732345808999
197.733123823464
213.77731408239
263.675031431695
201.97060228829
60.7563540416874
208.538678948045
212.633133499705
201.870134754256
271.025320320306
150.980512237741
216.326070716506
199.486994798801
245.778506445258
111.045452843965
230.708313979267
197.321344152094
197.323053099488
201.860497253962
179.520858157388
141.969044695644
215.170765939307
208.284806365315
165.347439791057
173.33919951894
185.879093318538
178.912647160007
219.001380164145
210.529993310855
205.472960354219
241.6212000881
232.635181450592
210.659826785035
185.832509743917
174.269316054165
233.314643369857
234.158462830641
234.245282138864
234.254036472448
200.618682987625
207.73521332892
188.256161223079
187.148031606025
184.850998179967
144.622094122772
186.146680290901
176.966639000495
183.598181180745
217.348095923072
247.45354177485
236.23986875769
240.722971083992
231.627571363128
194.915378007896
241.720356106045
136.954089713066
193.047661007538
236.334040049336
227.307347518869
241.622500076629
194.971966844118
239.615240876175
224.303888837847
172.033047675781
178.697249179001
204.855909239828
207.735053063996
155.841381410362
169.3252520982
205.452384909417
237.613828268297
184.515758182303
157.676674228095
150.813549185394
119.333924877282
192.151096924002
216.246301026893
251.429131554257
179.01769568508
199.918040270997
216.80404194693
246.210393020343
148.443587258718
229.998725663039
173.780615566879
235.524562549875
133.900413367867
212.998439854076
143.586662534607
163.676736941905
223.596553261557
177.035900449816
192.891707315095
109.988046231226
191.582093008987
242.022400493827
217.244073481454
187.432952742015
246.781556029792
178.629317756838
210.985304501081
217.96399698599
202.118636713153
175.384847133003
192.775286819564
199.234991322822
168.934714446137
200.21575356714
246.359009990522
223.824983787696
105.05032517188
155.661344969432
135.115053047226
174.330661679745
204.509169109326
240.980604484645
172.558522036753
207.258118937294
328.1662486555
161.306439861069
228.26825001174
175.726276849225
168.505476097347
224.954829097655
231.088979257052
227.810670452623
172.217095998921
233.904025881493
148.550879379577
186.064810159243
199.083008810367
223.377579576552
184.538199682984
222.665837256428
221.080563061696
160.108710091284
281.647744567825
214.424761614999
180.173567554875
188.238513974741
175.278470354524
187.836299421606
228.440445860084
295.218760083748
296.585332306456
170.855328577788
221.446994478359
151.125081475731
132.866125454321
177.646849218514
232.867279763203
255.066403884368
190.615455278715
187.591319399856
245.19314544652
199.793440702462
141.551774154879
199.169831572869
286.337143116123
251.103189801492
167.96191129264
147.306733760906
206.290720285072
190.631758309178
224.527044170369
177.39846667707
160.428289607162
290.95437680253
180.84609386664
127.089104016548
219.98592933811
214.241460710773
152.968146813227
222.441996999864
169.731471947449
167.214251050003
280.581628564342
251.156229913053
182.427489429345
251.42612324897
166.331837828463
178.913106812853
210.118088504061
218.226178029905
220.245645676775
185.511626011432
216.103844287584
127.271383976158
196.660255814937
129.191065262939
168.562782904723
183.234955770367
114.31386216837
250.446802572168
187.669142814462
206.032888570938
125.918726322305
236.507796149036
185.75891968874
112.739734985386
195.408041412346
228.682006027812
179.252201006485
230.742802151814
225.264870484968
234.912888632961
161.909481394394
226.59435686096
205.740856042127
194.224102346976
158.242808063727
180.398669317102
193.343489914098
182.948257532235
145.911888571307
248.239379995137
209.441479546209
263.635990446281
196.347362353127
213.514272754115
190.129133479073
271.05390247176
245.920988986773
248.56354416883
190.397029186189
165.414396451577
210.152702460365
247.002261280293
138.052662157858
242.54892922963
263.275339734093
112.592574800166
222.514476040709
207.380723628039
184.104552595179
214.153316592605
261.389953950307
296.290289853302
154.753985079551
147.675925174743
283.149017450133
256.782144784233
253.912902907553
285.176198602257
244.552550890684
167.122764032537
203.54370220645
212.980002678628
155.049938414156
200.635647603113
202.617161317494
109.813361099
176.447417792964
190.01392079318
250.002531295106
218.421142560143
153.16742991451
188.267886989229
265.56123922948
207.002102022844
196.174336479111
224.098633130518
190.034697846057
196.623017111498
192.815576624973
206.805843598786
215.869676772811
173.555619704014
237.218338859963
291.241549426784
265.625096677514
163.419234221117
204.060350154659
133.697028724524
135.477775001417
296.175672086203
184.393956996289
102.770987807802
155.118331141563
138.98078505111
207.307551757512
227.302497487757
208.983935571245
180.29055719819
247.927691082574
175.729156760483
174.377657100255
250.941022832837
232.835895029711
312.221095948391
189.746974849512
200.689128096157
189.587431312655
254.911170435384
185.330929778542
193.29774986477
235.436517398887
161.180650106615
207.4996401186
186.967731759648
246.288891359378
212.358308592074
197.997717475452
175.403439316491
177.303500065085
209.071361084069
238.388652392687
131.968939192924
209.409064900191
147.476585153265
222.478441986461
192.109985702212
171.535801163779
183.043565374592
162.837971386709
224.038152160159
211.832897678351
119.642717596697
235.658810896044
198.469419457124
111.069996124612
219.773433395287
261.055231843819
178.173154623009
193.026511674784
204.347733095639
158.810525930533
186.08425598291
183.628165456517
193.976745660751
245.676722740775
265.972245093612
180.232249576202
181.679499177694
203.112236174666
163.439038812013
112.570204612102
197.015506479056
210.934934617707
153.644581097942
151.528610116177
224.25298839206
192.661314201078
219.667104907876
147.539779434571
227.567952420524
140.215302090704
212.523144903032
181.53715107856
144.390587784728
205.005760639358
175.441094527289
228.283990254086
178.663941842859
217.011124459769
179.273122720798
245.255804405293
283.583041438657
176.301027092004
203.520040693203
156.951436241602
214.509233246556
251.675161899655
176.267762273999
158.296758063213
154.057607462384
202.23750332688
240.674804693767
228.176107487906
151.594183837354
299.98670834193
