18.2878898271057
233.890981490221
66.2006474406206
0
0
128.922086968335
118.770400895268
81.4572363592241
39.237059601424
203.487429195008
120.188938631174
124.885676502072
133.189726394102
184.582325827534
63.2396626332941
75.5651909162748
0
137.034059455721
96.4973524710218
23.8836580882868
227.284296135423
86.8877033639088
85.603063762588
0
93.3147396636355
136.146830666286
96.8542516151432
37.8653576495755
69.3673983306653
126.049299655963
124.098649869573
188.934605191244
110.049806418025
262.46802188169
280.566738258842
89.2063532684441
231.942028343049
0
47.4356034537839
259.488648486032
92.8185717168192
111.179309957465
16.9659146738482
43.9072526494151
92.2911772915854
125.680830688153
32.9006684210708
110.911733543792
261.906650548932
17.3105775204507
80.6589047571267
70.3943219407835
0
82.1536084708102
119.011446741435
84.4244894454638
144.302689970953
228.800087652394
0
107.114423036712
109.887986131468
0
130.540360098104
69.7943370590525
125.05222566674
0
68.9693929410228
132.394838692399
58.4965031545489
143.09408049586
211.662500485282
0
119.448944048736
154.990093004849
206.719376103254
158.334150690955
71.4253044035342
79.4045214804128
104.351497449812
90.6292391834421
135.91521947494
139.004036564387
7.21253190541701
33.5005552689312
159.602006390973
76.5833053553837
110.096121908094
127.795572442849
158.729772020474
57.8720910010459
144.414200696645
0
129.496574945602
228.627519216226
197.530154210992
75.7475916345042
238.454961903844
152.063520279892
213.429198603685
46.389429631484
126.603633364771
1.79954982874115
115.575387206046
101.887603459677
173.668150970227
172.634257145878
0
0
60.2060799834329
97.3546895974294
43.5066750527797
98.0629784284773
22.4587843441612
165.375537972499
122.226560530202
168.421340358594
67.5793879162054
94.8572569141815
129.201417420117
92.4268419833806
100.968946418534
94.5986461585974
267.996076499429
225.961716421233
54.6041413563454
147.835626178368
18.0743145424329
148.281544547523
176.804875575431
22.8593104180518
65.7801957210459
76.1924427906703
79.4718130686625
0.371033739789539
214.129302749024
99.3901907172503
45.5962607289062
149.412422434678
88.0052306811653
142.091446596273
56.9789757769438
130.225429200237
82.2798267308959
0
111.728848405052
161.674582677536
113.2550801629
66.1997759547397
115.802713343979
54.9586112555259
0
329.229061022716
106.848618271003
142.480467079267
25.8642980091318
3.04337925053804
68.3487221523664
150.096994401096
137.877219797515
99.0355846072641
0
168.192791744633
180.055135119125
9.29584366528468
96.8585134642698
90.9080841180551
113.078791251459
122.531754469946
265.678379691513
91.6771296732379
100.900517993167
62.0400082907782
74.2516545052839
181.685811655322
89.6808281302919
229.463158785464
156.103779919071
167.722549270135
133.143671692283
0
154.635373501605
76.2277055558308
107.98720657746
106.599756717208
42.3819995794235
174.391944968619
78.4449002476784
126.676815432654
74.1966219477342
111.206986003846
151.749167316878
132.293128127312
230.011444935512
185.805301927403
0
90.0089332141677
132.450657568472
80.2611549570552
168.872883543158
193.430762409351
76.8741099762078
13.5923576364081
117.19863954451
329.231611565774
0
266.192483253364
209.960997370436
150.634355646335
231.300974316395
141.946465193608
187.661685116658
238.3920393547
29.1857413566496
47.0949201351496
25.530454445458
150.609392644308
68.7580598938428
159.552472729806
182.370139651265
73.5907953273777
167.24111877725
0
98.4968425920516
59.223059187175
313.626077064208
103.090507008673
147.488119868392
58.551355608128
51.9220527696459
89.5309012445821
125.274874904987
146.648723390018
113.162541851582
219.424929890592
67.577294764814
8.13520630707238
64.7047364712742
0
41.1088811228068
116.068311757796
171.65950802892
117.017989773159
204.759998416495
121.211573126823
5.10212060675232
86.477041247667
68.6598935993931
164.004574881287
167.68178185645
87.0455032833516
176.620332407344
294.301884197247
239.235513477561
87.4109632512605
111.346931313641
135.598649116363
26.9761336421547
198.968723827983
226.951699322561
220.459107798226
43.4450931612572
102.097525359596
35.5130343219282
168.190204491529
15.6815645303438
68.0857299241362
0
0
208.288593185901
95.079507136973
277.074255916893
68.259324800612
45.4984435251069
31.7973110026095
104.621109082531
90.5979920093092
81.4891641047665
112.528219899375
68.5221027580625
26.9906920364648
172.20334102349
102.571995910395
33.4628098386844
0
93.621039688594
69.7548563254558
0
246.373467114583
185.012082082141
71.8553310254752
74.6645766707561
163.427587171227
236.284899008338
39.9943070630498
134.364896838866
0
95.0175930291822
0
88.0444204144153
88.6399837694721
87.9019063664857
86.9740164320964
120.760783788204
143.559240629243
174.056347128284
81.9693900707506
68.8264583158763
20.9280289574992
148.082812736898
58.7688287435007
0
62.0956061954285
216.2191760313
47.884369232909
194.669987860003
117.376759326627
72.8653066408546
53.1479286937779
104.082981019969
129.307869294221
63.5139075995593
247.815139877596
1.14941052012851
58.7950736827445
130.671905041597
231.397966384876
93.789130482389
142.34581460387
34.7149914840038
177.877584968607
0
10.7738846671546
248.278029126382
43.9147558231993
127.674824792042
78.8504086796256
179.622613420239
166.126860258874
100.817301104993
97.695624261544
143.051766294098
32.3476502333924
127.447239519636
0
8.49067344579609
137.407160823321
0
89.5576068274549
162.294853357977
0
158.88255323501
92.2912829206168
93.5722396915401
0
168.234056022997
83.8069097951755
50.7842262757033
37.8203011024588
207.745095269454
0
54.3911404107416
85.6651422351162
152.147991470047
59.4961174652932
171.34209167251
202.540785099756
112.045704672093
3.35011609666159
107.725344189366
28.4313738449988
130.438908149779
0
170.714992008945
91.5661107731631
36.4594106131165
52.9230316798053
162.297556884899
0
172.437273499008
171.580250654438
163.080380502541
3.03951959145706
35.1671739998191
161.028506929882
13.3007290385535
87.6724378604818
0
82.3977119516644
125.00587646765
0
35.5404568161845
102.736606937123
0
241.63231984229
0
61.7069512306423
101.208505268356
19.6448139707182
212.638163592726
206.452859482092
87.6483664237008
17.2095686858421
26.1998821406053
202.461296271848
138.732102510065
26.8785102196771
155.591100745617
101.338287586067
185.237624738438
196.356562377333
199.061147431283
0
127.950398234143
69.4542043975498
77.302363872846
67.356947261186
56.0704046276337
78.8203000226316
54.1790543882405
138.439155856487
26.4441040689463
149.291101510443
86.209542694131
123.052375143766
47.0043804930065
245.311923150416
20.8126499302974
94.6433358514202
141.788659614299
105.960722956729
228.951130908469
128.883665904032
308.137912654629
91.7945667230377
119.352808855128
20.6830358562316
107.668117958585
60.6091562588454
179.404409976344
93.5781616623371
0
192.481786525045
223.883484485033
55.2280955599659
152.087527966445
0
151.360382243361
57.003439494469
3.51561874291419
158.338709453166
229.373306603572
32.3946762027788
156.433264021801
174.943734199179
232.687569769824
272.170373294461
218.315653520161
52.0904482783059
77.5733709889472
154.670140588459
116.256469918781
0
0
303.369274492185
0
86.6310403331722
139.755956150643
120.676213458395
145.950323523441
0
198.241975531433
162.244881901823
109.386467136084
179.861192759848
36.4349780439769
1.6021307437431
114.237897479485
191.482894284306
127.984096542316
133.902203407747
19.1248067840815
13.9894361999949
156.956922893633
0
108.565279274456
64.7014388309864
155.626117236102
62.9591363923831
119.095312130094
0
8.68391569810525
71.1780860216802
120.121242763606
161.087368669874
148.232226101743
61.6224834170718
93.1096636913365
67.6172006738627
98.8846389610406
160.913591452269
190.409014199804
133.152194686913
2.98530255984952
191.5356220749
138.102164000191
110.61702640374
210.538406653625
77.9166514723379
49.8224181009908
0
0
67.503308424319
115.597685813765
107.936526510372
7.92163735680525
85.7935157583054
88.6783798456678
158.837850790007
176.670297174058
92.0172934134928
55.6701279623375
0
70.0340737507557
0.953022462938051
140.136226437106
0
17.590141206042
185.812109924433
6.17234580636824
171.106668316769
0
247.190245406529
0
150.966612752929
148.814025620007
110.333808992392
86.8257444997326
225.222868466709
173.70326626598
48.7355090395257
256.293670142565
27.9989741201821
129.688452173637
22.4219271510409
142.223963925162
48.0887599813647
0
140.767382032138
0
148.161824869525
94.2037646139552
138.542704156696
203.448517903164
69.3536707929976
139.816318954173
65.1136150403861
61.8580776046499
0
98.7339462244151
46.3062769305049
154.660734196153
64.1376866057118
131.408170408008
285.652823643428
205.925869577086
248.795105247331
170.367187722536
152.309784029663
217.422306501687
59.3713486055155
57.4360039533441
114.714018202854
75.6001655681511
0
82.5473817277274
148.427662851764
0
184.580935712245
64.5642107997793
38.2966473118611
88.4450631746131
90.4897486992465
180.312213583972
0
149.579021463671
169.517779171754
93.7723814728016
150.8412464842
93.2166385753503
0
183.37328033707
188.355321823439
98.63436676257
0
125.287171906738
99.7938640410137
107.005217330485
0
61.4938725196708
0
64.5476601624588
138.332635164603
138.657637420404
144.561992936534
64.7535794293821
131.349162679975
0
155.191225055509
98.9524900426378
127.525223180155
77.7857883749214
171.054827238608
59.2200119357357
39.7911769638799
99.1138618611976
210.180837916746
207.563005454305
86.0597235954447
40.2465203105284
0
0
155.771422129162
118.729159783116
32.1388943485837
89.1632600189018
124.780551540276
178.229100786583
80.0529594478841
102.496593592374
186.54342700949
136.582962725714
0
37.2727214313785
130.106582750279
144.801807410067
175.463956733879
248.488157796629
3.64822259967065
0
62.7260556528425
163.422789154707
14.7767748719188
132.555193374752
79.3592629010308
125.012527361557
128.813507999957
123.417253857214
40.8822928762325
120.963490136999
25.9745884299892
95.2830424817701
122.746465777121
29.1555980218425
190.81527519062
106.48322349648
187.525904440195
237.95451509437
0
148.517115127029
90.9565763178288
235.314937330201
52.041954379978
81.6914269146938
120.062745829883
44.936880980325
102.214614233648
106.86723411061
76.188119673506
0
0
0
132.14144828033
245.335172101994
144.230918929444
172.272625047097
94.7411420920214
143.851472610983
127.140307152958
56.3863872191879
218.615833984589
27.2103107228318
36.2159456775479
91.4787768140766
179.876676670815
32.0769031166566
92.5813310307133
0
184.684758285552
267.620961831348
28.3983178761953
21.3474574431305
79.0380747270415
0
136.344512338834
167.927174326243
190.353884971297
50.1344436187791
209.864663802273
82.1289869905076
0
123.035862486257
156.353528874463
40.3756046930862
115.470183837231
149.814720915604
283.303332867097
58.185297259565
94.9328692898995
0
53.3295862892996
38.8598211578617
85.9670090258671
102.499607213559
30.9895647918931
145.381093963929
39.9371695526461
24.098364056595
98.0916818918489
9.64552062193414
39.6952443417075
60.0484062620422
154.758028196706
128.893858077414
181.223249737176
111.546372391021
50.319562347348
117.75752814352
0
59.1441078849707
185.47297869365
0
81.8844538116023
201.3845150854
134.318849655749
125.389307433684
219.058318929457
46.4272961695849
11.1061504292433
170.2188416585
73.5651654830467
0
75.7032523638163
244.07521953684
77.3304297348473
0
0
93.7938296120435
118.334571144343
74.2291816462053
67.491359300132
51.4366939501157
153.078447658792
72.4620176524719
36.3304472102506
100.869268359038
6.31353480185032
42.692187463285
176.985206284882
66.8023921014488
87.451837596946
76.6834262811286
39.8480477398095
142.791649416081
162.811917149831
158.096182951706
94.2869544921256
15.9421267975936
65.987328924837
68.8779629735262
0
39.4811470908158
17.8954708875741
97.1838845123558
150.79758854252
99.3595728880468
114.141564814479
65.0948673416934
265.476630610995
88.2172313545351
109.124816055486
159.499507659549
0
89.7045149991281
103.480799845363
42.5535391987684
29.2898502688552
115.418669687393
0
177.008294631605
48.5539561409107
190.007914982967
80.2578113479944
117.776495881157
141.680788000426
152.674266551468
317.721787267852
111.910615475692
58.6763853649752
81.1712988843459
80.803239479147
138.708202419982
73.770933107538
103.843719658896
53.3058641203297
83.9394615698209
190.595203109306
244.572355188115
15.6274933041439
126.838005027695
94.317564201705
0
0
133.106733023245
152.817798168887
90.1977055834025
135.485417129206
91.0032498500417
201.62311244979
208.966497154052
132.368854588116
84.3029038587805
39.3914535711627
100.842412637471
38.9032733844306
81.2239275216147
66.1550054132023
128.809311773371
238.750069478761
28.389103962175
101.619632742421
30.9378845865485
231.984320790597
72.4780603840407
47.9752142063684
65.2715962574595
0
92.3168749716858
202.642194814237
63.5321949123322
75.8755100465034
179.895887227315
92.4892732076928
43.7959124051071
189.517465627848
253.242713511615
12.4665504072325
164.720270318309
84.7978527615735
0
170.675200380696
28.9452386778928
185.199571199415
78.3418289848841
177.217993019739
246.770095247269
106.43442297513
79.5668802862583
0
0
198.827282124831
139.469942181756
180.488979982089
182.920466118359
186.679240976913
105.424118020066
110.537722400987
43.5962071196153
143.584271658764
239.276623100513
112.264561538711
9.02416583909667
184.836959596513
0
142.379000334334
13.9101606263
157.06779705697
192.431448575675
143.367667519156
8.41271627407653
249.574261905752
0
53.5675270393824
76.0387922072879
80.8973643259081
80.8913839911937
98.7328889325747
158.281716684974
89.1537937510112
103.160892560655
89.8047626868458
166.256359063231
159.661158857718
0
79.311456971917
48.7659903191344
166.828110394276
87.0498548103998
0
78.0980954589126
92.8328461037853
183.971745412825
94.9434562341107
155.338671473622
50.060084276403
83.6572994607667
91.7454641459797
208.749783467532
93.3322430035945
28.3809421974753
149.338909544015
82.7533108013612
80.9340056025408
108.415774698532
77.8208892186809
55.7634042074237
75.8187534961791
138.776872739033
81.9136276973429
137.630787864643
168.580611810479
122.107565575833
132.610643795583
208.769426231629
51.8392793718514
102.0832983313
189.338692582967
65.9967486485057
47.99116566089
98.2631528589888
174.601362162586
81.3363977032718
112.010089737832
9.37421194939935
84.1884658375554
191.167744039471
178.764934830687
0
0
48.9124648275064
90.4612384003059
19.1928036818278
184.538578862702
27.9251481418981
47.5150576171593
56.6955022914798
171.055602952739
204.380635471642
168.356857753408
160.359465182638
99.0873509115568
103.806120210879
6.05412907791504
85.1083611009772
146.704099827635
56.1605061565523
55.8269473110005
138.588301362758
27.5206631452338
238.977514296383
52.6594660493612
179.290610944311
272.396103031494
118.895052542663
0
196.205119158291
78.9855965478814
64.6097773358122
191.934191131835
116.901898924146
67.0386565117864
130.281820765691
65.1515249141109
142.630649281232
15.3609715838313
91.1186292499156
167.829588662285
37.1812575928749
16.8330989057542
223.866432693758
149.302022478761
93.3039441186215
37.4899329347548
58.3451125524874
182.005273899043
185.041634118754
62.966630366796
141.030647140863
0
138.15016987197
0
197.905857819638
107.612425589828
34.6032866571293
0
209.105609373488
93.2685954304478
13.3690510624194
203.688117291708
112.994822131994
77.1417626866269
105.435140065027
110.330279490918
117.342040330958
0
0
127.524858535591
109.706503364497
158.380287164828
0
219.575969914964
74.8581394094372
128.145722763117
223.671779883281
106.184880879784
115.407653350726
40.8679266694354
74.5065011816182
19.5732663812424
62.0248411876166
99.6785464897053
177.272688334011
224.060697484256
85.7972315888497
133.657459551659
81.1968750170532
114.899166522414
192.304768775532
160.431248244084
130.965626327415
99.5653913546317
0
13.257246130613
122.394121178639
139.467878093854
48.6932460100465
204.261546591191
40.0001085457799
55.3606735399027
221.444083252241
53.0158872266606
0
101.385775479453
120.403598727031
52.4754680944277
70.1596216928839
154.430638209255
69.2610741637296
179.724673312167
109.888789326169
164.340236712223
201.940163744595
95.7261598822263
187.610137695457
79.717923942636
251.888402167858
0
198.461115050432
0
115.28753558762
102.613340744355
0
202.725032210788
27.8799826528772
106.039749258118
25.2668312416987
31.4435939913583
65.1708636933259
137.282157016899
180.646777464229
43.6959794836581
137.629384064061
28.6040183713488
116.477610470882
77.6120221559676
33.5546055603849
185.746248068272
0
0
193.584062766692
179.655432429107
128.27341797779
227.524806901375
101.861998223471
32.8310819181355
157.376683481756
118.821215168066
134.021607068905
0
224.996591204408
113.528092125084
28.5572896278683
128.998098649296
171.528000242364
41.6019963558201
0
0
107.546477226789
153.1640652127
128.354026409068
271.463226876009
0
51.8494605028987
79.9343016157383
188.021765630979
246.320561627785
120.757196965975
0
17.9711747921689
188.494931493292
108.956379489944
24.7632536154783
166.756649493175
68.3578633577733
128.541258025211
130.471232320693
126.653620693313
118.691557297276
116.22292220658
0
119.281296838332
42.3873176117958
0
121.361798914735
77.9409169450907
243.719606263544
92.9579115927811
176.340347870918
142.598957193161
0
0
131.855933020701
72.5672669151203
66.3189157266436
30.9244425354334
170.158609033341
253.605153499247
103.077626047924
47.6191397328504
158.460773636062
108.778930378038
72.0851120773287
78.2531771400745
0
137.357760619135
149.46072122013
108.416492100844
190.427502941867
0
139.379751642874
241.185437045776
239.229588963031
61.2517660505021
93.1435485932572
115.226323836503
0
142.305401085455
93.4439640402136
157.379786742389
21.3590676970911
108.678055540331
13.0560971772194
102.112487918018
65.4083955839357
75.1824170512671
44.8147106436073
198.837931904073
221.034600600486
26.3142140602332
180.070812823919
145.495268630437
183.531832347758
100.678924632649
0
139.73185210547
224.277125077913
82.0949921540657
0
222.380961949552
66.2017357954508
129.050501156068
161.706695686795
20.0162577538898
70.522821818065
125.876357174764
166.271917908861
14.2337810603958
35.9583520565338
98.7113633996795
167.506407648112
0
44.7872107940817
29.9773500208934
134.53098840447
108.980768298672
30.6626635084976
40.6855792438058
165.901861120636
126.49662667496
0
0
43.0216587841434
69.4790570272798
111.60353461802
133.940183386192
92.5801434059522
129.627655135464
278.891449409737
119.869743257572
110.590734387015
91.6765007935172
79.1352242480721
185.837882852854
153.59415592047
31.9360805751624
87.6400046302161
94.8750837296058
102.191165531063
147.870265680755
0
0
152.043284634155
104.657130154386
51.6068123134076
59.0134651751583
129.631906075817
155.687819967537
109.680166896975
68.7685321641441
54.324060901299
133.710557736835
93.9631466920809
21.42258592388
70.0055540543126
316.997354529768
0
65.5052487076759
9.57541026906732
109.741099088941
27.4041452608728
0
190.597628211247
143.096585988521
120.955876383437
80.3196939264689
273.661038549477
120.647822345057
48.349314521874
109.710027752615
181.117515901353
115.905687763508
140.271778352982
0
84.2300192838495
233.965763726158
43.5536473379051
148.137530001997
0
109.404937526009
49.854029114812
135.768863794374
31.3842919226969
127.439990304379
75.6382366224229
25.6637297387053
74.8776570483841
58.0502376070448
32.9775557612864
36.6444398251089
216.258630296698
0
67.7455143855801
32.152063982187
133.028433972505
99.915828162518
74.511967451068
195.677047644597
0.501197575491844
129.502132306038
35.418242056549
0
0
158.116800285177
58.187849222744
219.676536611852
16.0490773256789
171.667806530702
106.882770528901
45.1617257557086
129.977678731627
176.640640311088
84.9256895247507
131.478302735573
220.999439405796
21.6066807519491
114.081154035748
243.768655205895
0
128.202473524954
241.9628863484
122.114015839169
164.022510896519
159.753248306548
0
128.670255750665
0
84.0537076538825
46.4709956425554
71.391999934787
71.7236089539025
18.1091880251292
80.5912523671411
199.003360642028
164.435367709981
49.7990816416299
146.455089925433
113.364183841553
85.2141567722562
149.693036419143
67.6756547247362
159.206311781112
141.417438293935
131.933388323267
281.067583862872
46.0165456845946
120.849965456913
64.2088528989537
23.4040629798435
53.6386865754585
24.3247556312589
132.89497285648
0
301.72227327845
109.195713131712
10.1886484614449
172.649042406772
99.7822352263191
144.74258145838
254.291208049756
101.899863472462
159.035978967422
35.4614333499371
0
145.703660346652
117.598498179544
148.828524355772
49.7676766674159
214.832142702998
103.861541793074
201.813665990568
136.11854756206
0
21.5295359287677
95.5689050577262
223.282590562724
196.727841913885
118.51468438777
258.206961153662
150.947514174092
63.3577805983607
98.1822120058571
0
0
90.6926006859118
73.142386112011
0
48.3896002020055
9.74437132989624
45.0174944560628
91.6458115445462
0
218.888094887234
44.5376239103829
161.608486907922
141.991579213802
176.675215870146
11.4768640380913
49.721633658784
104.928110139047
165.879482956551
97.1900205108301
117.659981024307
148.378189744367
0
145.746226665983
86.6466557880988
238.303344828199
48.3310884441362
0
172.610503318976
131.32951407609
60.2634088650552
95.6899718628338
0
107.356490794202
61.8586722206158
159.501707086085
159.799309012532
169.35119776371
147.500226099234
62.9239196941813
57.6114456108032
223.110771160514
36.4454291743979
237.867887226088
0
216.625492200878
53.963706872125
46.3120065239894
0
18.4111617506803
133.608350918897
131.021706927323
44.0143602356733
110.821628286941
103.229114628829
191.591152319021
143.41317844131
85.5661373331763
119.038180155333
118.57159421053
174.691443378255
148.552123073534
17.5947737671815
57.615056987283
83.7366128635617
217.355944420623
88.9572962839479
5.31613642577702
233.425414900764
151.514019360026
113.736606458453
0
0
160.233050855199
156.744736907471
218.464201471542
62.6222030492755
160.489687127034
98.2462572145699
160.281828477624
161.553360509024
142.513991524298
171.38587094397
54.9796988887849
112.731649292555
69.5222699310374
111.869431278883
186.707793347741
202.41640936092
78.3787474864899
112.992646788424
44.7961462239928
0
125.431624597912
24.6359478079136
62.2216075673166
156.172404399653
0
65.3640492779925
0
217.504630036641
22.8595281552586
0
107.192011449908
211.018499710953
50.4779669090035
0
244.944586261654
101.019903984965
100.32478774236
32.9868187113345
75.1858909896037
73.8804465509046
25.8775835191183
24.5125522179292
0
213.099759763943
103.250331077898
208.984299604588
6.25202520445802
126.68942566275
181.418699960168
80.3154475683299
101.799431094199
133.869103474792
70.7053560440763
28.3489099391634
186.866765021731
0
103.656200714505
173.18051466658
157.207309668828
0
79.7125782125172
23.2261768449867
23.6861876928
118.69581723243
116.019892389814
9.59712042643504
73.8073694777463
150.656537515456
111.517561599077
0
117.388526668722
204.218771568248
121.669180959992
203.167289253353
123.450746302411
115.522130245403
0
23.4725251503538
217.297155815552
266.656940338964
0
100.338767503504
15.438128849793
138.769665762405
0
115.271088000279
20.9665962333447
120.467484842668
89.1667342277333
134.705182381424
25.141110277093
70.7746354699611
0
196.314835728528
91.8618346790904
5.61132794169839
54.4057600228436
243.451583262375
73.8675969678717
145.789414520553
13.4771707588039
98.8288224430827
35.2995792102876
137.49430061622
151.672510299112
20.9223951518654
34.2713778286042
61.1123255472629
200.176256202753
0
111.390011037712
257.632519215279
0
63.8141748695542
280.501735110439
122.463058193724
242.441859600249
119.680189455219
80.2901255179091
93.0584435857293
91.3174345941235
118.339423397213
13.4654612490476
0
63.4582169990766
192.162651227549
101.970260296909
91.3465919711029
209.295200233501
106.051634197322
112.767468780626
4.43188553286524
79.1648398057607
54.5924888754957
118.463056633553
62.4699482542666
67.406427492988
230.666619601938
0
0
188.419170875784
228.583237260087
237.025189075619
0
18.6686944895547
89.5480869293217
76.8288506501982
102.950904987712
35.3861618501063
132.497611957038
7.36038968533761
334.601493317013
70.2314513236912
190.168754123374
23.9185117062601
133.778677218257
59.2293571784101
248.692419908806
136.580524087178
145.914996884463
57.6820319938316
147.375757297449
86.7796443220807
18.576018618158
0
111.941233831844
55.1036564793333
83.0198061880504
109.53452443389
80.8566889660019
123.8484173425
73.7316670237689
81.1811483435803
175.827956151653
111.926776461231
129.170807633769
181.807955809377
76.9609200339427
0
95.3799041399049
80.8344062374447
120.034837037074
0
73.2041428464666
52.887832683489
155.204799871265
108.667665886502
141.825146197425
74.004439714529
0
191.989833121355
13.7039004417246
0
182.743579420282
93.1679373334343
95.4244938104852
149.488949364243
29.1779384399866
0
87.1431393892567
116.133853460883
0
50.3584783588295
77.3232940880163
123.383836038951
0
72.2004343746747
102.865275280861
0
157.187065784815
112.865175040528
13.8373343809289
27.9270552847876
0
2.27402972457023
41.6615005534729
53.2034340126813
44.1307060954478
169.816011925689
80.7372842250906
98.5754636976497
257.406063367739
99.1768820705552
27.4206924819128
0
121.860417039435
155.180592319932
209.11749423854
133.704341704557
68.0561550452968
176.7533002119
117.036552506446
144.798016783399
15.5285767052339
145.734394925428
262.007378069102
82.3346963627056
200.420667269209
75.4356072335735
109.916882352311
150.450421630842
176.289808707176
255.696407842676
20.6392690247946
194.085064931148
108.127625406817
68.3181321736255
5.93955783345885
79.9765939866737
201.896474075108
0
103.142987645418
190.773631480853
245.79381703094
45.9425930930113
125.116473257331
0
239.694324976129
118.706630701621
185.134911742609
94.3330213660353
99.7244576964533
182.394210538675
4.33835910376979
101.297371678063
50.7198874007159
0
98.2049289226653
57.2242675713859
83.1601032278662
217.114865139232
68.0607940484744
79.1281655369194
0
76.5132091839339
159.385223628508
258.247051468658
151.954606161093
36.1492656355069
82.9400753470687
168.247155074036
122.648477758288
199.429054441187
164.144834210956
102.659365106057
111.861930756506
101.352003060052
66.6394975519914
0
116.471302617111
159.013673293416
325.858590180089
0
61.5538452742152
31.1378483416714
207.105637961882
0
29.8851030915239
0
174.832873321244
43.9446054183717
2.49320157998085
156.560281661782
33.8007872815529
25.4833286300921
167.611526733707
179.581821689627
77.848592954646
38.2374802013986
67.1230531653302
173.422792928388
106.356162224837
14.8579830696913
0.363854994509921
222.201484326764
86.085671949818
120.184994658364
233.899154467093
199.99873318471
25.9079010950279
157.849873067162
149.705422854703
26.9355663481497
47.5110848620815
151.752210130377
80.9188298075788
111.38916237065
184.621462446196
0
59.7925359911355
43.5959748072969
104.218575397933
64.5101266958163
154.528219969017
193.237805223385
4.98454615090074
6.14233740738271
133.949358584476
52.63896285083
102.710095108794
223.145190584339
106.514654876509
204.08352945497
114.688210580414
157.489979071557
62.132725931161
157.30764183675
186.116817350574
202.058618953275
184.90957762418
206.830927491256
148.057598573871
44.1850334564167
69.8594603412199
32.8805389267736
40.6410542529804
0
181.538233262625
0
174.397015804096
31.9522470059397
37.3194916996994
118.918010840023
84.3729959908921
79.8653996954903
88.3492344268618
106.937792241479
68.9705466580181
111.977307613775
155.888984316994
200.491921106615
104.06201181513
246.765537627179
189.731946025429
0
75.9015833295732
0
184.699626698663
69.259534001457
78.9123607868234
131.910981334754
148.592866106619
147.412970955282
191.782318525874
160.61275787881
101.537076323471
15.7572703797177
8.02157165885023
133.10831293107
0
24.8881080325714
0
101.110656758922
195.954249250369
113.260149393762
288.301792096735
36.5196788096145
161.272077047368
59.6048553705035
21.7908003660852
0
182.835612665359
107.769443167734
37.1182183987189
178.766710158598
53.8129028359751
49.9139389876008
198.570789593199
123.780595386797
107.682002195923
49.3301854629156
71.886419688739
158.26391842447
80.4006892224376
145.254125247562
125.399086687399
58.028582624599
41.3807855450332
139.914577498419
35.5209510932425
152.374611398815
26.7435806180963
11.9563691581914
85.2295744505814
191.972619198732
80.6460884807665
126.960868747957
0
214.959821932335
93.3053576977541
0
129.764512136512
85.5751252481918
103.887939286087
34.2017341696183
60.0133983945484
22.7196803884186
118.990665819283
182.220537365297
158.18026033875
83.6560968279635
141.746005244545
151.63246951868
83.6104726035283
90.747254371605
189.086831317733
296.315135217547
120.714771658046
32.7332690536547
122.343734141979
0
148.311515858795
90.2797262200053
190.135729109216
0
129.934663004432
159.000315115902
78.2070650287333
140.003172110837
62.7156899985351
78.3034028279367
185.41863101606
93.1601057177761
113.485551031942
111.061021318175
0
164.164916306963
42.0009039307719
165.162951065692
137.788754796639
181.40569993129
111.497977817555
120.684290353132
112.491881664584
28.405270691555
81.8502423082678
136.211925734625
79.143945517813
205.763493759368
0
130.283864110545
0
301.436316937476
5.45327466512389
208.750538098334
106.600832053326
121.063769265157
147.026187314151
111.472386977258
134.6999112145
170.01422865214
112.184669600303
0
117.723335605648
186.646378168826
158.248334006584
33.097164512045
260.060031552745
156.044527918884
170.689032432194
0
135.677051873639
83.2058535835692
36.5939494756233
71.5465810951346
29.864629048729
187.728171139748
8.63548028236507
99.4354117467812
79.2914241297416
241.867765313816
146.569924271137
0
0
0
1.53552380579696
165.617685548618
93.6720977882191
146.669309257073
218.756384915483
10.5093813507682
105.136152597492
122.636155766492
203.977618498207
11.7843725963164
272.209524107318
114.129854993905
36.5595910510451
139.607070502952
300.247245607525
38.6249308535947
77.0337214337241
79.7569436198187
70.6270063704706
9.71650268176856
145.071578178998
88.3723796593423
66.3155204017084
99.0606426295167
198.327304220832
0
27.9840612653947
0
0
228.829161362141
0
192.564883485245
60.7967516848034
15.7594563950013
171.494418851503
194.616826312297
151.62602759488
211.19918591118
33.8441247700467
175.322929332881
104.284980245974
120.046552365545
101.288818996227
274.86116862009
0
11.8529510158585
64.2694564401284
118.206553172825
148.289739780435
129.694749269533
38.4180890970948
31.8727197388174
83.0186465863013
43.3486652467183
153.890978550397
127.45969846714
52.9377377182159
27.9564243242097
100.102364899321
42.9358240837207
143.781369587754
107.626801806772
62.440046006427
72.2228258678604
156.336253108867
93.7043674958435
41.1698921990833
112.745622969034
172.50467486011
79.85722906454
196.799650587188
0
175.943337461
18.6019682606836
46.0364998638501
74.4520242635402
73.3557021667337
46.8686905531822
101.543308227126
227.201671983985
169.836404419917
194.514225881949
43.1844512801216
216.71629559634
145.778091219003
92.7195609970994
134.779823005651
114.516836466048
249.275687918611
146.043462303989
160.586532620935
10.1546248207451
179.013052261539
110.130573002788
161.441351288671
85.8198260260241
99.1070780277814
99.953784126107
252.339381278629
152.04497561968
87.4960032626026
133.493301787563
79.764501945445
229.428994034346
85.2485864670334
78.2046952250083
9.43565751229221
134.929316712846
7.22282343846209
0
121.0910554481
0
127.805908091506
121.909522894542
0
17.8999061094567
83.1372569435903
187.446395469079
124.337257757712
146.067457954284
107.769968106795
197.25479455043
189.397296767643
60.7976577521027
35.703016614113
182.501012633256
91.4693322450601
221.481259056357
72.1438767835735
130.462537548533
49.2183086995289
213.67502858539
164.831691601647
97.2911927449229
48.1111250527246
0
199.202397462284
0
35.23268980662
0
181.213215398146
125.310784122348
162.65615466917
42.2669396166469
134.44191998067
0
68.7428069516139
146.91111442993
68.8267042125174
83.3877372746275
106.462250700963
16.7866717031199
31.4560320725592
115.788994000928
25.4047236915743
60.2870850902879
19.8545627659954
23.9395024763037
209.709398728684
25.5927067211465
148.149990188894
5.55936537097261
136.095097002685
103.365791080978
70.0515191694352
124.4280697249
113.610238634509
89.555039302093
163.781489836307
121.213712467133
61.188964239241
0
39.9595668139817
135.09532902947
91.0169094383638
278.978724745334
4.44563917780663
70.0759106072107
178.353587533825
76.8492310835897
75.559712506434
114.805173537271
167.690901010444
121.216310018192
41.5951981781415
0
141.863808124818
116.614785430206
39.4065461865327
0
224.115557410683
127.588655100943
53.8740624836018
57.0617141307057
156.680494387047
0
219.076029411018
0
176.935060651095
141.01338943212
159.807151512839
79.8755642492261
209.523736599053
150.55565601056
35.0163166984003
159.628786088313
149.08821871061
14.6638017440024
27.4117555349612
27.7977530972335
0
81.188017694455
117.896244432579
0
299.755777703766
0
124.213441692363
0
54.2413473103717
65.6225381750811
0
0
205.448058028956
122.853984849967
0
110.857945756652
147.353462921907
53.2785900484615
124.625326521172
101.097630259675
54.1427962804293
67.4529939552374
161.180218787256
251.945134906396
247.245925503014
34.0117867336051
237.842396152296
88.847590792752
153.762823592808
0
63.3231134937863
173.734884038649
73.6672930715376
100.751420709268
0
0
187.591361765193
30.0558763030497
45.9693682507963
65.2846808397752
105.72438297941
68.1819181333543
206.098154121646
121.040218629463
92.4789425313108
1.4583566733333
138.669227903984
51.0340296429504
135.867761674669
120.780966206288
143.974442435033
196.656526985597
31.8322449314032
150.843990757978
39.7183630441416
61.9439798845577
86.2484711246623
42.5276278534921
27.6931884487877
87.803569819839
0
90.8563373247646
36.0518584460159
47.4487304983458
185.084249707613
194.128089315444
97.1569779072738
297.130368101636
240.723839704746
48.96796515644
141.260886607545
0.866450094502909
84.1046024244272
0
0
176.501578430499
165.787314052865
180.48975411053
123.1499497243
86.6017151702367
266.361129036674
0
159.604972418333
226.261169477153
188.181804116054
95.0467994416234
270.06873910511
179.988469893191
110.581804158368
268.004960350933
62.9855486150451
180.356785337896
29.6472157142096
215.629230268775
218.373579341669
120.368815830303
243.852230818134
111.682913081778
78.6944178209157
95.2351938736282
264.862767561409
163.214017175772
119.831544177924
66.9252901445847
133.298536345467
131.29395710794
48.581070458909
74.0851876153362
141.090772222897
71.784393197976
57.9659732176896
202.25366276605
66.4474168249279
183.668369835889
153.095549716655
0
50.4587822473051
70.8412731794709
55.0401356451736
69.500565154634
122.57561161744
29.0477944483515
16.4048704052818
7.68210479252937
214.985673799546
28.4088808150334
122.914792643438
90.6984846912672
202.885425393955
170.780384298995
118.737152217661
200.389196656937
48.2056510844083
184.069824919434
96.4345760791339
176.201682278478
93.8806412681746
244.127105168045
72.0098795769725
32.3623473358888
166.796153448839
75.0520507826562
58.4166062134078
102.067499931254
268.739850656125
188.523270101514
0
140.071975129747
178.278034078809
164.297343422191
228.751601879641
118.622465388277
190.97495124551
66.6421429531424
113.406790101878
140.065032091777
64.5136277646762
113.210779012791
73.1278176357367
73.7490177881927
237.858084917637
73.9325670952631
225.06072241477
133.621979868579
69.35014088078
169.296827965838
92.8818881994934
75.6289293957564
30.3058953508119
0
180.861940145603
35.5236452342701
81.9187834676716
201.49253789879
99.8127644330338
180.399060531283
91.0568459999735
228.363780898941
35.3936758998418
117.61855397675
119.301695987528
0
181.273161502961
204.587890793915
80.0875612995667
161.525947234462
0
168.873950912126
130.667405816098
6.46318898620271
49.7618567429552
0
0
56.0207525721526
313.685597501897
222.589036146621
7.21727812336154
50.3079892741761
114.751459647815
143.923819042579
117.16729215367
0
145.025656320939
191.273087330212
165.725236528481
126.604077699203
128.272776383872
66.7967440861103
0
153.421235793068
0
157.282751793049
36.0161094756046
169.661475355665
52.1584591999098
90.3831434595118
219.458045427241
114.064318602158
10.3251614726468
33.9723145744058
137.893774423818
164.946649132664
224.971632580624
91.2240609513267
0
212.814580899458
176.837121227228
17.9457826900503
153.879648175533
143.250184256988
96.7050881489382
48.4495242933173
274.750317912574
0
230.866030997192
87.6111201149284
109.888841320612
65.2436487051661
59.4397123646391
30.172860199042
138.540571848708
200.145310102734
91.4123331310724
110.684311389116
36.0054710532637
0
0
0
13.1090580752118
58.5113586676932
0
30.59946569829
127.836867530224
145.122548028737
76.3604473381207
151.779271511442
0
36.1772516402279
15.7005671107784
7.44578840635961
95.1288325454063
76.2476849168046
133.122171372315
235.639608914321
142.908760289188
98.1725939011152
103.378680121089
0
2.56027480349817
131.86519404838
47.7932694133289
137.768790477945
127.853584813044
29.175647387682
0
42.9585916308236
106.644948658297
65.6474182923675
173.225713247198
33.5863191860541
0
63.2216842844619
87.4981872472682
109.051038575443
211.165130657412
236.004839104673
8.60942859886437
63.7560490769188
88.518861241491
79.2386457004247
168.56001031468
110.048137728809
115.554113988209
121.852016487819
226.910665133535
100.877772385765
161.100718234077
232.794600675549
0
140.459469464887
210.282539313692
195.667903029483
123.756662886693
169.009189250582
29.2413539940114
107.421746461787
0
187.933217202886
16.9395099714723
50.337738459318
138.80556734101
231.482127679714
93.7932221564753
47.5074178851192
58.1758432942895
0
111.283459389807
148.123526610995
170.030427661447
22.1135663720114
44.1268380935541
163.777739687188
130.841411276773
102.824564987463
166.750665644463
82.454871278605
107.442516109444
36.5325964715552
266.007673214233
95.6588342340916
188.789373925722
126.112850352242
210.951793017453
26.2861714634978
98.0573246817404
35.151518706054
117.306163693404
81.4913294746219
145.886366693806
88.2065321918877
48.4837250282434
69.9408732843339
30.0746917508908
15.8287301211555
108.344418085459
101.093871133217
0
216.389378250483
243.923676956664
126.281708084121
213.568740121775
160.05348403664
187.216757824471
93.3197973903386
71.4621044799015
0
151.936080116236
29.2647349064564
70.9201199440678
94.8386894769467
28.7715768438228
120.382151207951
57.7208261358741
58.559630626579
187.13307620917
245.219832666831
154.964252719513
118.467377353371
53.7438126367119
142.483095782092
4.00913952672248
0
179.844432322201
47.8245564138732
34.8059411078215
7.83071958066941
23.8971706383137
0
99.9199287651685
106.971412757838
38.4061962648519
30.7936688764609
7.8809935535534
89.9272725662935
0
128.883484859478
110.669187800561
169.16038957736
182.987112781725
167.661593273061
31.0865988316536
253.835318533763
256.407540130587
69.9277758890333
116.381663404033
80.0255576385427
0
0
76.4732204456899
7.61248205744253
158.109787632511
226.508306072241
0
91.5792639405836
125.774871598358
102.02129415532
137.913743074989
103.274313600991
144.771412427643
162.911594354566
39.0423304521242
0
20.3364465146921
0
60.239789543255
51.2634608941419
61.7105952924104
73.350065550946
179.434738401052
0
131.523180211479
122.06452985039
215.075547023383
113.51241482826
235.383534737359
171.018277480737
165.901258949857
0
106.64768332843
62.6933984547534
40.9863632073895
145.075224315253
124.934423051184
283.88174607915
0
109.996072529358
87.4717865072565
178.56967775934
119.012813278712
144.775592229949
179.248103647718
166.02111779233
0
0
186.87291757045
295.904119141895
250.085266169963
82.4743128939753
103.755446487903
30.7711579468797
91.7607657465591
126.655861370887
36.9933218970138
319.926349524297
120.653012835463
16.1767893311884
99.3579545666823
64.3559191152807
132.385881974934
65.4413582842043
0
153.930397131186
89.419028617742
144.550537913219
0
165.072873810766
7.88981621360813
80.6944548261544
71.8465047655906
214.439824651873
107.180881041213
64.1636968179482
178.189627385845
168.207315898427
0
0
67.4161450836801
140.000376587682
182.379324802401
149.797838908085
138.162826479376
87.6138848349691
40.369607774785
195.070568901336
110.089676461225
226.425024620884
111.0970604836
100.687234980645
353.236690566238
42.7923063136372
140.431400448966
173.838523933673
0
0
278.032643270328
99.6488213423325
245.710808099815
109.56321248277
160.12232594867
116.784883283579
231.481498239685
144.103852665845
68.404834325972
190.644582706229
118.109580733478
239.749942655246
73.2460709442788
0
160.382359219447
31.0878221529208
173.363057278099
133.321227135441
22.3211578413638
0
95.1348707802294
0
95.9078663368913
86.1177665768943
0
93.1624602993571
63.0347653664661
150.728061419521
207.616766789258
32.6209733443112
39.220199019773
151.879937592175
217.481904145691
8.19821353045511
88.2332872486278
131.15774682938
96.0965164828268
97.6333292089256
0
84.4177915417836
98.1764932185409
0
211.691553271319
249.424721504157
41.9018186316599
0
57.2225734199161
77.8058214197556
150.044152142993
111.259646684491
225.467067300774
133.914954259904
67.6105870955158
112.926565633501
114.658970881058
106.884475391403
76.0137940051276
0
71.0973091421751
83.6004500116045
105.572547381139
15.1070091518111
23.6874518391233
124.057669015232
144.513880549597
88.4256694369688
93.7985362182297
95.8165732581161
148.169172890139
124.66429520643
206.177259885469
0
156.886231199069
84.3533431951158
97.0797857457954
53.0470000576906
166.42058737794
56.2828840487714
0
157.468572152495
254.241061276999
40.0351199578471
67.9316420432116
18.7213062898062
166.572314777474
168.950562289881
221.670041387582
146.507999449869
69.6944924793573
194.886753256388
8.52902726296249
148.651325078814
47.8723950736653
15.9026991979393
86.5625233605313
111.001208458321
156.099109284241
0
58.3342585069641
0
199.567566499751
72.2068466228281
211.471944946646
80.2032716539003
0
217.081649287994
0.169866006146307
0
67.0355886657813
133.593394052948
65.1759041860225
73.6146711255916
96.3855423982299
144.98697342167
0
181.629958154308
93.242315302593
195.340815871234
107.805439971085
209.262079676335
106.527755139969
190.291373953434
116.251194316338
129.820264872752
134.988322250372
0
181.482265287293
105.862403361572
53.1770561463048
0.828660216809226
82.1128224104112
75.5601826693914
82.8449825960979
151.914501998109
145.57394416616
130.023607600773
221.139880660566
23.8463957614987
0
99.1526336968329
113.720753948116
71.2164480898396
0
155.444412257582
98.2554271767897
20.958719218253
75.6943040538032
77.5473894214301
99.4035752124976
260.987823039034
48.5231713831843
135.421589764087
73.5216576950655
174.711847087492
0
52.8825119307452
47.9464687669752
47.3418701126654
25.2586165395381
136.160764437895
134.510106299713
161.776480900769
198.191899161216
139.329232756605
94.7784438660823
131.262109385095
115.84391598272
155.220191578881
75.7790264406167
48.4475756323045
178.557366876574
29.0676915978045
6.36484330264027
162.144887818586
184.417816768607
155.089203357213
172.718886140284
12.1419248791346
40.90551794085
0
54.4568793822569
70.8927257507239
27.767514293928
0
269.397705595245
5.09998509308471
0
163.632003148558
55.7371040444774
31.4454113791374
104.999384450287
126.003562219139
0
84.3827874105076
228.016344165511
47.3552585156998
92.1779539608901
84.7606699265875
160.392933505214
59.7950893155376
223.013442112484
235.309456626367
2.57608674761994
99.5375615836704
79.5658514193978
116.922295271159
82.1896925403755
256.294745526488
0
9.75780100911366
67.8985078308228
181.540150050998
47.381293922773
36.2306736372325
110.912528710348
141.964633779261
65.9543227175591
63.5299442142867
250.411922046334
0
279.974695253844
0.700599962422643
98.9717978879511
108.001371829962
157.466479696534
165.650206634181
136.645046953968
17.5709039445728
87.4112847573816
42.2380964092779
116.760656864377
13.4028807414381
42.5044676033199
132.024958658219
0
86.9069321630486
92.2547595184924
0
49.2012687430787
138.646742197214
16.6482772767741
95.4237217022295
86.6071482005043
27.1325247487502
64.8507469663776
65.2684669870531
0
0
43.6990697758373
96.9956835429918
125.960543673729
138.115699468244
77.6228345179907
48.1058683262733
200.804409893489
126.410874433988
76.1057348065929
129.656773439073
283.316670578635
138.550190925159
142.739147570328
107.50620200011
0
161.08150290278
205.899454441618
101.317350421851
269.809408864521
27.044704078891
4.33442256831415
133.499267996126
172.069728293243
117.470467706054
210.884433048957
175.623279616607
134.26679367469
66.9098725306804
10.3137426609147
92.7799451171039
63.6073972381106
109.031982156264
28.4336739876523
79.8120346820145
243.651758374478
53.787369163711
142.887062463239
165.665256716369
66.5603555442833
0
0
25.9169078310453
174.170298245976
119.383434827728
175.891085749522
315.976049615022
35.1864919605314
40.0017775097252
147.897664930057
172.947776954904
218.298286806981
34.5049851763366
194.39318870271
84.6139503077857
174.11959815275
64.6059432363317
135.049724244742
170.092152285949
71.8421687423992
94.4207534417754
94.0303133313959
191.541986982421
133.564889483668
114.873689951037
82.3654721395342
67.9500837339462
194.541993016796
0
69.5629679167397
8.18686158043604
59.1135629131874
51.5095277738924
80.339996053404
0
160.900699357995
11.4879871765427
42.0085992332892
87.4405625783525
32.5321502416127
118.862335789452
155.771726998546
133.298793445955
63.2917368750044
67.2937091788714
161.917496095369
5.12489480746133
65.831975021174
128.608006683537
0
0
200.54773177878
85.5519438252838
147.917614232159
5.10952621608257
63.3829194331617
73.7379259726372
159.077108595998
106.586875755343
44.14927885527
150.329261121907
71.1201836527528
161.629287712625
0
83.6058767585824
102.420640207076
0
106.524776618954
84.9798547684805
26.0128527146783
252.120211129776
288.489623727206
43.6756259993119
150.352246266234
84.2548467182779
69.7245730160712
9.77476777974348
215.197449086853
139.187234833644
0
136.987102102308
160.562849302877
99.5090783469215
170.892395767093
133.412659690857
40.7183303076925
31.3866052572454
18.1598551094805
40.74897501718
103.436508564718
99.1645761208904
147.179278584142
179.781511422501
141.981505310455
3.04091520827774
135.612729372264
149.937965350538
72.7046961204969
37.9587302450249
67.5304329854526
107.003625358966
65.4157952502409
143.072963851316
145.360297066348
54.0468498390906
266.168245901723
107.328288518411
80.7045897955153
154.213425383486
73.830300055569
58.9843952926966
100.878435485417
248.020399259319
85.1104291228318
157.397194305674
57.4738993521393
31.4246647026565
149.559474560725
92.4209582969561
148.578312676783
48.0514029452971
55.0202988501574
45.4408563047396
17.139943978991
18.4938172904976
90.7297122056267
97.0384348958101
89.0098940776845
200.492166845662
19.166656779157
76.307233949934
120.582793260676
95.7229550536874
91.9669780186336
69.8626731195575
182.676917455232
80.5965973965497
179.606920788826
0
137.762966894237
2.26713945391245
63.8058845197459
99.0398109465685
46.3321818485491
112.524437502105
68.7145458743603
161.930709860897
154.53668222853
66.5057406780195
92.9372470564324
6.63726662013146
113.19167279978
76.2790713625275
127.183131493404
225.363222870779
0
142.963705771396
57.3870144860643
113.560139091957
105.190314020762
226.860008335697
105.157623037892
110.686805498766
132.367087152705
150.597782946013
98.7521244939184
155.743968389177
72.5797425304469
134.285854422528
