3361465278.77367
5706155615.17975
6417381890.20668
13644000385.5116
3625954864.60119
3285555317.24784
9357409483.6427
13176978909.4321
7759441209.31571
4961502953.60083
3703799547.24545
7508258982.3991
4343617260.0823
3265420749.67808
2858227998.94728
2271556842.13452
4321190553.0349
2338963872.69412
2653600808.31396
3855847389.25083
2897404159.10422
2845889295.58964
4329429305.21388
10949293875.8985
13312629536.7109
12757812643.6672
3693594994.09072
5456734580.17817
4492523446.50985
5214368672.78915
8039504393.65067
4483795186.57801
5380443890.40012
4853518579.31659
16180694310.5012
450437782.209085
6098885872.30244
4727500117.82008
4597405015.0379
3073937748.70472
3320186048.27114
6487764817.10506
2638161889.18825
7564125025.93905
4203195874.70421
4502251441.85227
3596737208.72849
10288696688.4524
5406012253.02535
539880431.611429
7149724338.29718
5463041201.22684
2542785577.02513
3720196761.97198
5105198083.95038
1596908969.18987
4711872129.56231
7149203750.687
4671561554.61304
5397905590.24
5885424232.22477
6845784053.57303
6810801084.16672
4568197719.11764
3859470782.61719
2587242722.93904
3222268957.77178
12109116451.5881
1119928988.82606
6939906811.49075
5984151989.00267
8958323395.69725
1022892494.28421
6909368261.68178
2518450048.74041
3291996617.67824
5467143742.39361
1632135397.47855
5201887520.08544
11240038171.2005
6143102149.3221
5479290786.63109
6988197139.80796
1835822422.42781
1844628382.00295
2232437661.716
2484878622.85423
6716937325.06003
4286096214.13985
6025327619.98079
5949904576.21969
1645815714.67734
2701246229.5917
4926227315.53805
2260513132.83205
1444897387.01803
3158327331.3038
5235769744.54486
17278665380.1279
4842814158.45657
2397487244.03528
2011428796.28481
2303185776.93794
2592023840.99072
2975515610.52384
5754238744.44814
3499563444.81679
4228551858.3044
4324005870.11084
1871294899.58697
4985670132.65837
5592017429.14536
3863107125.9241
4571165845.49209
4498128180.78061
3406360132.67824
2707485510.9495
1869870406.12629
2786816846.76909
6195026230.95811
11125024569.1848
4718085511.03901
3456947780.44932
4989016397.29693
3827647598.70549
6364310443.83778
9798862597.09703
12976881608.0037
4473984311.61606
1388927743.95367
2587644171.09615
2415573131.00975
6223228611.49156
3088667011.0882
2230966548.46933
3044121805.57854
3377696734.26115
4838499238.26475
3686058128.68964
3217208121.00418
4403961393.06502
4297150283.39476
5107632672.77409
1840668290.18225
4197780209.5655
21956240887.1331
6192197963.94163
2706628224.88498
2571386815.72757
3912008691.43536
2967978745.12277
3146633534.98563
2932438928.27274
2233494376.86502
3718650539.07011
1944969701.37359
2196548196.47108
2249738782.29305
3289619008.59295
1963661645.56589
10164157110.1669
10258569946.753
4289685937.66077
6820200151.01913
2531449199.06619
1240073357.28833
1647784105.6412
2833690451.58996
3655221730.24798
8799127186.50733
4288183744.55678
2952910194.29683
682138118.559744
2447492144.48153
2913897203.39084
2524546880.75214
2930493847.20187
2223538462.56889
3009066316.50514
2557921467.54193
1907603942.90577
1482276095.4264
2147227052.88595
4804958892.2359
6740933564.90229
7259899842.52276
1702546814.24614
1860846887.54988
2064513192.59426
3256405001.066
2128576548.50342
1350901538.51771
8652507959.58121
4649935153.89174
1419727882.56178
1650599422.71713
1629112881.35379
4846678420.71719
12938187185.6353
1486399356.49805
8328130078.6784
8148592102.86991
3248818925.89083
1900214706.82699
6918829488.24883
2943894445.68475
7434503890.98106
6396472916.19194
4436600423.23147
14352740271.9526
2170580975.67685
2851683098.99246
5261843154.85161
5274785325.43896
9291540906.02064
1057494735.4383
3120440985.22581
8539962616.23467
3478698500.59992
2855669090.69427
1875747089.14864
1734548707.33745
1459727658.93781
1128701278.55577
1074487647.43021
2133357666.5551
2367150713.29891
1117054102.02359
1351841704.20176
6168105894.53928
11819118072.8619
6637258930.83365
4394197137.88905
2234411232.65608
2366174287.78131
5306336560.59907
1835343274.6274
2916212652.76148
2662165898.99484
1292461046.79609
1121249882.76233
5079671161.13491
5963432084.11998
4844111742.49985
1713165765.49852
1854068888.66513
1095590870.55323
2063663676.49407
1921986146.88247
2524917249.05192
5378990907.07022
1764968117.69335
1575173788.96793
4648212811.79836
995285811.016139
2611674080.78384
3062210282.54112
1981395294.15736
3530298833.72215
2230342361.33474
2542720827.32237
1433794107.98902
3895147868.83707
1870823521.75089
2201761842.53719
5827211659.45686
9491050280.14793
2480182974.4102
1783193864.02578
1505099070.65468
394227270.250463
7947008148.26624
1918629522.29147
4441179522.21055
8989807291.16649
2537579700.92335
3133406465.70615
1718710930.04275
211889517.294699
1641291005.44859
1795555877.27642
2688024340.28844
17979899481.0251
7392882782.04796
8125043930.97074
12438959207.4037
6537111860.57129
4219398840.32247
11728867347.1691
1272904046.57494
917697537.194803
1612749336.47268
1456008436.01137
1966062564.54417
2607644059.28416
2228746928.65878
3720810589.15413
2545714853.57792
1486000498.32906
12745176091.6768
1652368384.59649
3763206104.53222
4612211977.06469
923268601.620136
1313722259.19384
1188278775.05783
5931406881.13567
3741061706.18885
1680550045.22506
1890478941.52023
4689261533.35908
4826507593.3139
1524930609.61552
1389730640.26787
2246876845.43113
1960201421.45048
1750679153.28863
2275491034.07412
2054161010.11725
600833211.800076
10347984106.2861
3260043934.36103
1850699314.13358
1390194248.13962
2072081137.85266
1739526664.48552
1898370635.29243
2558183056.34107
4569218174.43312
7715797319.66843
10759206878.5166
1920631583.10076
4647029187.23194
1162283064.39438
1283815666.48379
2155481344.99359
2051804120.93684
7191239257.71775
1452724331.08746
1582715834.34523
1779925299.03054
1211925366.50519
1161594127.55703
1354517161.91974
25608590320.5667
4110034002.37543
4425639593.54853
7817065854.78257
945692718.679425
4919001248.71021
1180563200.47713
1984772638.65324
2411436919.99755
11792524074.9449
1936907068.38612
1986326631.51944
5779990996.22921
4252594717.93265
1779407301.40847
1096487006.43941
1220878955.40263
1362937213.26644
1345203564.67497
1204486920.65231
1137719617.15596
1474534620.9646
1825169801.33
1653992307.14167
1112775441.66531
1692166141.89992
1477098709.19383
1458880732.82573
1621866094.62107
6211021997.52755
2511454490.85439
2163264259.26515
5797815294.40454
2332999130.07602
1053780692.48808
4447975651.01207
1126507558.62631
3655690518.09595
1169861369.60523
7963534862.39829
5190574452.0195
2832154588.64053
26244789820.0134
657067033.651692
23785969067.5373
4827515098.68882
6846856308.6507
1164085696.11918
2510571304.90877
13043374372.7604
1834812327.06478
2116641883.29099
1215237961.29831
1521281316.36806
3385906996.57092
2782924094.63926
4032616667.76937
2408225334.74073
1845304368.89975
2090501133.29337
1249552713.77215
1831346922.97315
1852116037.62994
1820715021.78022
1844970260.43352
1429823656.21587
1842333652.5372
2230756759.4324
1128082271.3974
1125383503.78643
1487181532.90737
2565934890.75531
2152756677.50152
2726159325.22503
2245395372.23202
4176215968.55884
1036596121.376
2050180198.39166
5423170924.25633
19853582349.6498
4833117242.97147
5423378123.30516
15387254042.8879
21079871790.2149
4134069092.03934
2419349333.67462
1391634281.52897
955640863.011226
1518124120.86156
13831448185.0091
2628726562.5023
6801404607.30242
2842478281.24833
1598170293.3996
1495145746.34666
1036313812.67197
1215048892.16626
1655214781.52975
1037261748.32035
1786749917.70128
11020096380.8708
1032586819.7812
985765014.722544
2519333234.68603
1225706693.24029
1025332263.08415
1522006513.03895
1118362046.01931
2105411694.84458
4506359162.99526
12656072730.7169
1478002615.04434
2097848929.56239
3068382224.20805
3596343530.53572
1748190174.71459
10557125646.1958
1283258819.04007
1799316540.01263
1989970744.79068
2033930612.98741
1484153836.80639
1471923912.94938
1469139675.73077
1478896160.94241
1460349256.08429
1296630927.65373
1306338203.09127
1975073133.18003
2970325274.35073
2269189593.00167
3111624665.69822
1888031402.75596
1962151682.49756
1830240998.05004
1349808563.53515
1459978887.78451
3636975264.01067
1192798304.31036
1067554249.25884
1892791800.90276
2016406753.43288
1043876577.95415
4569117164.89681
2880035698.83631
5352832027.15582
3616825156.51225
6321803558.97095
7209356224.54955
2002247288.43367
1398438180.29482
15437422112.5851
4215102050.04743
1689788532.81463
529694008.373477
2234882610.49216
1494179680.7815
1127880252.32479
1502532392.43733
1489023014.45382
4975918827.42296
1495047326.79846
1124966515.70066
1503286078.97744
1507300560.54846
2594391090.12357
6248084727.38646
1275732313.59143
2870613322.09091
1917399277.93906
1546702049.671
1610503816.78102
3163237948.761
1640985386.85157
1354056144.0361
2611531631.43778
4246720624.89841
1233435217.76153
2400465730.36216
1811227895.33206
2118136306.43066
3912876337.45232
1575502717.45794
6643529292.04878
1853444701.53054
1496381170.67529
1478935010.76406
1465334983.19669
5763736230.84874
5398073939.46717
2524681560.13388
2260629682.29701
1117600589.51487
1489274243.30052
1476210343.27199
1493778232.6244
1365584181.11521
1474498361.13106
1299806253.077
684417308.09684
3735902449.87306
1556808183.27754
1643878403.57081
3108143721.67793
1676139295.47316
150618168.56848
20454633120.4512
1484708094.262
2784996085.12753
2220184427.96601
11069194785.4784
1718832659.48393
1647333447.71
1147144583.88947
1598385262.41276
1490851546.05972
1855117833.84982
1856710676.53767
1867409917.42147
1019377880.41848
27004896940.6467
1706996413.8197
1025907240.44464
1797638227.71713
1849743608.52087
1474835059.5854
1475189887.95652
1480356914.23664
1482770783.15547
1483591809.38645
2911755283.22359
1477896425.53182
1432512063.8744
1108382821.83018
1483397560.27817
2010410930.95745
1471864343.22285
1867694816.11361
1475749325.38835
1847272759.86361
1489714541.27928
1841155207.94699
2060672240.22663
1019737888.76582
1273188945.26708
2384239454.85091
1903892489.94366
1799821587.69414
1062449382.69337
1328430801.67244
2507450369.23581
1060605311.15881
3016851820.76481
16259652688.0329
4414072706.64777
14880908777.3291
2664515018.21092
1915039798.77055
3687723491.04459
1879305732.81224
2606494104.56317
24969446004.6386
44469665916.4428
10146977719.0311
16323053006.9859
1500732350.70065
1778166697.10362
1891779115.55162
1486122227.77025
1514966925.35506
1804828034.71142
1529698777.72665
1530110585.83619
1147263723.34255
1518916657.22332
1524070733.56289
1590356299.27072
1107572155.55165
1186445063.47571
62584472.6981591
436485516.258705
1066194505.50092
1369342253.86331
1745804795.66497
1852760944.66941
1475803715.13867
2224737627.06398
1478002615.04434
6670571357.9088
1471237566.10014
2167581769.44508
882810397.348577
829663841.324483
1292303057.52136
1083011298.30133
1050092549.41896
1036420002.1845
1722026114.82398
1090294344.86759
1932426388.95523
1009986583.53041
265178522.664862
1618457670.26786
6956480145.40879
1029064435.95114
852714735.506473
956485199.135195
1565663352.62677
1189006561.71683
2939957663.75704
2102257089.32619
2142847382.99137
1184119254.15263
1746387542.9898
1106404070.91388
660231999.122522
1026233578.94654
1598553611.63993
1411442510.59682
3182043852.43015
1133039508.64058
1165339250.36458
2250779957.5134
2131521364.98487
5390449014.47035
1064078485.21477
939709846.144549
596505341.667705
1143824219.13202
1271945750.97412
1478528382.63074
2461213901.49009
1473275886.74298
1436236466.77706
1452998869.82716
1475845154.94843
1500066723.75629
1461450001.03118
1474405121.55908
1057888413.63107
1601381878.65642
1741961253.30924
1148993835.40025
1077460953.78088
2299868002.1686
267403322.45164
1082726399.60919
9241043907.83341
1514902175.6523
1943097139.96982
651532229.059904
1376270472.05845
800653384.500609
1556152916.28562
3098369106.54952
1065676507.87885
1492050710.5548
1040569163.13725
2305951884.23978
1135308338.22523
850694544.780411
1465487792.4952
1474576060.77437
6640905634.09301
1255836024.92783
116471765.32181
2749531377.9327
2465269822.87088
1689783352.83841
1577810396.86425
8234230059.73817
1114982111.53532
1344240089.09793
1069012412.56496
1262310995.20367
1453506507.49678
449492436.548813
414815085.739524
1251243976.0082
1752271995.97648
869119720.197341
1449422096.24678
1272966206.28959
1702419904.82874
1091312210.19496
4847711825.97322
2874682193.41224
2964816369.64005
1575453507.68384
1427127478.59301
1078569468.6921
746121184.837485
1040551033.22048
1139208860.3194
478093675.251253
618981258.489201
9778246291.73876
11761612566.8481
1187167670.15849
954120539.990458
2042474983.76341
1691788003.63581
1123145754.0591
337325231.466381
1376210902.33192
1132956629.02105
1249726242.97555
1098406187.62917
1096701975.45257
1116717403.56924
1118442335.65073
1127965721.93243
1097235513.00329
1124904355.98601
1406047565.36299
1115230750.39391
1123316693.27438
773831467.629969
1855454532.30416
1001778911.20875
818389623.08019
987976864.568771
1066098675.94084
927668991.419597
603490539.601281
2704685733.80223
924413376.364905
17978019149.657
1191852958.65009
1077753622.43735
981273975.339221
1404822500.9868
1443778512.15436
1095435471.26661
1068199156.29832
1479991725.91308
2169239361.8357
2507398569.47361
2623906594.62896
1482794093.04846
1414882014.80734
991061540.408181
2893835155.48818
968246335.144231
1257739666.18893
12285064703.8756
10326899013.0799
4179523383.37574
2287827147.44365
4761814870.29392
1419419673.97665
6117619256.3045
6723614314.40848
1805167323.15388
1040620962.89946
14219306674.4962
10814971912.5203
1282740821.418
1437259512.08065
1059714355.24886
1053775512.51186
1489945050.2211
1603743947.81304
957443494.736019
15634626397.2942
2016652802.30336
878078489.070994
953340953.569247
1366993134.64723
1377596545.97095
109028139.492704
1067476549.61553
1308267744.23347
1922501554.51643
1042459854.4578
2141997866.89118
1323872422.59825
1385493419.71936
1377619855.86394
1386933453.10871
737411054.822425
1300660949.15342
1255597746.02168
1377565466.11362
1360875582.73062
326887579.381727
1287980367.36521
851342041.807995
59126838.5708605
11602351607.9554
1125898911.42038
1064565402.97952
8394009016.25291
119634140.80453
1340365466.88487
1218343357.04261
281096589.590987
1594476970.35426
893975836.092236
1108046123.37584
2362201246.02006
3064934950.0332
781692081.544839
964055734.381707
1680834943.9172
1361815748.41467
1052617787.82654
1781725340.76722
2265304610.83617
183412598.021554
1782820905.7379
266393227.088609
1197737411.63677
1022032618.23158
2241880758.36629
1051739781.85713
1045725829.46493
1486699795.11885
1458867782.88518
1482221705.67608
1490204049.03213
1013591846.97999
1846822101.93241
2316534575.65861
2524181692.42858
1186616002.69099
1039584967.65533
1337065822.0323
3044533613.68808
1398049682.07827
2218340356.43145
2661352642.7282
1890885569.65356
1072446736.79927
1094355446.2246
1359865487.36759
1470170490.99869
151177606.000312
2055740902.86455
1526557122.14881
1428235993.50424
213956327.806747
1565147944.99282
1307146279.3817
1130972698.12853
795911116.270584
800083587.116335
1057567255.10539
427555237.254267
1339844879.27469
1417505672.76311
994309385.498542
5188922039.6051
2271326333.1927
1175427254.05434
759014145.650737
1871276769.6702
1294491597.47459
690524500.061012
1361023212.05291
1055114536.3649
937143167.927206
1187325659.43322
2205351566.05811
973967618.879963
3316306246.08186
1118175566.87536
2326762438.70633
944519454.065443
1055873402.88123
2219591320.68874
4781972747.75667
1460527965.2639
7639711238.95109
1214168296.20874
6612351015.17655
1147618551.71366
1251067856.8167
1396620008.64136
1049126483.8538
6123780838.01899
6521670351.45747
1042053226.32448
581599960.092721
674798092.255052
2580317094.73201
231039889.382523
1170454476.88249
1015596497.77739
1272777137.15754
1678263085.72363
1024744335.7831
1549071888.79196
1486153307.62757
1476772370.69193
1469362414.70826
2381955085.33759
1491356593.74123
1489017834.4776
1489644611.6003
1838743929.01627
1433470359.47522
1862543329.76215
1856982625.28926
1600765461.48616
2621834604.14069
1412732324.67576
1171656231.36569
2444456678.41622
1305382497.47856
2000050978.51611
1137527958.03579
1029553943.70399
2782615886.05413
1132531870.97095
1767666885.30432
1110247613.26962
1198369368.73569
1429259038.80782
1116479124.66309
1127359664.71461
1881079874.66782
1308052775.22031
1943806796.71205
1021146842.29784
2341818039.59171
1306941670.32098
8342180764.17697
1352631650.57542
2214963011.93557
1053037365.90041
274072541.835756
1095339641.70653
2068302345.19968
665310965.806891
814388091.449721
1378207783.16499
1628535314.00518
1133251887.66563
1721251708.37899
4238422302.99289
1458784903.26565
1378360592.4635
2046968613.13484
347319995.584168
1120695625.30672
973364151.650255
22987822791.5275
1206610710.90278
791518496.435454
7634153124.46631
1014954180.72603
1343343953.21175
476151184.168501
1503977605.8029
1091307030.21874
2075168403.68018
1029450344.17958
1594303441.15087
791062658.528035
1491701062.15991
1040501823.44638
8785959686.95439
12769827598.511
2274356619.28179
2294410897.22012
2769774725.00308
2641495203.88625
2314198406.38309
1857982360.69985
1018914272.54673
9081386680.75986
2319243703.22203
2356321973.0096
2317407401.6518
3024207386.99816
1858127400.03403
2331463267.12659
1478551692.52373
573068539.257274
2248891856.18097
1378725780.78705
1151671883.10634
1297231804.89533
792577801.572581
1131627965.12045
1030846347.77105
1026407108.14994
1306418492.72269
1053894651.96493
388228857.786925
1056640039.36189
1195416782.28991
1098465757.3557
1575639986.82779
4362912671.5043
1979289633.82365
1614531248.29259
1079157395.99315
833989121.468744
1473161927.26612
1244561806.68354
1180311971.63043
1071553190.9012
2153266905.15925
1023633230.88377
1104075671.60269
1837277995.74582
1056785078.69607
3829279291.215
4118474773.62701
1298412839.47364
396268180.881408
3403107107.61166
870088375.750607
649861686.728737
1057036307.54277
556883703.555785
1104352800.3305
859614463.832408
2468812926.60582
1078530618.87045
1085091058.75393
5183050536.55897
417568243.100811
2067069510.85916
1439266752.86616
1185644757.14961
1098564176.9039
896842952.930378
1675989076.16276
1132055313.15865
932556298.983801
1680397235.92655
1159265728.24584
1549595066.39025
927378912.751239
1709964540.19414
1052459798.55181
1945549858.71031
1064865841.60032
11557340204.5859
593296346.398999
1316467646.5908
1216727204.46176
1677413569.62344
1964565551.41639
1091221560.61109
1852727274.82397
1116730353.50979
1699594227.80036
849075802.211451
1636799966.06526
799619979.244585
829902120.230634
1046274906.94432
1636455497.64659
680959673.969541
831753961.729524
1799060131.1897
1044575874.74394
1250145821.04942
926029528.945754
663798412.750455
1736426448.71745
1039398488.51138
1209669486.86109
3254226821.06521
1058486700.88456
5596503288.55246
2735198383.7301
2783426552.33266
2320517977.37231
1671321917.58793
1252785018.93385
6676020692.89294
4793671724.05105
1579299640.02769
5682035055.90819
2306469881.86185
2176232329.7336
2311574748.42732
2178236980.531
2327161296.87532
1817632935.92892
1304312832.38899
17022502606.0751
1658237297.65451
1088287104.08208
1822540963.39801
2234916280.3376
1473198187.09967
1406412753.68654
9509252716.58737
995669129.256469
2480618092.41273
1784988725.78625
542952157.510287
1298666658.30846
336965223.119045
1077455773.80466
997891339.055137
1070949723.67149
1028997096.26027
828070998.636626
447474835.810861
964946690.291663
2980379608.19506
1379360327.87408
1198726787.09492
948609045.291663
1956746377.31129
657403732.106035
1170651315.97888
1068007497.17815
717504406.206382
896198045.890904
976195008.654852
1432480984.01708
209643997.603037
1518196640.52865
649416208.773759
8622003079.61768
2514093688.73882
1272342019.155
1792880419.55844
1201363394.99124
1053886882.0006
808027080.650736
1021773619.42055
1236390394.19543
651187760.641229
1335296860.15294
790034433.248231
3644136581.13575
1051302073.86649
1866689900.7268
1156238032.14486
1560234737.54751
883338754.923086
1627633998.14278
963237298.138841
1085002999.15818
456296335.314665
1170933624.68291
374672860.017426
1158092463.63186
956407499.491885
8389230488.18934
1775214110.65784
1269135613.87441
1508181156.50598
1565549393.14992
1074591246.95463
1622772590.45968
1855679861.26976
996156047.021212
1408994971.83255
1240026737.50234
1863227086.62328
2957895921.40923
2057232736.01611
23913360.2227323
1088582362.72666
1113948706.27929
392642197.526938
975345492.554662
1140325145.19495
1148993835.40025
1280775020.44226
602195545.546113
1405055599.91673
996873473.727775
47090966983.0328
1388873354.20335
638066880.874267
827291412.215415
2779041702.46187
2303737444.40544
2330761380.34869
2775599608.26323
1250163950.96619
2366347816.98471
2295402862.66638
2193906408.59854
5508389303.05072
1442765826.80322
2692761428.54224
391885920.99872
918508203.473338
876718745.313067
1838163771.67956
1317723790.82431
1202655799.0583
415045594.681344
9719821339.9458
1319112024.45145
2161539327.18367
1180700469.84698
4423396663.84498
1012605061.50996
1462734635.13391
2624701720.97883
1512208588.01755
723251589.823218
1226035621.7303
4948371713.88142
552871811.972874
4605713696.89586
1208307153.11505
223101575.824343
984918088.610464
1115632198.55101
1580444414.77246
1676885212.04893
1853348871.97046
1110071494.07812
1163339779.5434
158113594.159792
1451519986.61616
1865374186.76675
2424433480.33521
1802758634.21126
695510227.173409
1252422420.59841
1766946868.60965
871277180.293251
2147830520.11566
67272351.1778673
571436846.747763
2628032445.68873
1912271101.4806
934030002.218582
1074909815.4922
1212932871.88011
1336514154.5648
869554838.199878
1112366223.54388
1322997006.61695
5177386.23256166
1315195962.42862
717833334.696395
16158935.8203863
262194856.361755
1800764343.3663
1827283231.62803
1854035218.81969
689524764.650422
963936594.928632
932369819.839857
1938248682.22727
4081430173.68488
38919751.3340191
2199122644.65275
1174225499.57114
1804796954.8541
1482413364.79624
493125966.243643
805113344.026608
532532635.342406
668126282.882826
160343573.922791
6563029.87159142
1330541641.98236
25591672.51823
552061145.694339
332992181.357789
621928664.958763
891984135.235387
1227874513.28864
1433475539.45145
392766516.956234
2498416490.70696
1490955145.58413
1019807818.4448
2435324380.33918
2194947583.81889
1480841242.01327
909352595.503301
1250539499.24219
1341103613.49631
1565248954.52912
1185564467.51819
7896827128.62848
2389732819.63293
1400574920.48585
982211551.035163
1539962900.60791
1858430428.64293
1547857184.36821
1861082576.46792
1858199919.70112
2783589721.58362
2016176244.49106
3970627892.33659
1858997636.0391
2319075353.99485
1031817593.31243
895278600.111735
27539866754.801
5803373408.88932
885522114.900099
1703587989.4665
2335099610.4335
830565157.18688
4578495511.84434
1848769772.99138
965690016.879329
2326518979.82396
258768302.09178
741451436.274549
2445699872.70918
696592842.203529
727833278.790402
1075249103.93465
793479117.434978
6707758407.197
576054795.548492
578220025.608733
1805084443.53434
1675266469.47997
969805507.986653
865672446.022484
1823507028.96316
484892394.040885
902719635.95273
1262582943.95526
1106621629.91515
997173912.348574
6179980990.02517
2002216208.57635
1880945195.28609
2039411027.82888
925091953.249812
1457054791.20794
1060589771.23015
6373121583.38915
1962669680.11963
2641818952.40004
414045859.270754
1700661302.90182
20253675942.9702
729770589.896933
2504515912.7068
1479320918.9925
404675282.287559
2167014562.04892
45112412.9058324
8206442077.30237
505490569.482387
9277016252.69787
1212842222.29625
5752063154.43546
1623785275.81082
1534814004.24456
791611736.007426
1254890679.26756
1310484774.05592
383149891.102556
882623918.204633
724665723.331461
1538605746.83809
1501276248.20382
985272916.98158
1039869866.34746
465255104.188318
1131925813.75314
538062259.957973
750368765.338436
983252726.255518
1953532202.06636
1402719430.64121
1347586353.73648
27039475.8719078
722067965.256794
3603507437.6489
828078768.600957
1364869344.39676
594078522.80832
1866599251.14293
1076386108.71509
606873064.07338
1370512928.48918
2640671587.66717
1698832771.29592
1713406634.39278
4243423570.03395
988668391.39423
3918292002.59103
1281438057.3985
1125777181.9792
2580943871.85471
2254696019.53623
3268463985.70773
1913029967.99693
3372079050.04983
2051389722.83919
2227369054.98408
1366252398.04767
996666274.678948
1060784020.33843
1298990406.82225
1490538157.49837
1735248004.12724
1144155737.61014
1923110201.72236
734647537.508696
1968165634.88976
1027562242.84715
791041938.623152
511175593.384575
488948315.421671
51735012.5039616
604697474.060698
1397956442.5063
3251331214.35786
2961133406.54715
665945512.893923
2128361579.49026
1739912572.71396
483491210.473193
3332307192.62751
1285411099.15976
13403501859.5502
2893666806.26101
8538364593.57059
1059017648.44718
522742480.285336
1292800335.23855
987114398.528029
769288628.48444
653876168.299758
495962003.224461
1854268317.74962
38950831.1913431
3703328169.40936
1547668115.23616
1170381957.2154
3871584157.00923
1610698065.8893
1033640944.9421
26516298.27362
527282729.442755
2140360994.40545
1468968736.51549
1219511441.68037
1289347881.08747
1295778821.56543
1645862334.46333
1164189295.64359
495451775.566725
1175173435.21953
1416979905.17672
1614282609.434
1213502669.26439
740749549.496648
4120673673.53269
678455155.466846
445778393.598591
2250355199.46331
486016448.880771
1081351115.9226
1567851892.58001
1095847279.37615
816203673.115066
1130967518.15231
1003589312.89788
644381271.887266
2267964528.62548
594674220.073697
1153728333.66594
1512762845.47316
463553481.999827
1187110690.42006
836750048.794362
1132583670.73316
983726694.079709
709503932.933554
2844508831.92683
2583544219.91748
769915405.607141
728861504.070206
1228571220.09032
887974833.640587
2763649403.12214
1400587870.4264
1914045243.33618
3752416214.06456
1228905328.55656
798866292.704477
1980607937.77182
1088180914.56956
933587114.251715
575420248.46146
655469010.987614
345115915.702272
2361960377.1258
595896694.461776
1645997013.84507
1903757810.56193
1227483425.08398
121400512.695779
14162054.9873172
12361163734.5335
6467200.31150899
1293577331.67165
1401706745.29006
1501304738.07304
1949717149.57984
337490990.705443
5534983300.96765
1018758873.26011
2037888114.82001
770420453.288657
17363280.2916925
1425164267.60538
1871636778.01754
1521032677.50946
1762085460.92655
1495772523.46936
1488725165.82113
677331100.62696
1871626418.0651
1477375837.92164
1480105685.38993
888386641.750131
2236099904.90402
1224422059.13756
540937146.760446
466635567.851127
605272451.421192
1161371388.57955
1275343815.37488
673969296.059744
653904658.168971
1527461027.99932
853489141.951463
859728423.309263
1533068352.2582
1280464221.86901
6617334152.30084
3177791091.95298
865302077.722706
5256450799.60589
4382461901.76112
543195616.392659
5011554473.83307
1286441914.42767
1950315436.83332
6284238371.41864
459795409.251729
154894238.938644
955109915.448607
3049104942.70282
1070853894.11141
890735760.966205
2093948407.46823
1668638689.90562
1600369193.30528
1498398771.41324
564117540.347953
1085186888.31401
1269125253.92196
894066485.676098
15431125851.4889
1403760605.86156
1096334197.1409
863745494.868394
548072564.004422
1150550418.25456
1381644697.3874
932271400.291664
10334645667.5179
511281782.897099
819847786.386309
910427440.56909
1302150192.31686
222555088.333062
920142485.97096
473493856.367297
1534728534.63692
1765778783.97188
3341343661.14447
689783763.461456
921468559.883452
3061213137.11864
2915679115.21075
127240935.884587
2533236290.86232
2524285291.953
740824659.151847
2937235586.25308
368910136.471929
26368355562.7695
1067297840.43592
879741261.437829
1305009539.19067
3496937196.87291
1749029330.86234
2599881864.91748
810995207.025181
1209729056.58763
648838641.425154
906392239.093186
1103562853.95685
3334327383.35357
1883680222.7306
1889994613.7436
1656289626.59554
2075277183.18082
1666727278.6802
1671306377.65927
2041682447.40165
893004590.55086
271378954.201006
1002361658.53358
1653673738.6041
1705268891.75011
1215344150.81084
17813938.222891
614391799.557685
609965509.877121
1343804971.09539
515886781.757276
1521794134.0139
784463368.822899
1123933110.44464
686748297.396142
110235073.952121
26619897.7980334
1038181194.09952
37391658.3489208
1049678151.32131
1966256813.65244
926503496.769946
856073950.085579
1654694193.91957
814271541.984756
19476710.5897267
23366872.7314514
1584391556.65261
1152985007.07828
1304618450.98601
875193242.316079
1087769106.46002
1230946239.1875
722474593.390117
59393607.3462251
828428416.995852
177968443.013628
1788195131.06684
638843877.307367
644244002.517418
1044254716.21826
1402737560.55798
656968614.103499
553843057.51425
750177106.218271
39670847.8860165
1262725393.30132
1858324239.13041
25568362.625237
817431327.479366
1227193346.41562
2132135192.16702
985283276.934021
1118053837.43418
1269663971.44891
133159058.716705
1314058957.64818
1457243860.34
1065995076.41642
969940187.368391
1430012725.34793
1196118669.06781
2107297206.1889
780241688.203051
1618133921.75407
2401561295.33284
1000504637.05847
2118193286.16908
1466381338.39326
1206488981.4616
1167898158.61759
1143306221.50995
25771474672.8258
48222690777.7133
1971897807.75676
1465355703.10157
1219420792.09651
5818040511.55816
2382087174.73122
1076020920.39153
9903451496.96862
14278777981.4858
15179498146.6173
2244108148.14118
2592243989.9801
4751949605.58165
3331900564.49419
34475549295.6838
1186654852.51265
4699978904.15965
5286841720.09257
1551778426.36726
29001446255.2377
2691041676.43698
5706028705.76235
9733330717.92931
1201839952.80355
3596742388.70471
1133974494.34841
490631807.69339
140170156.531384
1105414695.45574
929805731.610624
19375701.0534236
1429007809.96112
790417751.488561
891831325.936878
644948479.283429
1229441456.0954
2015660836.8571
1452918580.19574
1799184450.619
1036430362.13694
8496702044.82773
764631829.862056
1619998713.19351
1127986441.83731
606585575.393133
1387016332.72824
510864794.811335
2045562249.59093
1251212896.15088
1747827576.37915
882667948.002509
20438712463.5369
990240514.177204
853072153.865699
87160869.8771374
1630493345.01659
1638001720.54846
3217798638.29334
1145227992.68782
1929468622.53323
627486779.443544
1397246785.76407
997199812.229677
12494659491.7046
17855378.0326564
28375909.7368412
21341502.0291686
21253442.4334172
1189659238.72063
1911869653.3235
1233577667.1076
1371266615.02928
1396462019.36663
795499308.16104
1401362276.87139
612625427.666436
422113672.234451
33703515.2798024
1070605255.25282
773046701.232538
1895599348.01437
1378642901.16752
1749878846.96253
575857956.452106
1125557032.98982
1243688980.69035
3189609207.70044
2741414355.1949
1261259460.03087
1103684583.39803
1291399151.67085
608800015.22747
1378303612.72507
532252916.626489
1470996697.20588
678193566.667702
1389759130.13708
914421202.235228
623037179.869987
881748502.22334
1109695945.80212
1162534293.24109
1100542927.82019
1464770365.78864
1376759979.81131
1016109315.42324
656606015.768052
1122715816.03278
798545134.178796
1697441947.68067
1875374130.86075
2473407565.51356
587616502.473032
883711713.210974
429378588.883943
1410839043.36711
1503135859.66704
1455821956.86742
295758512.283599
2414332526.7049
2390649675.42399
1656206746.97601
3893422936.75559
2382296963.76816
1435586379.76137
1601115109.88105
1565489823.42338
1689166935.66815
2194644555.20998
1546246211.76359
1631917838.47728
1528691272.35173
2376643019.72329
3598581280.26305
783308234.125689
845540468.440842
578989252.077502
1476930359.96666
1953571051.88802
1275683103.81733
814004773.209391
726750663.760282
1611399952.6672
1305439477.21699
809516323.814179
639957572.194812
518738358.666756
1352439991.45525
1020823093.78405
1478432553.07066
417451693.635846
446703019.353981
1268824815.30117
1038852001.0201
2160710530.98836
873245571.257106
639952392.218591
867203128.995693
1496233541.353
5001976697.80105
1521913273.46698
1273450534.06623
1503687527.13454
482165136.560701
1057098467.25742
1773372629.11139
1375231886.82621
1672365682.7964
1098007329.46017
1811100985.91465
2439680740.34076
1030706488.41309
740671849.853338
1561094613.60014
5504869509.20877
9610539381.61828
1326920838.60411
1399647704.74235
1316270807.49441
709858761.30467
1125518183.16816
1940957809.79068
2460853893.14276
1763846652.84157
1485298611.55116
2326226311.16749
1926521216.06367
1454420773.29973
2404607121.35059
2588630956.56618
1552055555.09507
573488117.331149
1308814231.72475
788255111.416431
2126110879.82238
1725178130.35426
1221350333.23871
1570581740.0483
1604145395.97015
975578591.484592
809622513.326703
1194546546.28484
2163207279.52672
2393299233.26086
2347269964.56397
934229431.303078
2298404658.88626
3786648086.91887
1508924483.09364
2330188992.97631
1164380954.76376
1486220647.31844
684028809.880289
1534567955.37408
673381368.758698
1431421678.87995
2955528672.27638
4945359557.7091
14114940513.6021
1586365127.59269
2332475952.47773
687732492.87807
1313380380.76328
1831655131.55828
282741232.04105
687991491.689103
901665510.791823
1007596024.50457
1141169481.31892
1222453668.17371
2466481937.30652
1978629186.85552
2026709726.1358
593666714.698777
1641891882.69018
12213920320.4728
1447041897.17339
1766851039.04956
2099055864.02181
1806125618.7547
1120636055.58018
864654580.695122
1588020129.99519
953566282.534846
1324452579.93496
1074148358.98776
816822680.273437
708141599.187518
1688607498.23631
1346982886.50677
1032682649.34128
1380753741.47745
1700772672.39056
2049455001.72077
2561024273.29811
21061565754.2511
51947230949.7463
8543249311.14669
1442926406.06606
1834081950.41767
1434055696.78816
1052635917.74331
1576932390.89485
1708884515.15213
993053241.265029
1536106408.31162
505363660.064981
7444529734.95617
2142417444.96506
2104489659.0773
2322250679.41813
1835832782.38025
972436935.906754
1434055696.78816
1110993529.8454
1964218493.00961
1226709018.63899
1367503362.30497
1646105793.3457
730607156.056572
688750358.205432
1114018635.95827
1602081175.44621
1743763885.03403
1187162490.18227
2352667499.78591
2383358858.89339
2398261650.48027
2368603696.62881
3886362629.16681
660340778.623156
1461144382.43416
740052842.694967
1432488753.98141
1541009255.80449
688569059.037708
1202407160.19971
1601897286.29037
771655877.617287
3310753311.5733
933778773.371879
21039765824.3264
2680831943.30604
1271049615.08794
1807405072.88121
1356744551.69463
936925608.925938
2335664227.84156
1273652553.13883
1023268042.56021
1901310271.79766
966241684.346831
1976611586.11757
2598190602.68143
2040061114.84458
1493182535.35902
1404889840.67767
1430320933.93306
1598354182.55544
1582293666.28324
756481137.278829
1639040305.7807
1377643165.75693
1596419461.43701
1519781713.25217
1579271150.15848
1729511180.46285
1495246755.88296
1834035330.63168
1037525927.10761
334686033.581949
980383019.429265
922105696.958595
1825387360.33127
4116045364.77952
615870682.768687
1457800707.78372
1395397534.25329
1477168638.87281
2850274145.46044
1678011856.87693
1436257186.68195
851489671.130284
11757199227.1081
1478108804.55687
1290228477.04498
1335289090.18861
2446865367.35883
3381131058.49546
871626828.688146
2408647502.80271
2084026163.01753
1179547925.13788
1125805671.84841
1689488094.19383
1219128123.44004
3006530718.14512
7848912348.58726
2033451465.187
1635629291.43939
1376454361.21429
1012022314.18513
2092518734.03132
1586885715.20287
2113997505.43034
1016982141.41642
2360888122.04812
2354581500.99945
2378751270.04511
2400623719.63689
3876870322.74243
1227190756.42751
1762732957.95413
556202536.682766
1644049342.78609
2629423269.30398
1655841558.65245
1428124624.01549
2311098190.61502
1678203515.99709
1285688227.88756
1996176356.30304
1870178614.71142
1836192790.72759
1422317870.67212
1622197613.09919
8663108780.91682
825804759.040082
1391326072.94384
1967777136.67321
1729327291.30702
1450227582.5491
1572438761.52341
1036093663.68259
1098812815.76249
1185735406.73348
1053130605.47238
1233209888.79593
1829031473.60251
958277470.907548
2076116339.32857
2791665304.51164
752298306.480636
892162844.415001
419989881.983975
450608721.424368
1156116302.70367
431396189.621895
833784512.408027
1001607971.99347
1975497891.23012
1865918084.26992
3638407527.43568
2761380573.53748
2458471104.08125
1560781225.03879
1331696776.67957
1534876163.95921
4773692555.76792
1177584714.15025
1311184070.84571
2077483853.05082
1874125756.59157
2012661630.62533
2769440616.53685
2078856546.7493
2264499124.53385
1104733528.58272
1503894726.18337
716753309.654385
1852944833.82524
2069594749.26674
1788847808.07065
1242349956.83731
623373878.324331
1048320997.55149
1848743873.11028
1755444731.41164
6015565954.79293
1338200236.82463
1074793266.02723
2019879927.48884
2281204547.84552
2316573425.48027
2305501226.30858
2330991889.29051
1803680669.97854
2288233775.57697
2221378412.48487
2252758708.4297
732793106.021695
3615198643.97896
2526577431.43064
2253921613.09124
1500475941.87773
463947160.192598
1801758898.80067
1078621268.45431
2256226702.50944
921538489.562431
1048613666.20796
546047193.302139
1881786941.42194
1076393878.67942
1465524052.32874
6338817190.86775
17932274779.6523
1320663427.32954
811541694.516462
17214819583.22
1641588854.08127
1800336995.3281
2560902543.85693
1636116209.20413
1774514813.86805
1777449270.39706
601024870.920241
677274120.888533
1430818211.65024
1453379598.07938
1631788339.07176
1434076416.69304
1165367740.23379
12322989899.7753
1048976264.5434
1665206955.65943
2129423474.6155
1593365865.45493
4791490954.06215
1638566337.95651
1017300709.95399
1636377798.00328
2255221787.12263
601897696.913424
601112930.515993
1270347728.31004
2427577725.90116
1379911995.34159
2514474416.99104
1190213496.17625
1092130646.43782
1177734933.46065
496070782.725095
1289008592.64501
1062371683.05006
2193649999.77561
1524347862.29069
1555593478.85379
12512468249.9513
2243121362.67114
11653985610.9231
580211726.465581
1922527454.39753
2562953814.44031
1903229452.98742
2332447462.60852
1587608321.88565
2569638573.75309
2602117024.6567
2631896707.94935
2141394399.66147
2071897248.69683
2936777158.35755
879723131.521057
1267092113.25535
1965365857.74249
909228276.074005
731182133.417066
1669962173.83
1960797118.71585
1824379854.95635
1385620329.13677
1463669620.84174
1810176360.15926
1209858555.99315
1625932375.95429
1363978388.4868
961092787.983483
1454322353.75154
1172689636.62171
1114686852.89074
1671288247.7425
1519217095.84412
2342569136.14371
1995215470.71411
1722513032.58872
1728521805.0047
2819774445.47312
415198403.979854
1989504546.93082
2270313647.84156
879427872.876478
803753600.268681
15708990135.9182
1981584363.28941
808643497.820996
1299601644.01629
18664697517.3742
930142430.064968
1331240938.77215
1548250862.56099
1566543948.58429
308726582.752051
1137035860.29483
23828260983.391
7083837630.75834
1884268150.03165
2049177872.99296
1807174563.93939
2411035471.84044
1215973517.92165
1636618666.89754
544881698.652488
1296045590.3408
1569190916.43305
477308908.853821
693034198.539928
2684724695.43587
1600190484.12566
2415951269.27386
1450652340.59919
2047561720.41211
2265615409.40941
1378528941.69067
1571957023.73489
2349611313.81572
843507327.774229
1625631937.33349
730803995.152958
1093252111.2896
2307257238.24739
2419460703.16337
987176558.242677
2773965325.76561
2878191627.30175
2359147650.03797
2335454438.80462
2331502116.94825
2319590761.62881
2339044162.32555
2352724479.52434
2203098276.40212
2246768065.93049
2007629283.72695
1897899257.45635
1292600906.15405
1534668964.91038
1062094554.32226
899629780.137099
1628017316.38311
518171151.270593
2145432191.12549
336162326.804841
4773674425.85115
2107077057.19952
1003452043.52803
1309262299.66784
704893754.097156
1090229595.16484
504032406.176268
1681500570.86155
2864788438.83076
2292155017.57602
751329650.92737
1908238489.99281
1627141900.40182
1054075951.13266
666820928.875217
11972471268.8749
366664616.780268
834305100.018205
3423329734.77716
736328439.792304
1620239582.08777
1186735142.14407
11372461673.2939
1668739699.44193
503343469.338919
2032959367.44604
840000483.872834
2282836240.35503
1877070573.07302
1083073458.01598
953542972.641854
2846026564.95949
1141905037.94226
10895121684.5827
1503617597.45556
1564251809.10664
14281173720.4878
665173696.437043
1420331349.79149
1368207839.07098
10823446353.6173
10509871313.1227
892610912.358089
13896871284.6762
2358603752.5348
1222062579.96905
1984068161.88722
477575677.629186
10817352111.5937
2342442226.72631
2275128435.73867
1018823622.96287
766714180.302766
2176413628.90133
2178762748.1174
2396642907.91131
1051675032.15437
2339098552.07586
2363498830.06334
2368461247.28274
2337482399.49501
2373239775.34631
736569308.686565
17128132681.167
2691551904.09472
2313926457.63151
2309924926.00104
2302082442.00294
1959841413.10314
2071234211.74058
1986971538.55891
652638153.983017
508852374.049604
1083886714.28262
1484666654.45224
372284890.979697
1363589890.27025
2426723029.82475
2141837287.62834
1903594641.31097
1800399155.04275
1572757330.06098
1612479977.70921
1757182613.43368
1298161610.62694
1072223997.82178
10260561647.6099
475262818.246656
1024749515.75932
559660170.810065
667812894.321476
1020281786.26899
2736299128.67699
1676007206.07953
1056948247.94702
1545008197.44684
1855780870.80606
1685890600.70857
1118149666.99426
507187011.694658
1794483622.19874
9861408219.97353
1670803919.96586
2390421756.47028
1450123983.02468
2275405564.46648
2372659618.0096
2175737642.00453
1069781639.03373
1535940649.07256
1955125044.75422
2271388492.90735
1667804713.73409
1671148388.38454
2058869608.50184
931478863.929901
1089618357.9708
1158522401.65818
2465127373.52481
837697984.442745
2339997277.95015
2236734451.99105
2256602250.78544
329021729.584644
2341056583.08728
594277951.892816
10815080692.0209
2367989869.44666
2404943819.80493
2328246501.89355
2345089194.57507
2324366699.70427
2331781835.66416
2322491548.31239
3891133387.26605
646880610.41374
899448480.969376
1476658411.21508
1509963068.32589
1984402270.35346
1509825798.95604
928246558.768202
1850562044.76373
986474671.464776
1013692856.5163
1863921203.43685
1201415194.75345
841456057.190842
2022001127.7512
2182212612.28037
1762756267.84712
784792297.312911
2330862389.88499
8901429126.87749
1601868796.42116
1221806171.14613
1697265828.48917
1573511016.60109
975612261.330027
1580944282.47776
2090887041.52181
1539582172.35569
2534808413.64529
2386554904.22155
389189743.37586
972646724.943692
1447914723.16657
707851520.51916
1742567310.52705
1577781906.99504
1524210592.92085
7679801664.91098
560434577.255055
1577004910.56194
2008496929.74391
1237237320.30751
2101174474.29607
1822403694.02816
1497282486.53768
559100733.378232
2252618849.07174
1617284405.65388
1876943663.65562
947943418.347307
1089455188.71985
2422900207.37389
629481070.288503
2530112765.20125
644223282.612535
23794314009.2288
2371268794.39435
2333037979.89768
2359712267.44603
2399600674.33331
2329362786.76911
2369694081.62326
3886828827.02667
2362061386.6621
2805141012.64972
1660544977.06082
1037655426.51313
516536868.772971
2031190405.56668
1474177202.60538
15969063792.0176
1284349204.03452
432284555.54374
1854200978.05876
1617667723.89421
2393218943.62944
644987329.105084
2076520377.47378
2262996931.42986
620361722.15201
942768622.102856
2267739199.65988
2614921925.8742
482936953.017582
2365954138.79194
1613057545.05781
1241648070.05941
765300046.794523
1015119939.96509
1371204455.31464
2483446359.42922
2301199256.05732
473587095.939269
1492558348.22443
2428771710.42003
1561203393.10078
1007738473.85063
1129149346.49885
1751461329.69795
1791116637.6553
1647885115.1775
1262375744.90643
1188113015.81876
541613133.657244
1250179490.89486
2545901332.72186
2291818319.12168
2460711443.79669
3243312611.16826
2727032151.21821
1132609570.61426
978251459.214459
2391727110.47789
1268578766.43068
2331553916.71045
2331763705.74739
2360696462.92795
2178457129.52038
2324998656.80319
2721935054.61707
3268425135.88607
2446070241.00896
2752126546.01925
1740715469.02816
1525925165.04989
1576888361.09697
2013052718.82999
705986729.079718
2165007321.26341
2273333573.97821
1036754110.65073
9875101487.11288
6825589916.27674
1732507796.70651
11838791622.548
2622862829.4205
3207609625.06727
391702031.842886
2060550510.78545
1833789281.7612
2011977873.7642
856612667.612529
1313333760.97729
868783021.742998
1617924132.71713
1109126148.41785
921476329.847783
2099832860.45491
1346620288.17133
2686079259.21758
1104466759.80735
1478111394.54498
2451519575.99311
739164476.773122
2244636505.71569
647810416.145351
2656486055.06888
1799510789.1209
1662194799.48711
2344685156.42986
1489494392.2899
1665429694.63692
1071716360.15215
1454925820.98125
506034466.985558
1057862513.74997
917744156.980789
1805014513.85537
1115424999.50218
1197628632.13614
2201893931.93081
3203597733.48436
1937987093.42813
1518030881.28958
2724838431.28875
669708765.618242
3941889384.2643
2797723286.70172
1098929365.22745
851300601.99823
2164199244.97298
1374395320.66657
2033319375.79337
3215014401.07473
3044015616.06601
2779448330.59519
726147196.530573
1758529407.25105
1453371828.11505
1460180906.85712
1272694257.53801
3188039674.90558
670586771.587646
2548027712.96045
2668868788.22439
2723535667.26926
819715696.992682
2066235534.68763
1982591868.66433
1327612365.42957
3413505909.87466
2759886150.39782
2940405731.70013
1170407857.09651
2311463378.93858
1846247124.57191
1087155279.27787
885630894.400733
1326294061.48141
1404768111.23648
1287366540.18306
1207747715.68322
1676374984.3912
1846026975.58254
878995344.862052
1796436473.23393
12338307089.4598
1756286477.5475
3439271111.59628
1145712320.46445
2216208796.21664
1890950319.35631
1059343986.94908
1046210157.24157
588346879.120147
2155994162.63944
1409349800.20367
1501737266.08746
2722118943.7729
4117521658.00241
2447745963.31635
731467032.109203
1487709890.48188
479823787.308958
2418212328.89419
2072565465.62929
3184222032.43094
1587727461.33873
2431597387.4484
2737858301.51941
2633836609.04399
5865170525.20194
1207102808.64375
3394516117.04967
2336246975.16638
7270943551.82523
1546585500.20604
609232543.241896
1177219525.82669
1410497164.93654
1276983277.84872
2003552642.44128
2394446597.99374
2030988386.49407
2575116398.60645
1284805041.94194
1443519513.34333
2100125529.11138
1734061789.57271
2049392842.00612
1057758914.22555
1174326509.10745
1239848028.32273
1044319465.92102
2376987488.14197
1240026737.50234
1715551144.54814
2687436412.98739
1516295589.25566
2405588726.84441
2419136954.64958
1153800853.33303
2896391473.75308
1474332601.892
1973174671.89515
2997502019.59249
2039509447.37708
1074570527.04974
2392835625.38911
1509452840.66815
1679967297.90023
1871924266.69779
1706869504.40229
1179413245.75615
3240041456.1849
1337293740.98601
2189967036.68272
3765651053.30838
1727138751.35378
1486637635.4042
1549058938.85141
16015794947.4924
6107259303.86316
498298172.499984
1678750003.48837
1227001687.29546
1802497045.41212
9985017992.52743
2564611406.83093
2698081264.12087
1330709991.20953
1469388314.58936
2164095645.44857
2065707177.11312
1515741331.80005
1974068217.79322
1964399792.17733
1629143961.21111
2306557941.4576
2740761678.1911
1836951657.24392
1910499549.61313
1602236574.73283
2754864163.45188
1686931775.92893
3000286256.8111
1696750420.85521
1783341493.34807
2300297940.19492
2409328669.67573
2620044922.35645
1564233679.18987
1700226184.89928
695981605.00949
751047342.223344
1755954959.06938
2702147545.4541
551851356.657402
1570617999.88185
5485227039.37998
8144865109.97914
2857580501.91969
1407428029.0258
1329777595.48981
1555689308.41387
864198742.787703
1460784374.08683
1565285214.36266
2269593631.14688
2460509424.72408
4411987766.21895
625577958.206226
438803555.617456
3038571461.05808
630807144.200995
761358084.890591
1715745393.65641
1674448033.23711
722821651.796902
1810906736.80638
877120193.470169
1412209147.07748
3327842053.12529
977764541.449716
1449036188.01834
1384931392.29942
2487098242.66479
1438425006.7303
2266291396.30621
905659272.457962
2766661559.29446
2048579585.73947
2019960217.12026
1546577730.24171
1842258542.882
1884532328.8189
1826078887.15673
2231225547.28037
2762709237.43809
3211119058.95678
3432656281.96248
1257338218.03183
1486940664.01311
2511532190.4977
2813115586.04145
4019521687.88351
3522526279.40303
3516429447.3913
2896140244.90638
979942721.450508
4103955300.28047
2081658913.88468
2851659789.09947
2354234442.59267
3190386204.13354
2430395632.96521
2148226788.29654
3158604460.03161
2849701758.08805
1936161151.81034
765683365.034852
2284739881.61613
3360266114.27859
2935751523.06586
3313263010.05221
1506585723.83001
1416549967.1504
2206706129.83982
800878713.466208
2692800278.3639
2339870368.53274
2279808544.25405
1223870391.67006
3850512013.74354
2951099792.60771
3441793760.01575
2630557684.0963
1995440799.67971
1934425859.77641
4656376454.32214
3438087487.02985
1312709573.8427
8706198413.10848
709136154.621886
2642342129.99833
1796029845.10061
652868662.924837
4645094466.11352
2240251655.84489
1302432501.02088
2171658410.73075
1651850386.97443
2633020762.78923
1924182456.80003
1991462577.94223
2282577241.544
1481281539.99203
1439691510.91625
2942583911.70092
1649975235.58254
2585875209.21679
2443301543.71901
1407565298.39564
2087553726.82381
3777054770.95819
1761914521.71126
5101662750.17977
2985608794.18982
3168019066.81268
4068521672.94296
2031879342.40403
1529527838.51137
5175635400.59908
2307477387.23677
3133328766.06284
2546688689.1074
3761380162.91444
1398883658.2498
2613554412.15195
3396057159.97532
2326474950.02608
4683737088.71973
2853775809.38561
2328601330.26467
2370020420.12516
3033803292.94696
3020312044.88022
2218594175.26626
1972016947.20983
2645851563.88784
3033124716.06205
4036289270.90983
2626421473.0841
1264419245.52548
2704152196.2515
2882579067.16066
3624292092.23435
1210803901.65342
1852525255.75137
1706074378.05242
2276529619.30637
2254947248.38294
2584777054.258
1078313059.86918
1248317289.44352
1481110600.77675
1232065114.05117
1333768767.16784
1415850670.36061
899168762.253459
4001487600.67124
926200468.161036
2313007011.85234
6942144561.21808
1450043693.39326
1440758586.01771
1747167129.41101
1202611769.26043
1465236563.6485
828029558.826861
887117547.576066
2073749090.19572
1936567779.94366
1371937421.94986
1651176990.06574
1404159464.03055
1422152111.43306
1463348462.31606
1462633625.59761
1345851061.70256
1459427220.31701
3285633016.89115
1525715376.01295
1672215463.486
1621728825.25122
1125316164.09556
824227456.280887
3301403454.49498
1282233183.74837
1469481554.16134
1466945955.80132
940660371.781042
1461569140.48426
1299601644.01629
2164468603.73646
1145556921.17783
1180003763.0453
905037675.311481
1863633714.7566
1324170271.23094
1337089131.92529
1326257801.64787
1483226621.06289
2106188691.27768
1437627290.39231
2080089381.08982
2464762185.20125
2493034495.41368
1982711008.11741
2152026300.8544
2267858339.11296
3140176694.62657
2072285746.91338
1115515649.08605
603666658.792784
1293041204.13281
1826975023.0429
1472315001.15404
1791189157.32239
1352903599.327
1013356158.06195
1702153136.05337
1563902160.71175
1665398614.77959
2193585250.07285
3100834775.23056
2016020845.20444
1649762856.55749
1459372830.56669
1441261043.71112
1423390125.7498
625228309.811331
1696032994.14865
1867821725.53101
1374423810.53578
1276698379.15659
1479670567.3874
1466989985.59919
2700562472.73058
1668120692.28356
838392101.256315
1636258658.5502
1241181872.19955
2247236853.77846
1535205092.44922
1512441686.94748
1859979241.53292
1437772329.72649
861173636.67483
1291782469.91118
1464001139.31987
1440344187.92006
2137338478.28069
1489696411.36251
1432501703.92196
875786349.593346
2314278696.01451
704450866.130289
1229335266.58287
3601531276.72072
2745972734.2691
850378566.23095
3388610944.15811
2665895481.87373
1462107858.01121
1329601476.29831
1562205718.49948
727058872.345412
1149100024.91277
1585279922.57446
1828440956.31335
1817306597.42702
1454687542.0751
1829135073.12692
1573350437.33825
1827925548.6794
1343173013.99647
1055036836.72159
2069799358.32746
1470457979.67893
1964697640.81002
1152044841.39423
2448383100.39149
1346944036.68512
1635077623.97189
1422923927.88994
1941338538.0429
1549157358.3996
1311489689.44273
1296524738.14121
1269254753.32748
2971749767.81142
2936497439.64163
2289899137.93192
2132686859.63452
2536108587.67668
2800613713.43285
848218516.14693
1817992944.27626
1772199364.49741
1877472021.23012
2621839784.11691
589204165.184668
1549587296.42592
1185826056.31734
1199604793.06433
983221646.398194
800148336.819094
2509545669.61707
111198549.529166
85557667.2368394
