20183	1313347.6875
39075	0
37137	1963109.175
26057	3152034.45
30035	829482.75
34037	290318.9625
28017	69123.5625
40017	3248807.4375
54073	0
17095	124422.4125
48181	2087531.5875
20123	746534.475
22013	0
42127	27649.425
37085	1161275.85
55005	6041399.3625
48031	456215.5125
25011	456215.5125
46059	0
36077	96772.9875
39019	0
50001	69123.5625
37007	110597.7
48129	31465045.65
51071	0
22067	99344384.025
9009	207370.6875
29101	1327172.4
42089	179721.2625
13257	3165859.1625
32003	13783238.3625
27037	19575792.9
48061	0
46039	2460798.825
53007	3995341.9125
53005	69386232.0375
22083	25465120.425
1115	1230399.4125
37175	1216574.7
27169	317968.3875
13097	0
38097	0
46111	0
40089	0
40099	0
42047	27649.425
28027	206361483.4875
27061	138247.125
35027	7631241.3
20159	26750818.6875
13199	124422.4125
48017	75814723.35
49025	1230399.4125
46007	34755327.225
20047	135164214.1125
39171	276494.25
54045	0
19175	0
22075	0
31133	124422.4125
40041	0
47087	82948.275
48353	9939968.2875
20061	2308726.9875
55051	69123.5625
13059	511514.3625
20017	0
1085	0
5131	0
26119	0
13015	207370.6875
6073	51939444.8625
37139	746534.475
31183	52008568.425
31083	45123861.6
36109	193545.975
30053	55298.85
48229	77667234.825
17139	456215.5125
49001	61354074.075
19143	373267.2375
39017	594462.6375
17033	4105939.6125
21031	0
1041	0
47151	41474.1375
48385	110597.7
20027	7271798.775
19067	207370.6875
19053	0
28161	0
21195	0
48461	11986025.7375
45013	7672715.4375
20005	41474.1375
25017	5170442.475
39053	0
38027	525339.075
45079	373267.2375
48435	1410120.675
12037	27649.425
49021	178269667.6875
46063	0
1013	27649.425
27153	5834028.675
21155	13824.7125
17127	6138172.35
18015	0
29147	0
21041	0
28143	198979087.0125
19045	55298.85
50009	0
13127	4410083.2875
38047	2695818.9375
31131	2294902.275
40073	4105939.6125
48325	41847404.7375
17057	41474.1375
50025	124422.4125
5101	0
37145	304143.675
35017	5502235.575
37057	705060.3375
12085	11612758.5
8019	0
21227	0
8093	0
47081	55298.85
29053	387091.95
21067	414741.375
5079	269139502.95
40053	1313347.6875
37189	41474.1375
5115	801833.325
35035	21137985.4125
19063	41474.1375
1127	1050678.15
48241	0
4027	230665328.0625
45073	0
42075	193545.975
47109	552988.5
54105	0
42013	69123.5625
37153	331793.1
47165	276494.25
17083	82948.275
1053	3013787.325
55115	276494.25
13091	10340884.95
12015	25174801.4625
48489	0
55057	13188775.725
53041	5391637.875
51145	41474.1375
40081	0
38049	10548255.6375
31023	67810214.8125
13249	0
17047	96772.9875
26157	1437770.1
31011	78247872.75
34019	940080.45
36123	179721.2625
56027	84662539.35
39083	221195.4
27069	525339.075
37103	1797212.625
16015	483864.9375
20173	42303620.25
13151	2101356.3
48323	0
19179	55298.85
26007	69123.5625
45029	8281002.7875
37051	1866336.1875
39123	13824.7125
26095	649761.4875
33015	456215.5125
29087	22230137.7
18119	0
16005	36428117.4375
20193	109547021.85
28155	0
47007	677410.9125
30089	6469965.45
44003	428566.0875
27171	3207333.3
20129	62225030.9625
36003	179721.2625
9013	41474.1375
48169	9082836.1125
19105	55298.85
13035	124422.4125
35051	29736956.5875
35061	14170330.3125
5049	0
22121	483864.9375
27133	27649.425
37039	69123.5625
5033	912431.025
31085	55644467.8125
54099	0
29131	1175100.5625
27127	41474.1375
41051	16962922.2375
38071	55298.85
48463	64367861.4
39009	41474.1375
51760	179721.2625
48233	49492470.75
47113	1078327.575
17115	290318.9625
21147	0
12065	7340922.3375
19023	55298.85
51730	41474.1375
22029	34409709.4125
38011	0
26159	19548143.475
39059	13824.7125
27143	69123.5625
4001	801833.325
37143	1285698.2625
35005	278996522.9625
48295	38778318.5625
48407	0
40113	13824.7125
28145	0
19113	497689.65
45069	760359.1875
53053	6027574.65
39025	82948.275
31091	2502272.9625
20177	5875502.8125
45017	7299448.2
13205	82395286.5
31127	5156617.7625
51840	0
24047	6400841.8875
19135	0
29051	0
4017	11211841.8375
6019	976937133.525
48365	428566.0875
45091	594462.6375
34035	1009204.0125
44005	566813.2125
5095	363064599.675
1051	580637.925
29117	331793.1
51820	27649.425
22103	0
17053	511514.3625
39093	0
26029	566813.2125
22023	4769525.8125
54039	0
46083	829482.75
34003	705060.3375
19123	0
31155	65971528.05
26055	981554.5875
6085	44778243.7875
45059	0
36035	13824.7125
47145	41474.1375
13317	82948.275
55141	3898568.925
24029	3442353.4125
19171	13824.7125
20119	207647181.75
17173	69123.5625
47121	165896.55
29067	0
46057	539163.7875
24033	1299522.975
31163	41446488.075
31015	11294790.1125
1131	69123.5625
27151	9732597.6
21177	0
48411	1769563.2
47017	331793.1
29003	0
51113	0
8083	0
22053	170334282.7125
30007	2806416.6375
35059	82312338.225
23029	2198129.2875
18009	0
41027	3082910.8875
29021	13824.7125
48313	13824.7125
8073	3580600.5375
26149	25700140.5375
36011	221195.4
13285	13824.7125
6081	6677336.1375
38013	0
54037	13824.7125
48297	857132.175
29151	0
37167	1755738.4875
46005	4797175.2375
6027	75952970.475
47005	13824.7125
47013	124422.4125
54051	0
55007	207370.6875
32013	292351195.2375
21205	0
48345	7492994.175
17119	456215.5125
33017	96772.9875
8075	73782490.6125
17101	10714152.1875
19049	387091.95
1091	13824.7125
53009	981554.5875
1117	0
27097	12608137.8
29083	69123.5625
13253	60925507.9875
37163	5723430.975
25015	732709.7625
18149	4423908
22051	110597.7
17137	483864.9375
49049	44847367.35
18051	829482.75
21137	0
51005	-10905145.9078846
21053	0
36073	1216574.7
48429	27649.425
55099	304143.675
29013	0
46011	7755663.7125
13165	1451594.8125
18181	2004583.3125
20055	362622208.875
41007	345617.8125
20203	69400056.75
12021	220573287.9375
38073	11004471.15
48265	552988.5
37091	3373229.85
19007	0
19177	0
20019	0
31027	34547956.5375
12067	5930801.6625
29055	41474.1375
46071	0
13191	345617.8125
48123	566813.2125
19109	387091.95
29103	207370.6875
41009	1520718.375
37069	179721.2625
28137	4921597.65
42083	27649.425
39011	41474.1375
38021	6746459.7
5037	719811305.7375
55095	635936.775
30027	1741913.775
51690	0
12115	12013675.1625
40079	967729.875
12086	89031148.5
17181	152071.8375
29159	539163.7875
29039	27649.425
13225	9511402.2
35043	3013787.325
36103	15760172.25
55137	48635338.575
56011	3069086.175
29047	41474.1375
13119	262669.5375
48067	0
10003	4064465.475
53073	49063904.6625
51520	0
6049	86680947.375
30011	13824.7125
53065	2806416.6375
22045	1023028.725
26143	290318.9625
39091	0
49029	124422.4125
22117	1175100.5625
1015	0
55125	414741.375
19137	13824.7125
18005	6995304.525
30025	981554.5875
36051	331793.1
19087	0
17067	110597.7
13319	55298.85
29141	414741.375
47117	27649.425
18021	0
37073	1009204.0125
55121	3760321.8
19039	0
16029	52838051.175
26043	96772.9875
34023	2267252.85
56001	0
19003	0
8003	159744552.9375
12051	144302349.075
31041	202628811.1125
49011	4437732.7125
22033	345617.8125
27163	4022991.3375
48361	0
17145	0
48219	122113685.5125
28089	221195.4
55085	594462.6375
37019	2115181.0125
42097	179721.2625
37171	0
5051	0
29045	1935459.75
22099	622112.0625
47029	539163.7875
17075	2681994.225
37177	0
51770	82948.275
42045	179721.2625
21101	82948.275
13099	39068637.525
30043	1893985.6125
42015	41474.1375
21037	0
41067	20474399.2125
21203	0
28091	96772.9875
40063	414741.375
40091	0
29203	41474.1375
40049	179721.2625
54061	0
17161	677410.9125
41045	276549548.85
29071	1092152.2875
19077	317968.3875
48207	44266729.425
33007	27649.425
4009	121145955.6375
42117	41474.1375
46033	622112.0625
13049	0
37067	248844.825
51800	179721.2625
51159	0
6045	37091703.6375
39145	96772.9875
55078	0
47171	276494.25
47057	345617.8125
13107	3760321.8
28051	43271350.125
51045	0
40121	193545.975
4019	97256852.4375
51595	0
51640	27649.425
29123	124422.4125
18097	387091.95
47107	235020.1125
13267	2460798.825
5005	0
29043	179721.2625
51570	0
36071	884781.6
26047	525339.075
47129	0
21185	0
4005	317968.3875
48127	8847816
39063	152071.8375
27059	1036853.4375
29221	1672790.2125
54109	0
46055	7714189.575
35045	0
17189	0
28105	0
48231	331793.1
47059	373267.2375
28059	41474.1375
30021	511514.3625
19147	1078327.575
29037	0
24005	1133626.425
19041	207370.6875
29510	0
37129	1797212.625
12003	788008.6125
51740	96772.9875
55025	6870882.1125
47089	207370.6875
8057	0
26087	511514.3625
37075	0
28149	1990758.6
5041	492450083.9625
40125	207370.6875
55069	110597.7
13239	0
13033	7797137.85
54007	0
48425	165896.55
53075	1368646.5375
51025	41474.1375
19071	953905.1625
48075	11668057.35
27081	539163.7875
22071	27649.425
29187	262669.5375
54107	0
25001	15331606.1625
18161	0
41033	3428528.7
36107	317968.3875
47021	345617.8125
29217	110597.7
16055	14654195.25
26039	138247.125
13295	13824.7125
21233	0
39099	124422.4125
21033	41474.1375
16045	8073632.1
19167	3815620.65
8067	165896.55
31149	26488149.15
19191	138247.125
48279	225564009.15
29107	635936.775
5063	77432214.7125
20009	43547844.375
46099	1866336.1875
17183	290318.9625
48141	0
21025	0
39047	69123.5625
21001	0
23007	0
21197	0
13301	0
27031	13824.7125
26059	1548367.8
47077	207370.6875
46003	41474.1375
35033	0
19197	0
46025	7410045.9
55043	552988.5
13189	4686577.5375
6077	646554154.2
48341	200679526.65
51790	96772.9875
28093	0
17017	2999962.6125
56039	0
21007	0
28107	40727603.025
21171	0
12043	53017772.4375
46127	6953830.3875
18083	7299448.2
26125	3829445.3625
27039	13824.7125
27055	165896.55
17153	0
13251	3027612.0375
26001	207370.6875
8081	870956.8875
18045	13824.7125
13113	0
29215	55298.85
27073	1119801.7125
48101	1824862.05
29089	11654232.6375
31119	44211430.575
27141	24331494
19101	0
48305	65722683.225
51810	732709.7625
35009	207702480.6
48363	4686577.5375
39109	1009204.0125
38067	96772.9875
55003	13824.7125
21097	27649.425
12127	47653783.9875
48443	290318.9625
20189	269429821.9125
45083	124422.4125
51015	13824.7125
29061	539163.7875
37151	1354821.825
48347	179721.2625
13019	3055261.4625
38087	0
46017	981554.5875
18079	0
31165	16644953.85
28129	27649.425
5047	82948.275
38003	483864.9375
55065	152071.8375
28081	0
51660	0
26061	0
21107	0
1105	55298.85
48049	221195.4
31049	27621775.575
16009	304143.675
48417	82948.275
41019	1036853.4375
54069	0
48083	0
24025	165896.55
48001	317968.3875
39137	124422.4125
19097	0
36075	539163.7875
28055	44114657.5875
48105	179721.2625
53031	1147451.1375
53015	677410.9125
8121	78980582.5125
20207	0
51035	69123.5625
8065	27649.425
24043	483864.9375
29161	96772.9875
47167	1271873.55
51003	138247.125
29029	110597.7
20201	3110560.3125
20081	265863046.0875
1107	0
28131	69123.5625
13171	1686614.925
54047	0
41005	57842597.1
13133	387091.95
28095	96772.9875
13207	511514.3625
23031	82948.275
46097	0
17203	193545.975
39069	27649.425
13159	552988.5
30023	428566.0875
48051	23142568.725
30019	1866336.1875
17079	0
18095	138247.125
48027	1921635.0375
29133	111316585.05
1027	0
6089	33013413.45
13043	705060.3375
22003	20073482.55
18151	1092152.2875
39039	0
12117	15303956.7375
47067	13824.7125
21187	13824.7125
5089	0
31177	3622074.675
31075	1976933.8875
48205	420312734.1375
31179	18621887.7375
36047	0
40023	0
34009	1451594.8125
17009	0
21035	27649.425
31135	131694211.275
21169	0
17031	2806416.6375
18035	96772.9875
6115	70395436.05
21049	0
28133	423838035.825
46109	4949247.075
24017	235020.1125
39015	0
46091	7133551.65
27157	262669.5375
40139	273729307.5
37023	801833.325
18183	0
38023	2281077.5625
21077	0
42069	41474.1375
13103	248844.825
39005	13824.7125
48427	0
6097	132039829.0875
48311	0
9011	55298.85
20109	7506818.8875
48145	7838611.9875
8011	20709419.325
30085	3691198.2375
40013	857132.175
26003	27649.425
39057	1230399.4125
39103	0
26067	1050678.15
28123	27649.425
22031	27649.425
42123	41474.1375
27135	0
16059	6580563.15
53003	248844.825
24045	8308652.2125
39081	0
34013	622112.0625
45009	1866336.1875
17111	3829445.3625
31129	47031671.925
19169	304143.675
5081	3967692.4875
6071	122666674.0125
6011	172767432.1125
17163	1451594.8125
31017	14211804.45
36113	13824.7125
51191	82948.275
19103	317968.3875
22055	8128930.95
21157	0
48377	3345580.425
30003	6082873.5
42119	55298.85
18085	13769413.65
5123	466487273.8875
30039	566813.2125
39029	13824.7125
12105	162219176.475
46013	3345580.425
27109	304143.675
5067	574140310.125
54031	0
27089	124422.4125
47035	359442.525
8085	221195.4
8045	165896.55
48431	843307.4625
31025	1479244.2375
13307	2391675.2625
55077	3041436.75
29033	4562155.125
8099	54234347.1375
19015	138247.125
5069	317401574.2875
16073	114344197.0875
46067	442390.8
8123	10962997.0125
27011	718885.05
12031	4672752.825
38103	27649.425
48019	1092152.2875
18101	0
54013	0
55019	82948.275
5061	0
21061	0
21189	0
51109	41474.1375
12091	5267215.4625
51037	27649.425
13231	0
20145	94160116.8375
39097	27649.425
13105	442390.8
17197	1576017.225
51097	27649.425
19185	0
19047	0
48025	5460761.4375
38035	9165784.3875
13029	55298.85
1083	3857094.7875
21039	13824.7125
10001	32059508.2875
5085	437137409.25
22089	0
56017	3428528.7
50005	55298.85
20175	202642635.825
6029	1078811439.9375
55049	5267215.4625
42131	13824.7125
41053	7575942.45
20191	8115106.2375
51167	0
26101	1119801.7125
35013	154394389.2
46135	6663511.425
8111	0
13005	829482.75
37157	843307.4625
26141	276494.25
38017	2405499.975
33009	69123.5625
21133	0
23023	0
40115	27649.425
53027	5709606.2625
26073	2004583.3125
48007	0
23017	55298.85
40067	69123.5625
39139	55298.85
47061	663586.2
4012	71487588.3375
47011	152071.8375
1017	235020.1125
26165	580637.925
20075	46755177.675
21165	0
51610	0
49057	5211916.6125
51115	13824.7125
47103	3082910.8875
13281	27649.425
31169	106215266.1375
27071	0
32029	0
29149	138247.125
18037	0
39133	124422.4125
31103	29073370.3875
37087	138247.125
21151	13824.7125
49035	2668169.5125
32009	35432738.1375
36019	27649.425
17175	13824.7125
28163	36815209.3875
6033	30967356
18125	0
29121	110597.7
55033	17820054.4125
29177	4285660.875
16007	2654344.8
38029	1617491.3625
29145	1119801.7125
40123	110597.7
29175	718885.05
1003	44653821.375
48223	2861715.4875
55041	138247.125
5139	0
17193	25921335.9375
45039	0
48195	158541802.95
1033	1230399.4125
51179	69123.5625
50027	55298.85
8049	69123.5625
42033	41474.1375
36115	55298.85
36079	179721.2625
28043	4451557.425
8035	2571396.525
36063	1023028.725
48243	649761.4875
51143	193545.975
49047	1230399.4125
51195	27649.425
34039	539163.7875
18055	41474.1375
13077	27649.425
56009	4133589.0375
28087	55298.85
30075	539163.7875
51027	0
51137	55298.85
12005	4562155.125
16051	536053227.1875
36089	41474.1375
19031	69123.5625
21143	0
51133	82948.275
19189	27649.425
17091	7465344.75
5035	290733703.875
13017	2529922.3875
13095	23018146.3125
27005	6027574.65
40001	0
31009	3193508.5875
48467	110597.7
48499	373267.2375
48273	705060.3375
48175	2391675.2625
28113	13824.7125
55101	3359405.1375
20187	154587935.175
42091	815658.0375
46107	4188887.8875
13293	0
11001	69123.5625
42059	13824.7125
24001	27649.425
5083	345617.8125
26105	953905.1625
48237	0
51075	13824.7125
47187	1396295.9625
28119	170348107.425
13163	9801721.1625
20021	0
49031	2474623.5375
18143	0
42113	0
51043	193545.975
51161	41474.1375
21015	13824.7125
55045	1949284.4625
20099	0
22081	1631316.075
51169	0
38031	1603666.65
27105	13824.7125
29205	1396295.9625
48235	69123.5625
17063	55298.85
31055	10078215.4125
8029	304143.675
40147	0
5009	0
27067	3400879.275
29135	152071.8375
48479	124422.4125
34027	373267.2375
22005	165896.55
22035	27511177.875
31071	12469890.675
26011	55298.85
55067	15027462.4875
42003	276494.25
26113	1479244.2375
54035	0
47179	912431.025
35007	4575979.8375
12029	3843270.075
38093	3843270.075
6091	17267065.9125
17159	0
21045	0
20167	13824.7125
21167	0
27115	248844.825
31171	953905.1625
27167	69123.5625
53057	18691011.3
40025	71888505
26127	2723468.3625
47047	1230399.4125
48133	5599008.5625
26083	0
19187	0
48071	0
55063	1285698.2625
29007	1838686.7625
48143	5999925.225
8051	1175100.5625
35019	2419324.6875
50013	13824.7125
27049	1562192.5125
30091	18843083.1375
30081	4686577.5375
12063	21373005.525
1121	470040.225
56023	4534505.7
47053	1161275.85
31061	41709157.6125
12001	28382134.7625
5125	0
39035	124422.4125
46121	50874942
12017	8833991.2875
13215	290318.9625
16017	2820241.35
26107	5681956.8375
26027	19105752.675
20029	11847778.6125
51105	13824.7125
6035	78247872.75
40083	41474.1375
21229	13824.7125
20083	29239266.9375
48177	4423908
27035	4064465.475
48039	18373042.9125
20053	110597.7
17019	3649724.1
48277	9359330.3625
16063	145242429.525
55123	193545.975
19059	331793.1
18043	0
1087	1023028.725
18139	0
20013	552988.5
38079	124422.4125
19065	165896.55
28097	248844.825
55061	276494.25
23011	69123.5625
1097	12884632.05
48497	1023028.725
48035	566813.2125
54017	0
46129	6013749.9375
48147	1340997.1125
51089	13824.7125
31003	106339688.55
20057	111261286.2
18133	0
13089	815658.0375
45041	470040.225
40029	0
46053	428566.0875
40059	3179683.875
48309	1023028.725
45085	4548330.4125
29077	691235.625
26121	2709643.65
39007	0
47033	1631316.075
40093	10506781.5
48465	345617.8125
48389	50474025.3375
40107	649761.4875
40071	1797212.625
55131	1064502.8625
37165	677410.9125
18123	0
6015	13119652.1625
38059	566813.2125
27161	96772.9875
49033	1230399.4125
13255	400916.6625
20131	13824.7125
49043	953905.1625
16043	73464522.225
48405	0
12057	93344458.8
48283	5225741.325
42073	41474.1375
36017	82948.275
48125	10686502.7625
28069	0
54053	13824.7125
54095	0
19181	27649.425
13227	13824.7125
5043	41239117.3875
48395	94823703.0375
39089	497689.65
48269	0
29185	207370.6875
48381	22617229.65
16031	651572524.8375
10005	82934450.2875
37077	331793.1
36111	857132.175
19021	82948.275
17041	55298.85
22111	0
21211	27649.425
53069	69123.5625
1007	870956.8875
21183	0
42011	400916.6625
51101	96772.9875
37015	387091.95
42007	110597.7
27063	41474.1375
5117	287415772.875
13237	345617.8125
28005	69123.5625
6037	86293855.425
13187	359442.525
23015	13824.7125
29197	0
17071	4451557.425
21021	0
20101	19506669.3375
26139	6525264.3
53021	111938697.1125
42053	0
54067	0
22115	0
51083	96772.9875
22041	32667795.6375
51009	0
27159	7009129.2375
20015	193545.975
26025	2198129.2875
40037	0
23005	165896.55
51073	13824.7125
47039	262669.5375
26045	82948.275
17185	1631316.075
51515	0
54005	0
6063	28395959.475
48441	926255.7375
5113	0
18013	0
26093	1147451.1375
13013	345617.8125
47069	124422.4125
29155	147440558.8125
53011	7009129.2375
17007	594462.6375
54055	0
31069	22008942.3
31007	14018258.475
18167	1354821.825
13179	0
51091	13824.7125
8095	79257076.7625
18049	6027574.65
48475	1105977
20151	117288860.85
21121	0
12101	22976672.175
53045	788008.6125
8119	0
28121	41474.1375
30095	3787971.225
48321	25935160.65
41001	94699280.625
29027	2239603.425
47181	165896.55
31081	193062110.0625
39157	414741.375
41063	4852474.0875
36061	0
22063	82948.275
27139	649761.4875
39151	746534.475
28057	0
51067	69123.5625
22011	4907772.9375
22065	50321953.5
9005	41474.1375
55015	124422.4125
53063	18580413.6
12129	552988.5
48477	373267.2375
29181	33469628.9625
24027	276494.25
13247	138247.125
48111	448819291.3125
6003	0
12023	7575942.45
21069	0
48093	12691086.075
17051	82948.275
37173	69123.5625
27007	179721.2625
5135	0
26053	0
13269	1728089.0625
48021	7769488.425
42009	96772.9875
9007	69123.5625
19091	0
20095	21373005.525
46037	1230399.4125
53029	2032232.7375
48289	41474.1375
37027	1396295.9625
46061	0
20043	13824.7125
13213	0
1043	1493068.95
26079	1147451.1375
21179	27649.425
51131	2820241.35
45027	2142830.4375
20197	2170479.8625
46119	3746497.0875
13229	2695818.9375
17199	13824.7125
46085	981554.5875
41029	46257488.025
8025	4714226.9625
36053	207370.6875
24009	69123.5625
37045	262669.5375
13011	0
12103	2917014.3375
48045	35667758.25
30087	2239603.425
17107	41474.1375
51099	0
56035	23474361.825
13023	7810962.5625
35053	37478795.5875
25021	3359405.1375
47105	207370.6875
40069	179721.2625
37059	746534.475
38041	0
28153	41474.1375
47041	857132.175
40077	0
20007	5543709.7125
51710	27649.425
6055	66662763.675
46021	14045907.9
42085	96772.9875
47173	41474.1375
37081	1147451.1375
21071	0
46015	1271873.55
36025	69123.5625
51081	0
47175	235020.1125
38039	3304106.2875
51019	82948.275
5015	0
31087	23972051.475
48307	2999962.6125
36039	179721.2625
26031	262669.5375
44007	1023028.725
24015	2281077.5625
51187	55298.85
47003	317968.3875
55117	774183.9
41035	433750354.6875
24023	55298.85
21163	0
13181	0
1093	152071.8375
48437	140044337.625
47123	27649.425
28085	13824.7125
41017	119694360.825
12131	2944663.7625
8105	192522946.275
48485	2018408.025
29137	0
13299	829482.75
5059	0
31153	4230362.025
17025	0
48369	316572091.5375
38051	124422.4125
13243	17225591.775
18063	0
31045	4064465.475
19001	55298.85
13275	4119764.325
12133	1382471.25
46073	663586.2
29025	152071.8375
41049	262337744.4
50019	55298.85
6065	207647181.75
21083	69123.5625
39021	3207333.3
29211	0
18061	0
21175	0
31073	64160490.7125
46049	0
29049	290318.9625
19019	13824.7125
28147	0
27117	110597.7
28141	0
39115	0
21213	0
8043	732709.7625
17099	345617.8125
46079	7133551.65
18001	0
13297	2737293.075
54033	0
31173	5806379.25
47153	13824.7125
1069	11018295.8625
51059	235020.1125
33013	317968.3875
13003	552988.5
13279	4340959.725
51041	124422.4125
21111	0
39037	96772.9875
37083	345617.8125
18121	1147451.1375
6039	485537727.7125
48253	1147451.1375
37013	1327172.4
20025	5253390.75
54009	0
47001	193545.975
34001	18469815.9
48393	9082836.1125
1045	1202749.9875
30071	6179646.4875
19025	69123.5625
29065	0
42051	55298.85
6095	290664580.3125
48029	12594313.0875
28061	0
20063	22340735.4
48317	44626171.95
17005	0
30061	497689.65
42067	41474.1375
42065	13824.7125
48261	0
48091	276494.25
17165	41474.1375
31053	41612384.625
35055	1534543.0875
26115	2336376.4125
22025	26543448
6001	18041249.8125
28063	0
12109	31451220.9375
18127	981554.5875
48163	72814760.7375
38099	442390.8
31107	40561706.475
17081	0
40061	0
39153	400916.6625
37183	3414703.9875
1023	0
30073	4244186.7375
48087	59943953.4
21051	0
12093	59377140.1875
26133	179721.2625
45065	0
48355	1838686.7625
39113	2599045.95
17061	0
55079	511514.3625
48121	1188925.275
24013	511514.3625
39169	124422.4125
48065	73837789.4625
36097	110597.7
56029	0
51670	0
13167	995379.3
25023	115768142.475
28065	41474.1375
47051	1147451.1375
38091	718885.05
25025	165896.55
17015	2460798.825
40095	2446974.1125
45045	124422.4125
21109	0
18033	317968.3875
4023	14377701
54003	13824.7125
13219	5156617.7625
34005	10893873.45
49051	1230399.4125
19149	1451594.8125
46081	1230399.4125
47025	41474.1375
37111	317968.3875
37095	0
36027	400916.6625
45055	165896.55
40009	7133551.65
48057	0
55087	677410.9125
5133	0
30029	12829333.2
39141	0
17089	2433149.4
39159	82948.275
51007	13824.7125
29199	317968.3875
8113	0
48447	0
26109	0
53039	23432887.6875
51011	0
38069	248844.825
31035	161016426.4875
18011	0
40153	7603591.875
12083	26654045.7
38075	0
48373	732709.7625
6031	700747027.2
17013	0
13259	55298.85
48259	663586.2
13157	124422.4125
20205	0
8031	552988.5
41061	33137835.8625
21239	13824.7125
53043	31865962.3125
21011	0
46023	1645140.7875
17043	1534543.0875
48047	995379.3
27137	41474.1375
37199	262669.5375
12107	24345318.7125
22049	0
18039	11239491.2625
48059	801833.325
53059	221195.4
37141	2654344.8
39001	0
31093	114620691.3375
17105	138247.125
40039	2903189.625
16041	24635637.675
46041	0
29115	1258048.8375
48359	5170442.475
24037	165896.55
31141	145892191.0125
12055	114109176.975
35006	4755701.1
48211	5612833.275
5111	1161234375.8625
36057	27649.425
29085	345617.8125
18073	6704985.5625
28033	19050453.825
27131	580637.925
36085	13824.7125
54089	0
31109	10603554.4875
34021	442390.8
46101	1520718.375
17147	248844.825
19151	27649.425
19157	0
48247	304143.675
13123	0
4011	10216462.5375
39135	0
31143	87137162.8875
13081	15704873.4
20163	1340997.1125
18179	0
31157	9801721.1625
1019	0
25019	2944663.7625
31043	3829445.3625
13263	13824.7125
39095	691235.625
46103	1092152.2875
40021	0
42081	193545.975
48293	0
1079	1216574.7
1063	110597.7
51678	0
20147	5930801.6625
5099	0
20195	6953830.3875
13131	6442316.025
41065	35570985.2625
51063	0
28135	161915032.8
19083	13824.7125
9003	705060.3375
47023	165896.55
51650	41474.1375
30105	6290244.1875
29171	124422.4125
28159	0
30005	6373192.4625
46047	483864.9375
48343	0
27083	0
53001	253780247.3625
21181	0
37035	1161275.85
13305	1493068.95
31101	108911085.075
5053	4368609.15
48285	6898531.5375
45057	41474.1375
29127	635936.775
19085	10022916.5625
1005	635936.775
31125	33331381.8375
27033	622112.0625
48081	1078327.575
39127	0
33001	69123.5625
36083	221195.4
26099	359442.525
12011	23958226.7625
48173	70547507.8875
19055	0
56031	78897634.2375
38025	96772.9875
49015	124422.4125
41023	5405462.5875
13283	829482.75
47169	124422.4125
42087	27649.425
48155	2834066.0625
28021	179721.2625
20059	732709.7625
41055	8695744.1625
49007	124422.4125
31039	7548293.025
32019	15511327.425
6079	216342925.9125
35021	3787971.225
36091	165896.55
20037	55298.85
6103	225190741.9125
34025	2585221.2375
45061	995379.3
17039	82948.275
37193	152071.8375
39107	304143.675
37197	1686614.925
54075	0
18155	0
37025	207370.6875
18093	0
21117	0
24003	1050678.15
40031	691235.625
48077	1672790.2125
5031	492906299.475
5019	0
4013	1091447227.1625
37021	27649.425
47055	1244224.125
18157	829482.75
1061	2377850.55
31037	26114881.9125
51193	82948.275
54043	0
13111	13824.7125
40151	1907810.325
21237	0
47083	41474.1375
5097	0
5017	214034198.925
42111	82948.275
51029	0
17059	29958151.9875
51680	0
37113	82948.275
17011	1852511.475
18153	3262632.15
51013	165896.55
6051	71280217.65
32015	128680423.95
27101	0
48491	456215.5125
51155	41474.1375
27077	0
56019	470040.225
16027	223435003.425
51700	110597.7
49045	23709381.9375
48451	46699878.825
29015	290318.9625
34011	34686203.6625
55107	331793.1
37119	2087531.5875
31001	160352840.2875
20069	254609730.1125
42093	13824.7125
40043	3317931
26155	179721.2625
48217	221195.4
20071	23432887.6875
1077	2875540.2
27107	13824.7125
17021	96772.9875
48107	96869760.4875
17113	304143.675
47125	760359.1875
6057	4769525.8125
48023	3041436.75
19075	82948.275
54011	0
20011	0
38089	0
13147	345617.8125
33011	483864.9375
39013	0
38055	1313347.6875
40103	594462.6375
27029	0
28077	290318.9625
42023	0
26075	2737293.075
51107	622112.0625
13217	470040.225
38001	0
39147	138247.125
31159	65031447.6
40145	1520718.375
18019	0
28011	569426083.1625
20105	414741.375
36005	13824.7125
32021	2225778.7125
42029	705060.3375
1065	41474.1375
19005	0
51177	41474.1375
22015	290318.9625
12009	66939257.925
22069	2654344.8
36067	1202749.9875
8087	17598859.0125
55093	456215.5125
13195	0
13115	884781.6
26069	331793.1
28151	350857378.5375
31139	70229539.5
13291	27649.425
31115	9317856.225
21029	13824.7125
29023	443621199.4125
12069	55312674.7125
5045	1589841.9375
45005	10119689.55
8071	13824.7125
8013	55298.85
36065	96772.9875
46117	0
29097	898606.3125
48333	1838686.7625
41039	17695632
49009	124422.4125
36101	635936.775
13087	94796053.6125
8063	174882613.125
28023	27649.425
48199	1769563.2
47009	566813.2125
37135	580637.925
19133	18428341.7625
30031	15483678
22037	248844.825
31031	49119203.5125
20161	1811037.3375
56045	580637.925
54001	0
35001	10727976.9
42077	179721.2625
46077	1769563.2
47075	2557571.8125
36069	539163.7875
12125	1327172.4
19009	0
13223	179721.2625
13153	8543672.325
29223	41474.1375
26123	1714264.35
5075	246937014.675
5077	408036389.4375
12059	2170479.8625
12027	96040277.7375
55023	152071.8375
5119	14405350.425
30097	580637.925
27027	815658.0375
6067	196974503.7
45011	497689.65
8041	7866261.4125
13031	1078327.575
35011	14889215.3625
47063	345617.8125
48153	126454645.2375
46065	4161238.4625
21003	0
42027	179721.2625
36037	2681994.225
39045	470040.225
17155	110597.7
18165	428566.0875
19119	262669.5375
21075	0
20139	0
31185	183868676.25
26081	4009166.625
53067	10147338.975
19099	179721.2625
19125	27649.425
30045	483864.9375
47071	870956.8875
17143	1520718.375
22027	55298.85
36087	179721.2625
41015	2073706.875
27023	138247.125
40143	3041436.75
48319	4755701.1
47073	179721.2625
45087	0
26041	27649.425
21063	0
17135	152071.8375
45047	0
13093	29875203.7125
19107	0
37169	152071.8375
8005	2640520.0875
8037	13824.7125
38043	17681807.2875
37101	2723468.3625
30051	110597.7
17037	207370.6875
37089	221195.4
29063	69123.5625
51061	13824.7125
46089	27649.425
26147	69123.5625
48201	1714264.35
20079	38861266.8375
55035	3539126.4
51590	27649.425
8053	0
48013	33939669.1875
48119	414741.375
17151	0
49019	622112.0625
20181	133906165.275
18135	0
46113	0
5021	549062281.65
49013	1285698.2625
55027	801833.325
19163	331793.1
17171	3110560.3125
1095	1175100.5625
48455	0
29113	2460798.825
51135	13824.7125
39055	41474.1375
17077	387091.95
17103	13022879.175
48339	580637.925
47093	525339.075
13101	1451594.8125
48103	0
45015	110597.7
38019	0
56041	30801459.45
18175	0
20155	67478421.7125
48469	10423833.225
48117	220393566.675
45001	0
22105	373267.2375
48069	434731909.275
17087	0
4003	296830402.0875
13121	1064502.8625
28037	27649.425
42129	262669.5375
17117	0
51057	55298.85
28139	0
6075	608287.35
37065	1230399.4125
8101	20363801.5125
48387	82948.275
31059	160919653.5
48303	130864728.525
48033	1990758.6
22085	0
53035	1852511.475
37105	525339.075
27075	0
39065	0
55081	15718698.1125
54071	0
51141	82948.275
16083	386013622.425
8103	55298.85
21215	13824.7125
34031	221195.4
48449	0
46105	124422.4125
40005	0
55133	2599045.95
13311	41474.1375
48073	248844.825
27121	19672565.8875
22077	16534356.15
38083	193545.975
16087	55672117.2375
8015	41474.1375
54049	0
54091	0
26033	152071.8375
21017	0
37185	317968.3875
20067	170375756.85
17179	18220971.075
50021	110597.7
55001	53487812.6625
40075	1728089.0625
22001	177218989.5375
51047	96772.9875
8047	0
41069	1493068.95
31047	140099636.475
31019	216812966.1375
22007	96772.9875
48053	1230399.4125
40097	138247.125
6021	310572166.3125
48503	0
48419	0
5057	0
19155	580637.925
16049	470040.225
42025	96772.9875
5013	0
21199	0
6101	321078947.8125
27001	41474.1375
1031	967729.875
4007	3041436.75
29059	207370.6875
19093	13824.7125
21207	0
48349	0
28015	8253353.3625
26023	6082873.5
39049	2281077.5625
40033	13824.7125
21005	0
31181	30870583.0125
21085	0
51157	0
8017	45165335.7375
29091	69123.5625
13061	3400879.275
39023	1755738.4875
48037	9621999.9
48157	18442166.475
55097	68114358.4875
30041	1064502.8625
1021	1548367.8
16057	2529922.3875
37181	0
39105	0
8097	0
40137	428566.0875
56013	0
22057	0
22061	0
13021	746534.475
31121	150302274.3
19051	0
19095	235020.1125
18091	12082798.725
28111	193545.975
22127	0
48079	82049668.6875
23019	96772.9875
18027	317968.3875
40101	3456178.125
5137	96772.9875
51199	0
48391	691235.625
19069	41474.1375
47131	552988.5
8061	6774109.125
5103	0
42063	456215.5125
20111	55298.85
41025	289959519.975
22073	1631316.075
48409	8861640.7125
51147	0
16085	1852511.475
29099	179721.2625
1101	815658.0375
29209	55298.85
53061	3359405.1375
12007	774183.9
45049	6829407.975
30055	27649.425
20033	10036741.275
33005	27649.425
13183	69123.5625
48481	146044262.85
19193	2820241.35
48487	31713890.475
26089	1285698.2625
49027	193297130.175
48337	857132.175
54019	0
51053	41474.1375
17029	138247.125
31077	66248022.3
1067	1230399.4125
5001	739069130.25
48097	152071.8375
5029	1410120.675
42099	13824.7125
1111	55298.85
48335	11654232.6375
21221	13824.7125
28053	113860332.15
27125	13824.7125
48109	52146815.55
42107	235020.1125
6007	331502781.0375
21217	0
38105	8446899.3375
17045	165896.55
40035	0
47085	27649.425
28009	13824.7125
13045	124422.4125
29169	0
51683	0
18017	96772.9875
50017	82948.275
21023	0
21201	0
48505	0
48367	221195.4
35039	2004583.3125
39079	0
55059	539163.7875
39121	0
54027	0
22079	9649649.325
37001	0
47161	165896.55
18031	0
5023	179721.2625
30107	4161238.4625
16025	136657283.0625
18089	981554.5875
51540	0
13143	0
27087	0
42133	317968.3875
48379	0
20185	119473165.425
54077	0
40065	11543634.9375
31013	136201067.55
39003	179721.2625
6047	543546221.3625
40127	0
12087	760359.1875
51510	0
36093	152071.8375
27145	17750930.85
29227	0
18171	96772.9875
41011	2488448.25
29111	2184304.575
24019	19935235.425
8021	71363165.925
18169	483864.9375
46115	21773922.1875
55111	6732634.9875
5093	502002960.3
51069	124422.4125
42049	290318.9625
38033	0
48191	42110074.275
5145	44114657.5875
20085	69123.5625
29011	10548255.6375
8091	0
48215	0
21089	0
16023	114897185.5875
18029	0
49023	31105603.125
16075	33013413.45
28117	0
46087	41474.1375
6013	7714189.575
21161	0
20165	10658853.3375
21043	0
55089	857132.175
49005	19506669.3375
51031	27649.425
48351	165896.55
49003	58395585.6
24035	7617416.5875
36031	82948.275
51077	0
49017	1299522.975
36121	1368646.5375
42079	55298.85
31029	195716454.8625
12061	57593752.275
48209	815658.0375
48301	0
46051	12207221.1375
37079	1949284.4625
27017	55298.85
48299	27649.425
55039	1009204.0125
48099	179721.2625
48315	0
48003	28824525.5625
20001	0
51165	235020.1125
13271	4230362.025
51021	0
30079	2930839.05
41059	238213621.0875
47079	1188925.275
48291	0
20077	1949284.4625
55075	9248732.6625
31145	36884332.95
42035	55298.85
31089	473593176.1125
16037	11737180.9125
29157	13824.7125
42005	221195.4
38057	884781.6
20171	52492433.3625
20117	760359.1875
20149	4175063.175
53047	34423534.125
6107	1645610827.725
5129	0
40047	1520718.375
48149	248844.825
29109	635936.775
13149	0
37041	0
21225	41474.1375
40051	1340997.1125
39033	0
27111	33759947.925
31117	8543672.325
12071	86127958.875
29219	207370.6875
40019	566813.2125
42121	124422.4125
13313	96772.9875
35041	229614649.9125
48161	262669.5375
1011	400916.6625
16021	50487850.05
16035	4493031.5625
31033	54455542.5375
8125	290885775.7125
53071	31451220.9375
37061	7161201.075
16079	1161275.85
30103	1576017.225
17123	152071.8375
55129	1811037.3375
16019	217504201.7625
53049	1368646.5375
29143	265393005.8625
37047	995379.3
49053	10451482.65
13073	317968.3875
51580	0
48423	82948.275
48159	0
19057	580637.925
13037	13589692.3875
29073	0
8059	373267.2375
50023	41474.1375
13315	8792517.15
5091	7852436.7
48187	635936.775
5065	0
51051	0
1099	677410.9125
51049	0
48271	1548367.8
24041	1866336.1875
27043	82948.275
55031	317968.3875
45031	1078327.575
16067	507823164.2625
29153	0
12049	63801048.1875
39173	235020.1125
12045	152071.8375
12013	2681994.225
29005	7783313.1375
31079	157366702.3875
13261	32626321.5
19159	0
40027	442390.8
20137	11875428.0375
18065	152071.8375
30099	1188925.275
17131	1686614.925
31067	25133327.325
22039	61091404.5375
28035	331793.1
1113	0
30093	221195.4
38085	0
16053	94408961.6625
48221	829482.75
18163	262669.5375
51183	0
6093	196407690.4875
21123	0
21159	0
37115	221195.4
12099	56128332.75
4025	14903040.075
39155	193545.975
8023	45635375.9625
37159	359442.525
39031	248844.825
26085	69123.5625
17177	221195.4
35028	0
39067	0
42039	179721.2625
18147	829482.75
21173	0
56033	0
36055	940080.45
51720	0
18105	0
12079	14184155.025
48329	18469815.9
18111	3539126.4
31005	6760284.4125
42125	124422.4125
6041	8930764.275
1119	235020.1125
17129	1147451.1375
51560	10946620.0453846
48179	28036516.95
21231	0
16033	47971752.375
31051	10520606.2125
48165	393561915.45
22097	35363614.575
47027	55298.85
13273	18179496.9375
30067	1949284.4625
20179	96786812.2125
56021	212472006.4125
36081	13824.7125
42071	870956.8875
20073	0
46031	0
26117	25976634.7875
28039	262669.5375
17201	373267.2375
20141	1050678.15
17003	304143.675
27155	0
48183	0
34007	2695818.9375
51181	0
31097	7741839
48433	110597.7
1081	96772.9875
29075	13824.7125
42061	82948.275
42019	165896.55
29165	0
13211	41474.1375
40085	594462.6375
37063	470040.225
30047	10755626.325
39073	0
30001	2903189.625
37029	0
27057	10921522.875
19089	13824.7125
48493	16907623.3875
31021	12580488.375
35003	400916.6625
19117	0
36117	857132.175
48397	0
30015	1105977
51121	152071.8375
6099	469279865.8125
22087	0
19011	55298.85
17085	387091.95
28001	0
51173	82948.275
37055	566813.2125
47037	1023028.725
6017	6718810.275
20199	61091404.5375
21009	0
17093	953905.1625
54087	0
30057	1893985.6125
5027	0
26151	953905.1625
26097	55298.85
22123	15718698.1125
26019	525339.075
21081	0
18023	41474.1375
40149	4437732.7125
51065	69123.5625
20041	2778767.2125
13083	0
38037	0
42001	221195.4
20121	0
13173	1133626.425
51550	373267.2375
12081	114703639.6125
34041	359442.525
5149	0
28013	13824.7125
29163	580637.925
38053	2294902.275
36043	27649.425
20049	0
13069	3373229.85
28157	677410.9125
26153	0
27079	608287.35
51685	0
30009	1188925.275
39149	82948.275
19153	497689.65
37161	69123.5625
42103	0
37071	373267.2375
24031	1368646.5375
40087	1534543.0875
28049	13824.7125
18077	0
48167	359442.525
26161	1465419.525
51085	0
55029	967729.875
55135	4589804.55
40045	25990459.5
48331	2364025.8375
38095	55298.85
20003	0
16001	58437059.7375
17055	0
1133	0
42101	55298.85
45019	2115181.0125
36013	1423945.3875
38045	6193471.2
13161	2557571.8125
26021	9815545.875
48185	96772.9875
17097	2364025.8375
26037	1382471.25
19127	0
26163	290318.9625
48015	4921597.65
36009	304143.675
6005	7686540.15
48009	0
1029	0
55109	5488410.8625
25013	1382471.25
5127	0
39131	0
13197	262669.5375
48383	23930577.3375
21193	0
36041	13824.7125
39175	27649.425
30069	594462.6375
12097	68985315.375
32033	79616519.2875
21139	0
48421	292047051.5625
46035	566813.2125
19081	207370.6875
26051	0
47101	0
35029	60953157.4125
8069	1147451.1375
13137	27649.425
18159	13824.7125
46075	0
20107	0
48445	169352728.125
27041	2087531.5875
17121	0
17001	1050678.15
37121	55298.85
48473	27068787.075
25009	2585221.2375
13001	1990758.6
30101	262669.5375
45071	387091.95
19173	0
42095	96772.9875
31113	16022841.7875
21093	13824.7125
39167	0
12123	525339.075
18069	0
8115	20847666.45
41071	16935272.8125
13265	0
12111	13202600.4375
48131	2032232.7375
36001	124422.4125
45025	2336376.4125
54103	0
27129	124422.4125
54023	0
19115	4299485.5875
19195	594462.6375
47139	152071.8375
27047	124422.4125
51775	124422.4125
27053	6027574.65
37017	3649724.1
18131	3456178.125
28041	235020.1125
38065	898606.3125
24510	0
39111	13824.7125
28071	0
19043	0
34017	0
21119	0
39043	0
51735	0
13109	1990758.6
13079	2557571.8125
29017	17377663.6125
47141	96772.9875
56007	1741913.775
21129	0
12035	14474473.9875
27009	11170367.7
37123	663586.2
1075	0
28067	55298.85
46045	2944663.7625
37009	622112.0625
13141	718885.05
39163	0
21055	0
48459	138247.125
1089	7963034.4
21091	0
47043	165896.55
41043	35280666.3
13175	5737255.6875
1125	1202749.9875
35057	73505996.3625
30059	2281077.5625
26071	124422.4125
39085	304143.675
40055	3663548.8125
19161	359442.525
20209	138247.125
48225	262669.5375
19061	262669.5375
47095	2709643.65
18141	9594350.475
37005	290318.9625
51630	0
45067	290318.9625
28101	27649.425
48249	1797212.625
42031	41474.1375
39165	193545.975
28103	96772.9875
12075	38584772.5875
54093	0
8033	0
36049	27649.425
36023	110597.7
51017	0
19079	55298.85
1009	165896.55
13145	207370.6875
28075	27649.425
19073	179721.2625
13209	635936.775
37011	373267.2375
8027	152071.8375
37117	470040.225
34015	4866298.8
20091	138247.125
20115	746534.475
12121	31312973.8125
51079	0
47045	5211916.6125
45007	0
23001	55298.85
18109	0
48137	41474.1375
53037	4009166.625
54065	0
21103	13824.7125
16011	652222286.325
31123	42372743.8125
26131	0
19033	69123.5625
40109	5059844.775
27093	2129005.725
13139	663586.2
47115	82948.275
19129	152071.8375
13309	2391675.2625
26145	1340997.1125
26009	7617416.5875
46027	4534505.7
55009	981554.5875
55013	179721.2625
19183	165896.55
35049	26211654.9
21087	0
55139	677410.9125
22017	7976859.1125
48043	3428528.7
30013	2004583.3125
54079	13824.7125
21057	0
20153	18262445.2125
53023	96772.9875
13193	19824637.725
28115	0
41041	96772.9875
55091	2557571.8125
12077	0
20097	79505921.5875
51530	0
47147	2267252.85
55053	1631316.075
5039	0
16081	58907099.9625
50003	110597.7
27015	1216574.7
35037	9995267.1375
55113	483864.9375
5087	0
47097	2433149.4
25007	317968.3875
26077	13562042.9625
47019	96772.9875
28029	41474.1375
32011	148463587.5375
29139	359442.525
27123	1258048.8375
6061	31962735.3
44009	1050678.15
18047	13824.7125
1039	1092152.2875
21131	0
47185	55298.85
27003	4147413.75
39101	55298.85
45033	152071.8375
16069	1092152.2875
5011	0
18099	3152034.45
48171	1576017.225
48011	5419287.3
42017	525339.075
35031	0
51036	138247.125
23003	428566.0875
16039	123606754.4625
55103	1465419.525
30063	5847853.3875
48375	1465419.525
12113	10244111.9625
18177	55298.85
54029	0
20035	1327172.4
51127	41474.1375
38101	124422.4125
20045	1175100.5625
48257	179721.2625
21105	262669.5375
27149	5087494.2
56005	1797212.625
22119	0
8107	0
20039	10990646.4375
34033	6331718.325
38005	1907810.325
28047	0
53019	774183.9
19111	981554.5875
47135	82948.275
55073	6857057.4
55017	1811037.3375
5147	295033189.4625
30065	442390.8
29079	317968.3875
6009	2571396.525
37109	193545.975
26137	1907810.325
40011	4119764.325
5109	0
48357	74653447.5
56043	6511439.5875
51197	41474.1375
20023	57137536.7625
45021	0
6069	72261772.2375
20157	18801609
29031	13880011.35
30017	1769563.2
38077	677410.9125
48453	898606.3125
18007	55298.85
4021	350484111.3
1001	3981517.2
6053	661512493.125
19139	3456178.125
21153	0
22043	0
29189	1244224.125
47091	13824.7125
12095	33110186.4375
55119	82948.275
29183	788008.6125
27103	69123.5625
32510	41474.1375
1071	815658.0375
45003	1714264.35
49041	24704761.2375
39087	0
21079	0
20127	0
39041	1396295.9625
22109	0
54097	0
1047	511514.3625
48005	290318.9625
28099	13824.7125
18113	6566738.4375
31147	1893985.6125
31105	38667720.8625
5141	0
51087	152071.8375
30077	1506893.6625
13233	359442.525
17065	0
5105	0
46093	552988.5
32031	10022916.5625
29207	449455228.0875
45075	14571246.975
18145	1064502.8625
54015	0
12089	4451557.425
54101	0
13025	304143.675
26111	262669.5375
24021	1023028.725
48085	138247.125
17073	691235.625
18057	539163.7875
27065	13824.7125
18067	0
18071	2253428.1375
21027	0
55055	4064465.475
40135	677410.9125
40133	262669.5375
49039	7285623.4875
13007	43561669.0875
51171	41474.1375
41021	8668094.7375
42043	304143.675
1025	27649.425
47143	400916.6625
46123	5073669.4875
47111	82948.275
13117	317968.3875
5073	26391376.1625
54021	0
45023	96772.9875
8089	26336077.3125
56025	0
29057	8557497.0375
5143	0
48151	5419287.3
51119	82948.275
36033	41474.1375
20135	4230362.025
13051	1327172.4
29229	13824.7125
36015	96772.9875
1037	13824.7125
13277	9801721.1625
12073	1479244.2375
1073	13824.7125
29179	13824.7125
51750	0
31099	117731251.65
40131	0
29119	0
46125	2267252.85
21209	13824.7125
48245	152071.8375
20113	29861379
48239	52146815.55
13155	5972275.8
50007	193545.975
24011	15580450.9875
28125	89819157.1125
13063	0
13289	511514.3625
29186	359442.525
21019	0
5121	152984268.525
1103	815658.0375
19165	55298.85
29167	539163.7875
37037	193545.975
33003	55298.85
55083	981554.5875
48501	246149006.0625
13027	8986063.125
46043	4313310.3
37053	1396295.9625
16065	144827688.15
39077	552988.5
17149	470040.225
46019	3525301.6875
37179	2073706.875
31161	64506108.525
54081	0
37125	3470002.8375
18081	414741.375
47065	898606.3125
31111	254678853.675
26135	276494.25
48089	57331082.7375
24039	566813.2125
28073	13824.7125
51139	27649.425
1059	0
22093	0
48193	304143.675
39143	635936.775
22125	0
29125	41474.1375
51125	0
48281	96772.9875
48399	2681994.225
54083	0
51149	69123.5625
21113	566813.2125
51111	27649.425
48507	48497091.45
48415	7230324.6375
37155	1990758.6
13303	8709568.875
29173	0
27147	110597.7
42057	13824.7125
40057	40782901.875
21125	0
45035	235020.1125
27013	262669.5375
48063	0
37191	3456178.125
18137	0
20065	18207146.3625
27021	3857094.7875
51153	718885.05
27173	69123.5625
37033	3041436.75
41003	8875465.425
26015	1700439.6375
18053	0
48413	1783387.9125
27119	165896.55
41013	76879226.2125
37099	152071.8375
20051	1658965.5
51103	41474.1375
30083	1465419.525
55127	3262632.15
31137	149514265.6875
37049	4686577.5375
19017	41474.1375
13185	1990758.6
22095	0
55047	3317931
22091	0
54057	13824.7125
36021	359442.525
48457	483864.9375
5107	361129139.925
19141	69123.5625
17133	2308726.9875
23009	165896.55
21095	0
17141	359442.525
48401	0
28127	27649.425
48055	884781.6
51093	0
1055	0
21115	0
37043	276494.25
26063	1617491.3625
36099	124422.4125
8007	0
34029	3677373.525
27165	760359.1875
48189	270936715.575
40141	13216425.15
37003	304143.675
39061	262669.5375
28045	13824.7125
37131	1700439.6375
13009	0
21073	13824.7125
6087	45414180.5625
26103	41474.1375
54041	0
40117	0
35025	214338342.6
32027	30110223.825
31057	138288599.1375
46029	9760247.025
13245	525339.075
6083	236471707.3125
37093	511514.3625
41057	1631316.075
20089	1258048.8375
29213	400916.6625
31167	23764680.7875
26035	193545.975
51175	0
12039	6801758.55
36029	1783387.9125
22009	28741577.2875
17187	27649.425
49037	1230399.4125
48371	151408251.3
38063	442390.8
53051	207370.6875
48471	705060.3375
21223	0
17169	304143.675
28003	0
38061	193545.975
18103	55298.85
50011	124422.4125
51023	27649.425
20031	13824.7125
25003	663586.2
29009	400916.6625
20143	2059882.1625
42109	152071.8375
42055	290318.9625
47119	304143.675
6113	513339224.55
18173	0
6105	5612833.275
18107	0
29001	69123.5625
40105	0
21145	124422.4125
46095	138247.125
21059	262669.5375
18087	15552801.5625
27099	539163.7875
13129	13824.7125
22113	7769488.425
48403	0
21149	13824.7125
21047	55298.85
17191	2211954
45051	3193508.5875
56037	14792442.375
36007	373267.2375
48213	165896.55
13201	63358657.3875
13321	17308540.05
13055	0
47159	221195.4
1129	124422.4125
29081	0
17027	497689.65
29069	147136415.1375
20169	2917014.3375
6023	50404901.775
26013	0
48251	165896.55
28025	0
30033	304143.675
38009	0
53033	2115181.0125
45053	2073706.875
5025	0
36059	3705022.95
45043	152071.8375
27095	290318.9625
40003	483864.9375
6111	226421141.325
40007	34008792.75
41031	32819867.475
29019	1368646.5375
19027	110597.7
9001	27649.425
17157	345617.8125
18025	0
48255	815658.0375
21191	13824.7125
48197	7036778.6625
19013	221195.4
13135	124422.4125
8039	3262632.15
12041	8999887.8375
16061	221195.4
1057	0
13065	3552951.1125
12119	13644991.2375
18075	0
22019	11391563.1
20125	0
48483	17170292.925
48113	4271836.1625
5071	0
30049	9677298.75
27085	262669.5375
27051	1188925.275
13169	0
8109	215389020.75
48439	732709.7625
5055	468782176.1625
8001	22257787.125
32023	28935123.2625
37031	2046057.45
42105	0
16071	106726780.5
18041	41474.1375
41047	162371248.3125
35047	470040.225
22047	649761.4875
56015	130159668.1875
36095	96772.9875
23021	27649.425
29035	0
25005	9815545.875
1035	82948.275
42021	55298.85
48227	8294827.5
30111	6898531.5375
20093	177523133.2125
45081	0
6109	870956.8875
48495	3207333.3
35015	135606604.9125
17109	69123.5625
6025	15856945.2375
53077	134044412.4
55105	8032157.9625
51117	124422.4125
1049	138247.125
36045	69123.5625
13047	580637.925
17035	0
27091	152071.8375
48095	7963034.4
51620	0
19145	0
29093	27649.425
37097	663586.2
38081	5336339.025
1123	235020.1125
17167	235020.1125
32005	13935310.2
13287	6884706.825
55011	1506893.6625
53017	5529885
21099	0
8079	0
12019	7230324.6375
40129	6428491.3125
31063	46105416.1875
39161	124422.4125
22107	38446525.4625
45089	27649.425
51095	262669.5375
45077	0
37195	1645140.7875
55037	27649.425
37187	2446974.1125
51033	359442.525
42037	110597.7
50015	27649.425
39117	96772.9875
4015	27566476.725
40119	456215.5125
44001	110597.7
47099	262669.5375
40111	0
47155	96772.9875
21065	0
32001	4990721.2125
38015	1824862.05
20087	1686614.925
8117	55298.85
39071	0
20103	400916.6625
37133	9663474.0375
13071	11626583.2125
13177	43243700.7
48287	1949284.4625
47031	1769563.2
18129	4631278.6875
27025	788008.6125
21127	0
51163	13824.7125
53025	257651166.8625
5003	166145394.825
17069	0
31095	53114545.425
53013	760359.1875
26005	4078290.1875
21141	13824.7125
18117	0
48267	663586.2
20133	0
31175	53156019.5625
19035	276494.25
21135	0
26129	179721.2625
53055	55298.85
47189	110597.7
54085	0
48135	1299522.975
47183	373267.2375
29095	290318.9625
27045	27649.425
54059	0
12033	7410045.9
37127	829482.75
9015	27649.425
47049	27649.425
32007	29363689.35
13053	0
26049	262669.5375
54063	0
18059	69123.5625
46069	345617.8125
46137	0
5007	0
56003	2903189.625
8009	133754093.4375
51600	96772.9875
31065	30884407.725
51185	13824.7125
36119	649761.4875
47149	1368646.5375
21219	13824.7125
13235	17612683.725
13039	663586.2
47127	0
28031	0
22021	0
18115	235020.1125
38007	0
8077	359442.525
45037	608287.35
29041	193545.975
39051	0
16003	2599045.95
16013	47308166.175
13241	27649.425
13125	0
37149	96772.9875
36105	96772.9875
55071	428566.0875
19029	0
17049	165896.55
13085	0
28079	0
48041	39289832.925
18003	13824.7125
47177	5681956.8375
47015	110597.7
39027	124422.4125
13067	677410.9125
37147	5543709.7125
22101	41474.1375
26065	857132.175
48263	1092152.2875
41037	313876272.6
26091	345617.8125
51001	10852399.3125
27113	0
26017	41474.1375
40015	25852212.375
55021	1161275.85
51830	41474.1375
48327	1050678.15
47157	3843270.075
49055	4327135.0125
13221	345617.8125
23027	13824.7125
12053	9774071.7375
45063	11529810.225
28019	0
39129	663586.2
28109	0
21235	0
48115	97464223.125
33019	124422.4125
39119	0
29225	345617.8125
48275	35958077.2125
35023	72289421.6625
29195	1437770.1
21013	0
47137	82948.275
23013	69123.5625
28083	216550296.6
39125	0
13057	1092152.2875
47163	124422.4125
42041	248844.825
30109	41474.1375
54025	0
48139	331793.1
8055	0
17125	82436760.6375
31151	55326499.425
29105	110597.7
30037	13824.7125
19121	0
19131	0
29129	124422.4125
16077	383400751.7625
12047	13686465.375
1109	594462.6375
47133	152071.8375
6059	17985950.9625
32017	69303283.7625
13075	6663511.425
28007	152071.8375
17023	4258011.45
23025	27649.425
17195	24068824.4625
16047	137998280.175
48203	774183.9
29201	131625087.7125
19037	82948.275
27019	774183.9
42115	41474.1375
46009	3207333.3
6043	3317931
25027	4202712.6
37107	1907810.325
22059	0
2220	0
2188	0
2110	0
2090	0
2122	0
2050	0
2261	0
2100	0
2282	0
2020	0
2232	0
2150	0
2013	0
2185	0
2060	0
2280	0
2270	0
2201	0
2290	0
2130	0
2164	0
2070	0
2170	0
2240	0
2068	0
2016	0
2180	0
15001	13962959.625
15003	21027387.7125
15009	104556300.6375
15005	0
15007	0
