20183	622112.0625
39075	2529922.3875
37137	1686614.925
26057	1506893.6625
30035	1396295.9625
34037	6704985.5625
28017	2972313.1875
40017	5170442.475
54073	926255.7375
17095	442390.8
48181	13050528.6
20123	179721.2625
22013	2834066.0625
42127	3470002.8375
37085	41474.1375
55005	5640482.7
48031	843307.4625
25011	4562155.125
46059	0
36077	760359.1875
39019	1119801.7125
50001	2336376.4125
37007	0
48129	705060.3375
51071	1714264.35
22067	4133589.0375
9009	16686427.9875
29101	6165821.775
42089	8626620.6
13257	69123.5625
32003	72773286.6
27037	51897970.725
48061	3746497.0875
46039	317968.3875
53007	9649649.325
53005	30732335.8875
22083	3995341.9125
1115	13285548.7125
37175	801833.325
27169	5087494.2
13097	55298.85
38097	760359.1875
46111	110597.7
40089	0
40099	2115181.0125
42047	718885.05
28027	4824824.6625
27061	2917014.3375
35027	3387054.5625
20159	1811037.3375
13199	96772.9875
48017	10423833.225
49025	4036816.05
46007	317968.3875
20047	400916.6625
39171	3981517.2
54045	456215.5125
19175	0
22075	0
31133	483864.9375
40041	705060.3375
47087	0
48353	2488448.25
20061	9345505.65
55051	317968.3875
13059	235020.1125
20017	290318.9625
1085	1562192.5125
5131	0
26119	152071.8375
13015	248844.825
6073	41902703.5875
37139	4686577.5375
31183	152071.8375
31083	580637.925
36109	1285698.2625
30053	1216574.7
48229	497689.65
17139	1465419.525
49001	3290281.575
19143	3234982.725
39017	81358433.0625
17033	3290281.575
21031	0
1041	2834066.0625
47151	0
48385	345617.8125
20027	1465419.525
19067	3525301.6875
19053	400916.6625
28161	2198129.2875
21195	0
48461	290318.9625
45013	17598859.0125
20005	373267.2375
25017	46354261.0125
39053	5253390.75
38027	1202749.9875
45079	705060.3375
48435	981554.5875
12037	2654344.8
49021	13534393.5375
46063	27649.425
1013	3732672.375
27153	1603666.65
21155	0
17127	3870919.5
18015	1382471.25
29147	235020.1125
21041	2433149.4
28143	5156617.7625
19045	6718810.275
50009	304143.675
13127	14059732.6125
38047	110597.7
31131	3165859.1625
40073	2446974.1125
48325	6691160.85
17057	940080.45
50025	594462.6375
5101	1340997.1125
37145	27649.425
35017	4838649.375
37057	0
12085	25271574.45
8019	248844.825
21227	0
8093	304143.675
47081	0
29053	359442.525
21067	0
5079	2046057.45
40053	1396295.9625
37189	649761.4875
5115	0
35035	4797175.2375
19063	1728089.0625
1127	221195.4
48241	3525301.6875
4027	14820091.8
45073	290318.9625
42075	4036816.05
47109	4465382.1375
54105	0
42013	2488448.25
37153	4728051.675
47165	0
17083	1603666.65
1053	7852436.7
55115	3069086.175
13091	1589841.9375
12015	3152034.45
48489	0
55057	2059882.1625
53041	5018370.6375
51145	165896.55
40081	718885.05
38049	940080.45
31023	1064502.8625
13249	594462.6375
17047	27649.425
26157	3262632.15
31011	1313347.6875
34019	5916976.95
36123	235020.1125
56027	912431.025
39083	7548293.025
27069	705060.3375
37103	1133626.425
16015	248844.825
20173	20584996.9125
13151	801833.325
48323	0
19179	152071.8375
26007	0
45029	3525301.6875
37051	4133589.0375
39123	193545.975
26095	649761.4875
33015	11004471.15
29087	525339.075
18119	1838686.7625
16005	22990496.8875
20193	1976933.8875
28155	1921635.0375
47007	677410.9125
30089	981554.5875
44003	2294902.275
27171	12207221.1375
20129	1105977
36003	1949284.4625
9013	5170442.475
48169	27649.425
19105	1603666.65
13035	179721.2625
35051	2059882.1625
35061	8087456.8125
5049	2142830.4375
22121	9967617.7125
27133	2364025.8375
37039	1437770.1
5033	0
31085	82948.275
54099	0
29131	1119801.7125
27127	1299522.975
41051	10700327.475
38071	0
48463	5529885
39009	9787896.45
51760	0
48233	7755663.7125
47113	18290094.6375
17115	2474623.5375
21147	0
12065	1161275.85
19023	1188925.275
51730	0
22029	2764942.5
38011	304143.675
26159	4271836.1625
39059	2059882.1625
27143	2046057.45
4001	7368571.7625
37143	1465419.525
35005	20419100.3625
48295	912431.025
48407	359442.525
40113	732709.7625
28145	3221158.0125
19113	55630643.1
45069	4022991.3375
53053	66953082.6375
39025	17004396.375
31091	317968.3875
20177	1949284.4625
45017	1050678.15
13205	5668132.125
31127	1244224.125
51840	0
24047	10838574.6
19135	0
29051	5585183.85
4017	18552764.175
6019	247393230.1875
48365	4603629.2625
45091	1064502.8625
34035	5267215.4625
44005	13824.7125
5095	1838686.7625
1051	5115143.625
29117	2585221.2375
51820	3483827.55
22103	29183968.0875
17053	2046057.45
39093	0
26029	2073706.875
22023	2377850.55
54039	13824.7125
46083	3635899.3875
34003	28769226.7125
19123	3359405.1375
31155	74860818.1875
26055	3207333.3
6085	125003050.425
45059	13824.7125
36035	359442.525
47145	1451594.8125
13317	82948.275
55141	6234945.3375
24029	1506893.6625
19171	3857094.7875
20119	1064502.8625
17173	1451594.8125
47121	1050678.15
29067	649761.4875
46057	235020.1125
24033	3055261.4625
31163	387091.95
31015	235020.1125
1131	1576017.225
27151	1202749.9875
21177	0
48411	193545.975
47017	3317931
29003	26045758.35
51113	82948.275
8083	138247.125
22053	6677336.1375
30007	1423945.3875
35059	691235.625
23029	1852511.475
18009	1202749.9875
41027	663586.2
29021	0
48313	2751117.7875
8073	317968.3875
26149	4603629.2625
36011	967729.875
13285	0
6081	8018333.25
38013	566813.2125
54037	967729.875
48297	27649.425
29151	843307.4625
37167	138247.125
46005	857132.175
6027	7880086.125
47005	193545.975
47013	940080.45
54051	4064465.475
55007	594462.6375
32013	5128968.3375
21205	0
48345	304143.675
17119	19589617.6125
33017	6469965.45
8075	4119764.325
17101	1714264.35
19049	3552951.1125
1091	3442353.4125
53009	8626620.6
1117	18317744.0625
27097	2917014.3375
29083	359442.525
13253	801833.325
37163	3525301.6875
25015	8916939.5625
18149	898606.3125
22051	0
17137	96772.9875
49049	110625349.425
18051	2820241.35
21137	0
51005	0
21053	0
36073	0
48429	0
55099	1368646.5375
29013	0
46011	6857057.4
13165	483864.9375
18181	1479244.2375
20055	10216462.5375
41007	304143.675
20203	497689.65
12021	65971528.05
38073	1852511.475
48265	3414703.9875
37091	3124385.025
19007	1078327.575
19177	0
20019	27649.425
31027	1119801.7125
12067	235020.1125
29055	1838686.7625
46071	400916.6625
13191	1479244.2375
48123	3152034.45
19109	1811037.3375
29103	0
41009	1797212.625
37069	152071.8375
28137	2543747.1
42083	3193508.5875
39011	8350126.35
38021	1119801.7125
5037	3635899.3875
55095	2806416.6375
30027	1562192.5125
51690	0
12115	24124123.3125
40079	221195.4
12086	468809825.5875
17181	1686614.925
29159	2764942.5
29039	1216574.7
13225	3635899.3875
35043	19354597.5
36103	179320345.8375
55137	732709.7625
56011	1506893.6625
29047	41805930.6
13119	857132.175
48067	1423945.3875
10003	27483528.45
53073	9234907.95
51520	0
6049	1755738.4875
30011	55298.85
53065	11004471.15
22045	13921485.4875
26143	317968.3875
39091	3608249.9625
49029	2004583.3125
22117	19714040.025
1015	28796876.1375
55125	635936.775
19137	2018408.025
18005	11280965.4
30025	414741.375
36051	1548367.8
19087	2944663.7625
17067	442390.8
13319	926255.7375
29141	1009204.0125
47117	235020.1125
18021	387091.95
37073	1313347.6875
55121	3414703.9875
19039	1714264.35
16029	1976933.8875
26043	3234982.725
34023	41405013.9375
56001	3884744.2125
19003	0
8003	2377850.55
12051	6345543.0375
31041	2502272.9625
49011	25050379.05
22033	103851240.3
27163	26819942.25
48361	7161201.075
17145	82948.275
48219	857132.175
28089	17681807.2875
55085	2640520.0875
37019	0
42097	193545.975
37171	2917014.3375
5051	0
29045	857132.175
22099	6608212.575
47029	0
17075	2986137.9
37177	539163.7875
51770	6718810.275
42045	27649.425
21101	0
13099	1852511.475
30043	1617491.3625
42015	4437732.7125
21037	13824.7125
41067	1105977
21203	0
28091	4603629.2625
40063	539163.7875
40091	304143.675
29203	746534.475
40049	1078327.575
54061	0
17161	3276456.8625
41045	2018408.025
29071	10299410.8125
19077	1576017.225
48207	124422.4125
33007	1797212.625
4009	6317893.6125
42117	2018408.025
46033	677410.9125
13049	870956.8875
37067	414741.375
51800	8778692.4375
51159	248844.825
6045	8198054.5125
39145	4838649.375
55078	483864.9375
47171	2474623.5375
47057	0
13107	2308726.9875
28051	3373229.85
51045	96772.9875
40121	69123.5625
4019	224900422.95
51595	0
51640	0
29123	248844.825
18097	49340398.9125
47107	2502272.9625
13267	1548367.8
5005	691235.625
29043	8308652.2125
51570	0
36071	12331643.55
26047	4534505.7
47129	0
21185	5834028.675
4005	17225591.775
48127	2336376.4125
39063	290318.9625
27059	1921635.0375
29221	1023028.725
54109	594462.6375
46055	0
35045	470040.225
17189	0
28105	7396221.1875
48231	1064502.8625
47059	0
28059	13409971.125
30021	843307.4625
19147	1285698.2625
29037	0
24005	179721.2625
19041	3290281.575
29510	0
37129	6580563.15
12003	1258048.8375
51740	0
55025	60925507.9875
47089	6331718.325
8057	193545.975
26087	428566.0875
37075	55298.85
28149	11474511.375
5041	1479244.2375
40125	1147451.1375
55069	1645140.7875
13239	193545.975
13033	1368646.5375
54007	0
48425	622112.0625
53075	7769488.425
51025	13824.7125
19071	843307.4625
48075	0
27081	1534543.0875
22071	0
29187	7603591.875
54107	8916939.5625
25001	37423496.7375
18161	442390.8
41033	539163.7875
36107	4451557.425
47021	0
29217	6082873.5
16055	31077953.7
26039	843307.4625
13295	7230324.6375
21233	0
39099	69123.5625
21033	0
16045	1188925.275
19167	11446861.95
8067	1576017.225
31149	235020.1125
19191	1728089.0625
48279	2350201.125
29107	649761.4875
5063	953905.1625
20009	3608249.9625
46099	28769226.7125
17183	2004583.3125
48141	86127958.875
21025	0
39047	857132.175
21001	0
23007	1589841.9375
21197	0
13301	27649.425
27031	27649.425
26059	2336376.4125
47077	594462.6375
46003	0
35033	691235.625
19197	1741913.775
46025	1133626.425
55043	4382433.8625
13189	0
6077	60317220.6375
48341	6359367.75
51790	0
28093	3193508.5875
17017	1437770.1
56039	7050603.375
21007	884781.6
28107	4838649.375
21171	0
12043	1271873.55
46127	1340997.1125
18083	5198091.9
26125	30552614.625
27039	1188925.275
27055	1313347.6875
17153	276494.25
13251	1230399.4125
26001	110597.7
8081	414741.375
18045	1437770.1
13113	1354821.825
29215	2267252.85
27073	649761.4875
48101	235020.1125
29089	622112.0625
31119	7009129.2375
27141	6041399.3625
19101	1880160.9
48305	110597.7
51810	0
35009	10133514.2625
48363	0
39109	12290169.4125
38067	1202749.9875
55003	373267.2375
21097	0
12127	72538266.4875
48443	207370.6875
20189	1741913.775
45083	207370.6875
51015	8115106.2375
29061	677410.9125
37151	1645140.7875
48347	6234945.3375
13019	1147451.1375
38087	27649.425
46017	5004545.925
18079	0
31165	96772.9875
28129	4451557.425
5047	0
38003	622112.0625
55065	1202749.9875
28081	5654307.4125
51660	0
26061	4437732.7125
21107	456215.5125
1105	2350201.125
48049	96772.9875
31049	746534.475
16009	262669.5375
48417	0
41019	82948.275
54069	193545.975
48083	0
24025	6912356.25
48001	8073632.1
39137	1866336.1875
19097	1700439.6375
36075	3442353.4125
28055	193545.975
48105	1534543.0875
53031	1755738.4875
53015	1313347.6875
8121	718885.05
20207	0
51035	27649.425
8065	400916.6625
24043	1437770.1
29161	4479206.85
47167	8986063.125
51003	55298.85
29029	5363988.45
20201	1078327.575
20081	953905.1625
1107	3732672.375
28131	1617491.3625
13171	13824.7125
54047	3691198.2375
41005	6497614.875
13133	1506893.6625
28095	5156617.7625
13207	27649.425
23031	4963071.7875
46097	27649.425
17203	3110560.3125
39069	414741.375
13159	566813.2125
30023	3013787.325
48051	2253428.1375
30019	290318.9625
17079	1949284.4625
18095	18718660.725
48027	1783387.9125
29133	2737293.075
1027	0
6089	18580413.6
13043	677410.9125
22003	5903152.2375
18151	1880160.9
39039	525339.075
12117	75994444.6125
47067	0
21187	0
5089	0
31177	608287.35
31075	55298.85
48205	2087531.5875
31179	1023028.725
36047	0
40023	857132.175
34009	18234795.7875
17009	69123.5625
21035	4880123.5125
31135	760359.1875
21169	0
17031	12898456.7625
18035	4437732.7125
6115	13990609.05
21049	0
28133	4672752.825
46109	940080.45
24017	7741839
39015	3926218.35
46091	2792591.925
27157	3234982.725
40139	10313235.525
37023	82948.275
18183	2115181.0125
38023	304143.675
21077	677410.9125
42069	2433149.4
13103	4202712.6
39005	3843270.075
48427	0
6097	21442129.0875
48311	414741.375
9011	2225778.7125
20109	1050678.15
48145	511514.3625
8011	1188925.275
30085	1327172.4
40013	1506893.6625
26003	705060.3375
39057	12677261.3625
39103	3967692.4875
26067	5903152.2375
28123	11350088.9625
22031	1949284.4625
42123	4092114.9
27135	981554.5875
16059	0
53003	6069048.7875
24045	9276382.0875
39081	3622074.675
34013	36552539.85
45009	1976933.8875
17111	27607950.8625
31129	815658.0375
19169	11792479.7625
5081	774183.9
6071	525435847.9875
6011	5626657.9875
17163	1147451.1375
31017	566813.2125
36113	1009204.0125
51191	4354784.4375
19103	13050528.6
22055	35114769.75
21157	5668132.125
48377	1520718.375
30003	649761.4875
42119	594462.6375
18085	5225741.325
5123	6898531.5375
30039	0
39029	3138209.7375
12105	93109438.6875
46013	1188925.275
27109	18373042.9125
5067	2198129.2875
54031	96772.9875
27089	635936.775
47035	13824.7125
8085	317968.3875
8045	2267252.85
48431	0
31025	19036629.1125
13307	179721.2625
55077	165896.55
29033	1410120.675
8099	3622074.675
19015	3345580.425
5069	18165672.225
16073	608287.35
46067	69123.5625
8123	1589841.9375
27011	705060.3375
12031	168855038.475
38103	456215.5125
48019	981554.5875
18101	1023028.725
54013	0
55019	1880160.9
5061	0
21061	0
21189	0
51109	221195.4
12091	29999626.125
51037	152071.8375
13231	400916.6625
20145	1479244.2375
39097	2861715.4875
13105	110597.7
17197	50791993.725
51097	13824.7125
19185	0
19047	4465382.1375
48025	1188925.275
38035	1963109.175
13029	3608249.9625
1083	3732672.375
21039	207370.6875
10001	14792442.375
5085	10050565.9875
22089	0
56017	331793.1
50005	995379.3
20175	6774109.125
6029	231992500.4625
55049	1631316.075
42131	1036853.4375
41053	2502272.9625
20191	1658965.5
51167	1147451.1375
26101	2073706.875
35013	51096137.4
46135	55298.85
8111	0
13005	815658.0375
37157	5778729.825
26141	705060.3375
38017	3801795.9375
33009	3497652.2625
21133	525339.075
23023	331793.1
40115	3511476.975
53027	5792554.5375
26073	4050640.7625
48007	235020.1125
23017	3732672.375
40067	815658.0375
39139	8198054.5125
47061	0
4012	4188887.8875
47011	3635899.3875
1017	0
26165	3649724.1
20075	1023028.725
21165	0
51610	0
49057	33317557.125
51115	0
47103	2806416.6375
13281	248844.825
31169	1092152.2875
27071	138247.125
32029	552988.5
29149	1188925.275
18037	0
39133	11087419.425
31103	82948.275
37087	82948.275
21151	0
49035	99441157.0125
32009	124422.4125
36019	2294902.275
17175	774183.9
28163	7078252.8
6033	5059844.775
18125	1714264.35
29121	0
55033	3276456.8625
29177	3276456.8625
16007	1617491.3625
38029	331793.1
29145	3069086.175
40123	1562192.5125
29175	0
1003	31755364.6125
48223	1506893.6625
55041	414741.375
5139	7382396.475
17193	1534543.0875
45039	235020.1125
48195	1202749.9875
1033	788008.6125
51179	0
50027	4645103.4
8049	1368646.5375
42033	1603666.65
36115	1340997.1125
36079	428566.0875
28043	5142793.05
8035	31769189.325
36063	0
48243	2225778.7125
51143	0
49047	9843195.3
51195	262669.5375
34039	14681844.675
18055	4078290.1875
13077	511514.3625
56009	2806416.6375
28087	12221045.85
30075	110597.7
51027	0
51137	27649.425
12005	2737293.075
16051	3373229.85
36089	2101356.3
19031	1672790.2125
21143	193545.975
51133	193545.975
19189	1202749.9875
17091	2391675.2625
5035	9248732.6625
13017	4479206.85
13095	9179609.1
27005	2032232.7375
40001	0
31009	41474.1375
48467	2751117.7875
48499	5557534.425
48273	207370.6875
48175	0
28113	7769488.425
55101	3760321.8
20187	677410.9125
42091	23709381.9375
46107	0
13293	663586.2
11001	0
42059	0
24001	400916.6625
5083	0
26105	221195.4
48237	41474.1375
51075	152071.8375
47187	165896.55
28119	1230399.4125
13163	1838686.7625
20021	1907810.325
49031	2294902.275
18143	0
42113	248844.825
51043	138247.125
51161	2101356.3
21015	55298.85
55045	3400879.275
20099	0
22081	912431.025
51169	13824.7125
38031	442390.8
27105	4562155.125
29205	0
48235	138247.125
17063	5004545.925
31055	21386830.2375
8029	2695818.9375
40147	0
5009	1244224.125
27067	6525264.3
29135	2364025.8375
48479	46921074.225
34027	58907099.9625
22005	4175063.175
22035	1783387.9125
31071	317968.3875
26011	13824.7125
55067	1437770.1
42003	1202749.9875
26113	483864.9375
54035	1244224.125
47179	4714226.9625
35007	1050678.15
12029	926255.7375
38093	4327135.0125
6091	801833.325
17159	27649.425
21045	0
20167	110597.7
21167	0
27115	1202749.9875
31171	207370.6875
27167	414741.375
53057	1009204.0125
40025	705060.3375
26127	1534543.0875
47047	2764942.5
48133	0
26083	41474.1375
19187	9995267.1375
48071	2502272.9625
55063	18732485.4375
29007	2764942.5
48143	2820241.35
8051	2405499.975
35019	981554.5875
50013	0
27049	4216537.3125
30091	414741.375
30081	3152034.45
12063	3511476.975
1121	13161126.3
56023	4327135.0125
47053	7257974.0625
31061	870956.8875
12001	36372818.5875
5125	6221120.625
39035	0
46121	207370.6875
12017	19271649.225
13215	0
16017	400916.6625
26107	1935459.75
26027	2294902.275
20029	1230399.4125
51105	622112.0625
6035	10036741.275
40083	1838686.7625
21229	0
20083	276494.25
48177	13479094.6875
27035	4589804.55
48039	27870620.4
20053	857132.175
17019	34838275.5
48277	13824.7125
16063	1188925.275
55123	1465419.525
19059	69123.5625
18043	1728089.0625
1087	1327172.4
18139	1700439.6375
20013	870956.8875
38079	1976933.8875
19065	1686614.925
28097	2059882.1625
55061	1105977
23011	4285660.875
1097	21787746.9
48497	1064502.8625
48035	2792591.925
54017	0
46129	345617.8125
48147	3912393.6375
51089	41474.1375
31003	1119801.7125
20057	9594350.475
18133	6027574.65
13089	0
45041	19520494.05
40029	55298.85
46053	497689.65
40059	1299522.975
48309	10064390.7
45085	20681769.9
29077	7009129.2375
26121	2917014.3375
39007	746534.475
47033	2018408.025
40093	8460724.05
48465	11087419.425
48389	1658965.5
40107	497689.65
40071	11543634.9375
55131	10492956.7875
37165	4202712.6
18123	525339.075
6015	3774146.5125
38059	0
27161	2336376.4125
49033	1935459.75
13255	110597.7
20131	1880160.9
49043	16091965.35
16043	3373229.85
48405	193545.975
12057	90897484.6875
48283	1741913.775
42073	387091.95
36017	2350201.125
48125	165896.55
28069	1921635.0375
54053	4022991.3375
54095	69123.5625
19181	1465419.525
13227	1023028.725
5043	4340959.725
48395	3539126.4
39089	5681956.8375
48269	235020.1125
29185	276494.25
48381	6760284.4125
16031	5184267.1875
10005	19603442.325
37077	55298.85
36111	2972313.1875
19021	5377813.1625
17041	1023028.725
22111	4907772.9375
21211	0
53069	110597.7
1007	6760284.4125
21183	96772.9875
42011	16686427.9875
51101	732709.7625
37015	14916864.7875
42007	12055149.3
27063	843307.4625
5117	1064502.8625
13237	746534.475
28005	1548367.8
6037	827215497.15
13187	539163.7875
23015	207370.6875
29197	0
17071	7562117.7375
21021	0
20101	428566.0875
26139	442390.8
53021	4741876.3875
42053	511514.3625
54067	0
22115	9428453.925
51083	55298.85
22041	2820241.35
51009	0
27159	967729.875
20015	138247.125
26025	17529735.45
40037	1714264.35
23005	5585183.85
51073	317968.3875
47039	0
26045	3608249.9625
17185	2446974.1125
51515	0
54005	13824.7125
6063	4078290.1875
48441	0
5113	0
18013	0
26093	9027537.2625
13013	69123.5625
47069	3055261.4625
29155	4036816.05
53011	55713591.375
17007	5211916.6125
54055	165896.55
31069	428566.0875
31007	27649.425
18167	12552838.95
13179	9414629.2125
51091	138247.125
8095	1188925.275
18049	1728089.0625
48475	6718810.275
20151	1921635.0375
21121	0
12101	91395174.3375
53045	5792554.5375
8119	1741913.775
28121	22990496.8875
30095	539163.7875
48321	3234982.725
41001	663586.2
29027	5322514.3125
47181	387091.95
31081	1548367.8
39157	22354560.1125
41063	732709.7625
36061	0
22063	16257861.9
27139	13230249.8625
39151	35322140.4375
28057	815658.0375
51067	400916.6625
22011	6304068.9
22065	2806416.6375
9005	3898568.925
55015	3041436.75
53063	163352802.9
12129	3345580.425
48477	953905.1625
29181	1078327.575
24027	13824.7125
13247	345617.8125
48111	2737293.075
6003	110597.7
12023	5115143.625
21069	1769563.2
48093	0
17051	815658.0375
37173	55298.85
27007	2018408.025
5135	1078327.575
26053	1949284.4625
13269	1050678.15
48021	4700402.25
42009	1423945.3875
9007	3442353.4125
19091	1202749.9875
20095	1327172.4
46037	110597.7
53029	4976896.5
48289	2529922.3875
37027	179721.2625
46061	0
20043	331793.1
13213	1050678.15
1043	663586.2
26079	539163.7875
21179	0
51131	442390.8
45027	2903189.625
20197	317968.3875
46119	0
13229	1023028.725
17199	165896.55
46085	0
41029	829482.75
8025	1216574.7
36053	580637.925
24009	3732672.375
37045	138247.125
13011	179721.2625
12103	21967468.1625
48045	110597.7
30087	967729.875
17107	4036816.05
51099	843307.4625
56035	1313347.6875
13023	622112.0625
35053	2834066.0625
25021	39815172
47105	788008.6125
40069	870956.8875
37059	0
38041	0
28153	3483827.55
47041	96772.9875
40077	0
20007	953905.1625
51710	0
6055	1410120.675
46021	0
42085	2778767.2125
47173	1023028.725
37081	1340997.1125
21071	345617.8125
46015	0
36025	2502272.9625
51081	27649.425
47175	0
38039	594462.6375
51019	110597.7
5015	1105977
31087	566813.2125
48307	1700439.6375
36039	663586.2
26031	1299522.975
44007	5585183.85
24015	2225778.7125
51187	96772.9875
47003	276494.25
55117	4119764.325
41035	12442241.25
24023	1147451.1375
21163	1036853.4375
13181	82948.275
1093	967729.875
48437	331793.1
47123	1078327.575
28085	5198091.9
41017	31105603.125
12131	14681844.675
8105	1479244.2375
48485	1410120.675
29137	0
13299	5377813.1625
5059	41474.1375
31153	35709232.3875
17025	13824.7125
48369	1520718.375
38051	345617.8125
13243	801833.325
18063	5004545.925
31045	926255.7375
19001	801833.325
13275	7603591.875
12133	1534543.0875
46073	0
29025	165896.55
41049	1589841.9375
50019	2004583.3125
6065	428621386.35
21083	3718847.6625
39021	3608249.9625
29211	0
18061	3760321.8
21175	0
31073	428566.0875
46049	0
29049	0
19019	1645140.7875
28147	3663548.8125
27117	2668169.5125
28141	3746497.0875
39115	1064502.8625
21213	0
8043	0
17099	13506744.1125
46079	1078327.575
18001	3649724.1
13297	69123.5625
54033	13824.7125
31173	884781.6
47153	0
1069	23211692.2875
51059	41474.1375
33013	5101318.9125
13003	608287.35
13279	4050640.7625
51041	0
21111	22575755.5125
39037	1963109.175
37083	82948.275
18121	1299522.975
6039	29667833.025
48253	0
37013	5516060.2875
20025	511514.3625
54009	2101356.3
47001	304143.675
34001	44501749.5375
48393	18801609
1045	9469928.0625
30071	760359.1875
19025	1520718.375
29065	1092152.2875
42051	2142830.4375
6095	14184155.025
48029	311056031.25
28061	4271836.1625
20063	400916.6625
48317	82948.275
17005	82948.275
30061	400916.6625
42067	566813.2125
42065	843307.4625
48261	82948.275
48091	10105864.8375
17165	0
31053	1368646.5375
35055	2585221.2375
26115	82948.275
22025	2571396.525
6001	31008830.1375
28063	1092152.2875
12109	18649537.1625
18127	5516060.2875
48163	2917014.3375
38099	221195.4
31107	1064502.8625
17081	0
40061	0
39153	11695706.775
37183	9234907.95
1023	1880160.9
30073	400916.6625
48087	746534.475
21051	0
12093	898606.3125
26133	3082910.8875
45065	0
48355	27649.425
39113	115118380.9875
17061	1340997.1125
55079	152071.8375
48121	12165747
24013	4050640.7625
39169	11225666.55
48065	28340660.625
36097	539163.7875
56029	262669.5375
51670	0
13167	788008.6125
25023	40271387.5125
28065	2267252.85
47051	2861715.4875
38091	221195.4
25025	0
17015	1534543.0875
40095	635936.775
45045	179721.2625
21109	0
18033	4147413.75
4023	8225703.9375
54003	7728014.2875
13219	511514.3625
34005	39635450.7375
49051	11377738.3875
19149	4907772.9375
46081	2999962.6125
47025	345617.8125
37111	843307.4625
37095	1299522.975
36027	8944588.9875
45055	1728089.0625
40009	6373192.4625
48057	331793.1
55087	9774071.7375
5133	400916.6625
30029	11903077.4625
39141	11446861.95
17089	49921036.8375
39159	1271873.55
51007	0
29199	0
8113	622112.0625
48447	0
26109	179721.2625
53039	4824824.6625
51011	290318.9625
38069	981554.5875
31035	1686614.925
18011	2460798.825
40153	9165784.3875
12083	41308240.95
38075	27649.425
48373	2460798.825
6031	34008792.75
17013	608287.35
13259	705060.3375
48259	2267252.85
13157	456215.5125
20205	0
8031	0
41061	5751080.4
21239	0
53043	2834066.0625
21011	0
46023	13824.7125
17043	9801721.1625
48047	1935459.75
27137	5681956.8375
37199	110597.7
12107	3539126.4
22049	2294902.275
18039	18359218.2
48059	179721.2625
53059	884781.6
37141	2322551.7
39001	3069086.175
31093	760359.1875
17105	2405499.975
40039	4313310.3
16041	3055261.4625
46041	41474.1375
29115	179721.2625
48359	414741.375
24037	4658928.1125
31141	8018333.25
12055	10741801.6125
35006	3635899.3875
48211	746534.475
5111	3953867.775
36057	304143.675
29085	470040.225
18073	1368646.5375
28033	19313123.3625
27131	7396221.1875
36085	0
54089	0
31109	1285698.2625
34021	16520531.4375
46101	3456178.125
17147	1811037.3375
19151	829482.75
19157	2198129.2875
48247	0
13123	82948.275
4011	2460798.825
39135	3400879.275
31143	774183.9
13081	5626657.9875
20163	940080.45
18179	2834066.0625
31157	10327060.2375
1019	3497652.2625
25019	2419324.6875
31043	4271836.1625
13263	262669.5375
39095	387091.95
46103	16465232.5875
40021	27649.425
42081	6649686.7125
48293	221195.4
1079	0
1063	1520718.375
51678	0
20147	1728089.0625
5099	124422.4125
20195	801833.325
13131	2336376.4125
41065	3428528.7
51063	13824.7125
28135	1893985.6125
19083	1949284.4625
9003	28658629.0125
47023	1271873.55
51650	0
30105	359442.525
29171	0
28159	3207333.3
30005	608287.35
46047	815658.0375
48343	400916.6625
27083	4741876.3875
53001	7824787.275
21181	0
37035	4036816.05
13305	2433149.4
31101	1617491.3625
5053	2032232.7375
48285	1811037.3375
45057	0
29127	622112.0625
19085	1354821.825
1005	5737255.6875
31125	635936.775
27033	2364025.8375
48081	27649.425
39127	262669.5375
33001	1658965.5
36083	829482.75
26099	1631316.075
12011	319903847.25
48173	0
19055	1271873.55
56031	1714264.35
38025	207370.6875
49015	1271873.55
41023	815658.0375
13283	622112.0625
47169	0
42087	179721.2625
48155	13824.7125
28021	2032232.7375
20059	96772.9875
41055	414741.375
49007	4216537.3125
31039	2142830.4375
32019	11087419.425
6079	30414367.5
35021	82948.275
36091	10990646.4375
20037	5211916.6125
6103	13271724
34025	26266953.75
45061	3234982.725
17039	1728089.0625
37193	82948.275
39107	2211954
37197	304143.675
54075	262669.5375
18155	1714264.35
37025	1437770.1
18093	2170479.8625
21117	0
24003	49133028.225
40031	3124385.025
48077	96772.9875
5031	21110335.9875
5019	82948.275
4013	309562962.3
37021	1368646.5375
47055	193545.975
18157	19921410.7125
1061	2764942.5
31037	1479244.2375
51193	1354821.825
54043	0
13111	193545.975
40151	2599045.95
21237	0
47083	221195.4
5097	0
5017	2502272.9625
42111	4534505.7
51029	0
17059	5820203.9625
51680	0
37113	428566.0875
17011	4340959.725
18153	1783387.9125
51013	0
6051	2004583.3125
32015	1340997.1125
27101	691235.625
48491	16727902.125
51155	0
27077	221195.4
56019	138247.125
16027	17709456.7125
51700	3187342.12035775
49045	20101131.975
48451	1686614.925
29015	1368646.5375
34011	23571134.8125
55107	608287.35
37119	1520718.375
31001	9926143.575
20069	1562192.5125
42093	55298.85
40043	276494.25
26155	3691198.2375
48217	1078327.575
20071	359442.525
1077	1576017.225
27107	539163.7875
17021	2668169.5125
48107	235020.1125
17113	8488373.475
47125	4949247.075
6057	6884706.825
48023	870956.8875
19075	995379.3
54011	0
20011	0
38089	0
13147	221195.4
33011	9787896.45
39013	8460724.05
38055	13824.7125
40103	152071.8375
27029	317968.3875
28077	2419324.6875
42023	0
26075	14363876.2875
51107	1354821.825
13217	207370.6875
38001	0
39147	843307.4625
31159	1631316.075
40145	0
18019	30538789.9125
28011	4188887.8875
20105	290318.9625
36005	0
32021	1976933.8875
42029	9953793
1065	2364025.8375
19005	1327172.4
51177	414741.375
22015	2972313.1875
12009	22561930.8
22069	1230399.4125
36067	1437770.1
8087	2917014.3375
55093	1852511.475
13195	732709.7625
13115	774183.9
26069	13824.7125
28151	16907623.3875
31139	1382471.25
13291	1396295.9625
31115	0
21029	0
29023	1783387.9125
12069	56059209.1875
5045	3787971.225
45005	1576017.225
8071	539163.7875
8013	276494.25
36065	1741913.775
46117	0
29097	11626583.2125
48333	0
41039	20018183.7
49009	1023028.725
36101	6967655.1
13087	2032232.7375
8063	1921635.0375
28023	1880160.9
48199	1755738.4875
47009	27649.425
37135	483864.9375
19133	1506893.6625
30031	7658890.725
22037	4147413.75
31031	1092152.2875
20161	4271836.1625
56045	2294902.275
54001	0
35001	80155683.075
42077	33082537.0125
46077	3373229.85
47075	2460798.825
36069	1009204.0125
12125	525339.075
19009	497689.65
13223	179721.2625
13153	32958114.6
29223	691235.625
26123	3207333.3
5075	1589841.9375
5077	2391675.2625
12059	1548367.8
12027	2419324.6875
55023	2184304.575
5119	5142793.05
30097	705060.3375
27027	1880160.9
6067	161362044.3
45011	2930839.05
8041	16589655
13031	6870882.1125
35011	483864.9375
47063	2308726.9875
48153	304143.675
46065	3082910.8875
21003	0
42027	25478945.1375
36037	2391675.2625
39045	13161126.3
17155	580637.925
18165	1852511.475
19119	4092114.9
21075	1658965.5
20139	13824.7125
31185	2267252.85
26081	10824749.8875
53067	30331419.225
19099	7672715.4375
19125	3898568.925
30045	124422.4125
47071	3331755.7125
17143	21856870.4625
22027	3027612.0375
36087	23018146.3125
41015	3456178.125
27023	1728089.0625
40143	0
48319	718885.05
47073	2364025.8375
45087	0
26041	138247.125
21063	290318.9625
17135	774183.9
45047	96772.9875
13093	3248807.4375
19107	1880160.9
37169	414741.375
8005	42497166.225
8037	6082873.5
38043	124422.4125
37101	1741913.775
30051	276494.25
17037	10990646.4375
37089	400916.6625
29063	27649.425
51061	2059882.1625
46089	0
26147	566813.2125
48201	265033563.3375
20079	19990534.275
55035	11446861.95
51590	0
8053	843307.4625
48013	7852436.7
48119	1811037.3375
17151	0
49019	4575979.8375
20181	1797212.625
18135	3041436.75
46113	13824.7125
5021	2322551.7
49013	3373229.85
55027	7852436.7
19163	2364025.8375
17171	7271798.775
1095	6013749.9375
48455	1023028.725
29113	3622074.675
51135	0
39055	1949284.4625
17077	82948.275
17103	5612833.275
48339	81289309.5
47093	0
13101	82948.275
48103	1396295.9625
45015	304143.675
38019	0
56041	539163.7875
18175	193545.975
20155	12552838.95
48469	677410.9125
48117	5709606.2625
45001	27649.425
22105	20170255.5375
48069	1313347.6875
17087	96772.9875
4003	21704798.625
13121	0
28037	1285698.2625
42129	815658.0375
17117	0
51057	511514.3625
28139	4548330.4125
6075	2073706.875
37065	3746497.0875
8101	870956.8875
48387	1147451.1375
31059	1520718.375
48303	21566551.5
48033	69123.5625
22085	1728089.0625
53035	18594238.3125
37105	138247.125
27075	0
39065	3594425.25
55081	3262632.15
54071	400916.6625
51141	0
16083	21386830.2375
8103	1078327.575
21215	0
34031	7769488.425
48449	27649.425
46105	152071.8375
40005	110597.7
55133	26515798.575
13311	1271873.55
48073	7534468.3125
27121	649761.4875
22077	5640482.7
38083	13824.7125
16087	138247.125
8015	2322551.7
54049	96772.9875
54091	0
26033	1410120.675
21017	0
37185	69123.5625
20067	2156655.15
17179	20972088.8625
50021	2308726.9875
55001	1161275.85
40075	1451594.8125
22001	8045982.675
51047	221195.4
8047	55298.85
41069	138247.125
31047	9483752.775
31019	9774071.7375
22007	0
48053	1258048.8375
40097	82948.275
6021	5999925.225
48503	13824.7125
48419	1202749.9875
5057	3276456.8625
19155	20142606.1125
16049	1672790.2125
42025	3981517.2
5013	774183.9
21199	0
6101	4092114.9
27001	373267.2375
1031	10506781.5
4007	8557497.0375
29059	594462.6375
19093	594462.6375
21207	0
48349	0
28015	1147451.1375
26023	3857094.7875
39049	25810738.2375
40033	387091.95
21005	0
31181	511514.3625
21085	0
51157	55298.85
8017	387091.95
29091	4714226.9625
13061	387091.95
39023	23377588.8375
48037	110597.7
48157	65390890.125
55097	11847778.6125
30041	608287.35
1021	4230362.025
16057	7838611.9875
37181	69123.5625
39105	2585221.2375
8097	566813.2125
40137	1493068.95
56013	2695818.9375
22057	0
22061	10645028.625
13021	179721.2625
31121	2059882.1625
19051	0
19095	1658965.5
18091	4617453.975
28111	2059882.1625
22127	1824862.05
48079	594462.6375
23019	5502235.575
18027	5612833.275
40101	705060.3375
5137	387091.95
51199	-1873994.43285775
48391	580637.925
19069	926255.7375
47131	7382396.475
8061	345617.8125
5103	1603666.65
42063	373267.2375
20111	0
41025	2737293.075
22073	16423758.45
48409	1658965.5
51147	0
16085	1382471.25
29099	9331680.9375
1101	19243999.8
29209	2889364.9125
53061	10492956.7875
12007	2239603.425
45049	2156655.15
30055	165896.55
20033	511514.3625
33005	3912393.6375
13183	829482.75
48481	2737293.075
19193	22921373.325
48487	3525301.6875
26089	539163.7875
49027	4852474.0875
48337	373267.2375
54019	1133626.425
51053	0
17029	718885.05
31077	317968.3875
1067	2502272.9625
5001	6677336.1375
48097	4949247.075
5029	0
42099	1078327.575
1111	0
48335	1686614.925
21221	41474.1375
28053	4327135.0125
27125	940080.45
48109	1064502.8625
42107	6317893.6125
6007	39400430.625
21217	0
38105	870956.8875
17045	1576017.225
40035	400916.6625
47085	1866336.1875
28009	635936.775
13045	677410.9125
29169	4147413.75
51683	0
18017	4631278.6875
50017	1175100.5625
21023	1327172.4
21201	0
48505	0
48367	3774146.5125
35039	2267252.85
39079	1023028.725
55059	359442.525
39121	0
54027	221195.4
22079	35764531.2375
37001	276494.25
47161	705060.3375
18031	1368646.5375
5023	0
30107	456215.5125
16025	69123.5625
18089	5834028.675
51540	0
13143	124422.4125
27087	304143.675
42133	6165821.775
48379	691235.625
20185	552988.5
54077	1105977
40065	221195.4
31013	2488448.25
39003	470040.225
6047	67326349.875
40127	27649.425
12087	0
51510	0
36093	30829108.875
27145	10202637.825
29227	27649.425
18171	788008.6125
41011	622112.0625
29111	497689.65
24019	3483827.55
8021	3110560.3125
18169	4562155.125
46115	331793.1
55111	9760247.025
5093	9939968.2875
51069	1907810.325
42049	5211916.6125
38033	13824.7125
48191	110597.7
5145	55298.85
20085	511514.3625
29011	1755738.4875
8091	511514.3625
48215	10672678.05
21089	829482.75
16023	483864.9375
18029	6165821.775
49023	6870882.1125
16075	3096735.6
28117	4880123.5125
46087	1064502.8625
6013	11350088.9625
21161	953905.1625
20165	857132.175
21043	0
55089	5999925.225
49005	45773623.0875
51031	718885.05
48351	1617491.3625
49003	21967468.1625
24035	2087531.5875
36031	1078327.575
51077	248844.825
49017	1188925.275
36121	926255.7375
42079	5916976.95
31029	1023028.725
12061	20432925.075
48209	10893873.45
48301	0
46051	138247.125
37079	2529922.3875
27017	2198129.2875
48299	317968.3875
55039	10133514.2625
48099	1230399.4125
48315	373267.2375
48003	3290281.575
20001	0
51165	7423870.6125
13271	2004583.3125
51021	55298.85
30079	0
41059	14004433.7625
47079	3483827.55
48291	6829407.975
20077	1271873.55
55075	1023028.725
31145	3110560.3125
42035	1119801.7125
31089	2405499.975
16037	1036853.4375
29157	1078327.575
42005	940080.45
38057	1161275.85
20171	1230399.4125
20117	1658965.5
20149	8875465.425
53047	6691160.85
6107	104915743.1625
5129	1811037.3375
40047	6594387.8625
48149	2156655.15
29109	4119764.325
13149	96772.9875
37041	1935459.75
21225	0
40051	2889364.9125
39033	0
27111	3400879.275
31117	0
12071	80100384.225
29219	2861715.4875
40019	1382471.25
42121	6898531.5375
13313	0
35041	3566775.825
48161	2737293.075
1011	3179683.875
16021	290318.9625
16035	497689.65
31033	3594425.25
8125	1811037.3375
53071	10548255.6375
37061	7299448.2
16079	981554.5875
30103	0
17123	2239603.425
55129	815658.0375
16019	39524853.0375
53049	981554.5875
29143	6082873.5
37047	3580600.5375
49053	41183818.5375
13073	179721.2625
51580	0
48423	11668057.35
48159	27649.425
19057	9456103.35
13037	718885.05
29073	1050678.15
8059	649761.4875
50023	857132.175
13315	373267.2375
5091	138247.125
48187	6096698.2125
5065	1285698.2625
51051	0
1099	3663548.8125
51049	13824.7125
48271	1161275.85
24041	3525301.6875
27043	1562192.5125
55031	13824.7125
45031	9165784.3875
16067	3345580.425
29153	345617.8125
12049	2046057.45
39173	470040.225
12045	815658.0375
12013	926255.7375
29005	663586.2
31079	18760134.8625
13261	3746497.0875
19159	0
40027	19216350.375
20137	663586.2
18065	4092114.9
30099	1534543.0875
17131	1327172.4
31067	6331718.325
22039	8903114.85
28035	17654157.8625
1113	2046057.45
30093	41474.1375
38085	41474.1375
16053	3622074.675
48221	6096698.2125
18163	0
51183	898606.3125
6093	5626657.9875
21123	0
21159	0
37115	635936.775
12099	275346798.8625
4025	31617117.4875
39155	732709.7625
8023	608287.35
37159	594462.6375
39031	8654270.025
26085	387091.95
17177	5128968.3375
35028	4990721.2125
39067	304143.675
42039	7147376.3625
18147	2820241.35
21173	0
56033	0
36055	718885.05
51720	0
18105	0
12079	1921635.0375
48329	1202749.9875
18111	857132.175
31005	0
42125	96772.9875
6041	1299522.975
1119	2516097.675
17129	1161275.85
51560	0
48179	1271873.55
21231	0
16033	248844.825
31051	1064502.8625
48165	2875540.2
22097	14847741.225
47027	0
13273	2198129.2875
30067	3317931
20179	608287.35
56021	5695781.55
36081	0
42071	18455991.1875
20073	0
46031	0
26117	4728051.675
28039	1907810.325
17201	41446488.075
20141	608287.35
17003	1465419.525
27155	276494.25
48183	2184304.575
34007	63966944.7375
51181	165896.55
31097	1258048.8375
48433	0
1081	1520718.375
29075	428566.0875
42061	1631316.075
42019	1893985.6125
29165	3732672.375
13211	276494.25
40085	1423945.3875
37063	400916.6625
30047	2889364.9125
39073	1963109.175
30001	2585221.2375
37029	1202749.9875
27057	940080.45
19089	635936.775
48493	7092077.5125
31021	1340997.1125
35003	193545.975
19117	0
36117	1368646.5375
48397	0
30015	1023028.725
51121	96772.9875
6099	105192237.4125
22087	0
19011	1935459.75
17085	2723468.3625
28001	6580563.15
51173	4202712.6
37055	10382359.0875
47037	0
6017	8529847.6125
20199	359442.525
21009	0
17093	10603554.4875
54087	0
30057	1244224.125
5027	1852511.475
26151	1838686.7625
26097	0
22123	1907810.325
26019	1036853.4375
21081	0
18023	5944626.375
40149	1617491.3625
51065	221195.4
20041	2377850.55
13083	0
38037	0
42001	3718847.6625
20121	13824.7125
13173	746534.475
51550	6193471.2
12081	14211804.45
34041	10064390.7
5149	0
28013	2267252.85
29163	69123.5625
38053	788008.6125
36043	2875540.2
20049	0
13069	4866298.8
28157	1714264.35
26153	27649.425
27079	3207333.3
51685	0
30009	2405499.975
39149	1631316.075
19153	29571060.0375
37161	442390.8
42103	3912393.6375
37071	2543747.1
24031	470040.225
40087	4368609.15
28049	21870695.175
18077	7921560.2625
48167	304143.675
26161	6248770.05
51085	746534.475
55029	2115181.0125
55135	5889327.525
40045	898606.3125
48331	3705022.95
38095	276494.25
20003	0
16001	70160415.9375
17055	0
1133	0
42101	0
45019	5903152.2375
36013	6953830.3875
38045	13824.7125
13161	1175100.5625
26021	4838649.375
48185	2046057.45
17097	15497502.7125
26037	1658965.5
19127	6511439.5875
26163	0
48015	138247.125
36009	6566738.4375
6005	1686614.925
48009	0
1029	0
55109	6829407.975
25013	11585109.075
5127	0
39131	3234982.725
13197	995379.3
48383	649761.4875
21193	0
36041	608287.35
39175	829482.75
30069	27649.425
12097	48275896.05
32033	2751117.7875
21139	193545.975
48421	663586.2
46035	0
19081	857132.175
26051	566813.2125
47101	2073706.875
35029	5004545.925
8069	539163.7875
13137	1493068.95
18159	1258048.8375
46075	2474623.5375
20107	0
48445	373267.2375
27041	2488448.25
17121	0
17001	2986137.9
37121	124422.4125
48473	3801795.9375
25009	9234907.95
13001	1258048.8375
30101	1493068.95
45071	69123.5625
19173	0
42095	3317931
31113	152071.8375
21093	11433037.2375
39167	12442241.25
12123	2806416.6375
18069	3801795.9375
8115	732709.7625
41071	1963109.175
13265	69123.5625
12111	38017959.375
48131	2004583.3125
36001	7921560.2625
45025	3760321.8
54103	2281077.5625
27129	1437770.1
54023	0
19115	801833.325
19195	414741.375
47139	1396295.9625
27047	4921597.65
51775	1451594.8125
27053	110915668.3875
37017	2681994.225
18131	387091.95
28041	2972313.1875
38065	110597.7
24510	0
39111	1313347.6875
28071	6124347.6375
19043	1119801.7125
34017	0
21119	400916.6625
39043	152071.8375
51735	0
13109	815658.0375
13079	497689.65
29017	304143.675
47141	13824.7125
56007	2917014.3375
21129	0
12035	12027499.875
27009	2681994.225
37123	165896.55
1075	2087531.5875
28067	17170292.925
46045	13824.7125
37009	718885.05
13141	331793.1
39163	276494.25
21055	0
48459	3815620.65
1089	39593976.6
21091	677410.9125
47043	27649.425
41043	1741913.775
13175	2986137.9
1125	2032232.7375
35057	2018408.025
30059	69123.5625
26071	1493068.95
39085	0
40055	1520718.375
19161	1797212.625
20209	3165859.1625
48225	3691198.2375
19061	11571284.3625
47095	1686614.925
18141	30856758.3
37005	677410.9125
51630	0
45067	4465382.1375
28101	4437732.7125
48249	387091.95
42031	483864.9375
39165	23156393.4375
28103	1658965.5
12075	2046057.45
54093	124422.4125
8033	27649.425
36049	497689.65
36023	5239566.0375
51017	304143.675
19079	1921635.0375
1009	3373229.85
13145	580637.925
28075	14336226.8625
19073	995379.3
13209	566813.2125
37011	1728089.0625
8027	248844.825
37117	2129005.725
34015	28478907.75
20091	13230249.8625
20115	373267.2375
12121	1576017.225
51079	0
47045	7147376.3625
45007	55298.85
23001	1451594.8125
18109	15248657.8875
48137	221195.4
53037	7548293.025
54065	138247.125
21103	0
16011	4907772.9375
31123	1188925.275
26131	110597.7
19033	8903114.85
40109	30580264.05
27093	1755738.4875
13139	760359.1875
47115	1271873.55
19129	1299522.975
13309	248844.825
26145	580637.925
26009	1589841.9375
46027	2267252.85
55009	1949284.4625
55013	428566.0875
19183	2018408.025
35049	11198017.125
21087	0
55139	3926218.35
22017	2446974.1125
48043	483864.9375
30013	1769563.2
54079	0
21057	0
20153	428566.0875
53023	870956.8875
13193	1216574.7
28115	4700402.25
41041	1161275.85
55091	525339.075
12077	691235.625
20097	566813.2125
51530	0
47147	0
55053	1092152.2875
5039	1050678.15
16081	1658965.5
50003	1188925.275
27015	1340997.1125
35037	2101356.3
55113	552988.5
5087	0
47097	4175063.175
25007	3497652.2625
26077	11350088.9625
47019	10313235.525
28029	6801758.55
32011	442390.8
29139	788008.6125
27123	24511215.2625
6061	5571359.1375
44009	13962959.625
18047	3456178.125
1039	6843232.6875
21131	0
47185	0
27003	39856646.1375
39101	4050640.7625
45033	5958451.0875
16069	4741876.3875
5011	1824862.05
18099	2999962.6125
48171	3276456.8625
48011	345617.8125
42017	21995117.5875
35031	5087494.2
51036	82948.275
23003	4078290.1875
16039	5253390.75
55103	1797212.625
30063	18469815.9
48375	27649.425
12113	20820017.025
18177	4880123.5125
54029	884781.6
20035	4575979.8375
51127	373267.2375
38101	7824787.275
20045	2004583.3125
48257	1202749.9875
21105	207370.6875
27149	1105977
56005	15276307.3125
22119	7562117.7375
8107	815658.0375
20039	497689.65
34033	5806379.25
38005	96772.9875
28047	30414367.5
53019	649761.4875
19111	3013787.325
47135	0
55073	15649574.55
55017	7520643.6
5147	2599045.95
30065	290318.9625
29079	0
6009	663586.2
37109	96772.9875
26137	1396295.9625
40011	2419324.6875
5109	69123.5625
48357	2502272.9625
56043	2129005.725
51197	456215.5125
20023	705060.3375
45021	165896.55
6069	7548293.025
20157	884781.6
29031	5764905.1125
30017	13824.7125
38077	2516097.675
48453	10686502.7625
18007	622112.0625
4021	73920737.7375
1001	7036778.6625
6053	66607464.825
19139	36994930.65
21153	0
22043	2737293.075
29189	2529922.3875
47091	1838686.7625
12095	266623405.275
55119	801833.325
29183	29667833.025
27103	5847853.3875
32510	14350051.575
1071	926255.7375
45003	19907586
49041	6870882.1125
39087	5543709.7125
21079	0
20127	69123.5625
39041	940080.45
22109	0
54097	0
1047	8156580.375
48005	15760172.25
28099	4479206.85
18113	3649724.1
31147	1437770.1
31105	940080.45
5141	0
51087	0
30077	2046057.45
13233	1866336.1875
17065	0
5105	13824.7125
46093	1672790.2125
32031	26045758.35
29207	4161238.4625
45075	1976933.8875
18145	6981479.8125
54015	0
12089	10244111.9625
54101	0
13025	331793.1
26111	235020.1125
24021	4036816.05
48085	5211916.6125
17073	5709606.2625
18057	39276008.2125
27065	497689.65
18067	7354747.05
18071	6801758.55
21027	2239603.425
55055	8502198.1875
40135	0
40133	2986137.9
49039	5004545.925
13007	165896.55
51171	1963109.175
41021	483864.9375
42043	2737293.075
1025	3110560.3125
47143	1327172.4
46123	1271873.55
47111	2778767.2125
13117	55298.85
5073	1285698.2625
54021	0
45023	0
8089	5903152.2375
56025	10036741.275
29057	539163.7875
5143	0
48151	0
51119	96772.9875
36033	3027612.0375
20135	483864.9375
13051	44280554.1375
29229	1410120.675
36015	5737255.6875
1037	414741.375
13277	7769488.425
12073	42040950.7125
1073	11681882.0625
29179	359442.525
51750	0
31099	1147451.1375
40131	0
29119	2488448.25
46125	2391675.2625
21209	0
48245	13603517.1
20113	6981479.8125
48239	1147451.1375
13155	732709.7625
50007	566813.2125
24011	1589841.9375
28125	691235.625
13063	69123.5625
13289	552988.5
29186	2267252.85
21019	0
5121	152071.8375
1103	0
19165	2308726.9875
29167	2225778.7125
37037	110597.7
33003	3594425.25
55083	1797212.625
48501	1258048.8375
13027	1285698.2625
46043	27649.425
37053	3774146.5125
16065	8004508.5375
39077	235020.1125
17149	1645140.7875
46019	124422.4125
37179	69123.5625
31161	843307.4625
54081	1741913.775
37125	5944626.375
18081	13354672.275
47065	14792442.375
31111	8087456.8125
26135	82948.275
48089	2474623.5375
24039	1824862.05
28073	8281002.7875
51139	2405499.975
1059	1493068.95
22093	0
48193	13824.7125
39143	857132.175
22125	5737255.6875
29125	400916.6625
51125	207370.6875
48281	27649.425
48399	0
54083	428566.0875
51149	414741.375
21113	0
51111	0
48507	3179683.875
48415	165896.55
37155	22437508.3875
13303	3677373.525
29173	0
27147	5695781.55
42057	387091.95
40057	912431.025
21125	0
45035	1645140.7875
27013	8516022.9
48063	2156655.15
37191	9926143.575
18137	110597.7
20065	732709.7625
27021	732709.7625
51153	221195.4
27173	2543747.1
37033	82948.275
41003	235020.1125
26015	2170479.8625
18053	5972275.8
48413	566813.2125
27119	1216574.7
41013	2059882.1625
37099	884781.6
20051	3787971.225
51103	304143.675
30083	1534543.0875
55127	9331680.9375
31137	1935459.75
37049	19561968.1875
19017	2101356.3
13185	23723206.65
22095	5433112.0125
55047	1783387.9125
22091	539163.7875
54057	331793.1
36021	2322551.7
48457	3691198.2375
5107	4382433.8625
19141	3179683.875
17133	497689.65
23009	456215.5125
21095	1133626.425
17141	7105902.225
48401	5834028.675
28127	6483790.1625
48055	1147451.1375
51093	2668169.5125
1055	6483790.1625
21115	0
37043	235020.1125
26063	705060.3375
36099	179721.2625
8007	82948.275
34029	67077505.05
27165	2267252.85
48189	4893948.225
40141	483864.9375
37003	41474.1375
39061	10492956.7875
28045	6511439.5875
37131	3497652.2625
13009	41474.1375
21073	0
6087	18815433.7125
26103	3152034.45
54041	0
40117	622112.0625
35025	16271686.6125
32027	1963109.175
31057	456215.5125
46029	3483827.55
13245	10078215.4125
6083	33165485.2875
37093	4824824.6625
41057	2681994.225
20089	718885.05
29213	6124347.6375
31167	470040.225
26035	1451594.8125
51175	663586.2
12039	6138172.35
36029	1658965.5
22009	5322514.3125
17187	3248807.4375
49037	1230399.4125
48371	5184267.1875
38063	746534.475
53051	1188925.275
48471	4990721.2125
21223	4161238.4625
17169	1175100.5625
28003	8128930.95
38061	414741.375
18103	3539126.4
50011	635936.775
51023	1340997.1125
20031	27649.425
25003	3566775.825
29009	6124347.6375
20143	566813.2125
42109	2142830.4375
42055	8433074.625
47119	1410120.675
6113	38515649.025
18173	4617453.975
6105	345617.8125
18107	4617453.975
29001	0
40105	0
21145	552988.5
46095	27649.425
21059	19091927.9625
18087	1230399.4125
27099	4147413.75
13129	4410083.2875
22113	8833991.2875
48403	290318.9625
21149	0
21047	0
17191	110597.7
45051	7313272.9125
56037	414741.375
36007	9843195.3
48213	5253390.75
13201	373267.2375
13321	1714264.35
13055	1340997.1125
47159	0
1129	2861715.4875
29081	594462.6375
17027	414741.375
29069	4893948.225
20169	5460761.4375
6023	4893948.225
26013	0
48251	3649724.1
28025	3801795.9375
30033	55298.85
38009	898606.3125
53033	85270826.7
45053	1368646.5375
5025	1382471.25
36059	253116661.1625
45043	3511476.975
27095	1216574.7
40003	1893985.6125
6111	66344795.2875
40007	677410.9125
41031	884781.6
29019	21967468.1625
19027	3345580.425
9001	121394800.4625
17157	981554.5875
18025	2377850.55
48255	2723468.3625
21191	0
48197	82948.275
19013	24331494
13135	566813.2125
8039	926255.7375
12041	317968.3875
16061	594462.6375
1057	69123.5625
13065	649761.4875
12119	21925994.025
18075	1686614.925
22019	35570985.2625
20125	0
48483	1230399.4125
48113	649761.4875
5071	0
30049	3995341.9125
27085	4202712.6
27051	442390.8
13169	2294902.275
8109	1258048.8375
48439	7921560.2625
5055	6027574.65
8001	16838499.825
32023	6746459.7
37031	9552876.3375
42105	1327172.4
16071	898606.3125
18041	3013787.325
41047	19078103.25
35047	1230399.4125
22047	2170479.8625
56015	2764942.5
36095	27649.425
23021	829482.75
29035	608287.35
25005	19008979.6875
1035	2336376.4125
42021	3912393.6375
48227	6760284.4125
30111	1327172.4
20093	953905.1625
45081	55298.85
6109	1852511.475
48495	2184304.575
35015	19078103.25
17109	1548367.8
6025	2695818.9375
53077	24497390.55
55105	24400617.5625
51117	248844.825
1049	1119801.7125
36045	1990758.6
13047	0
17035	345617.8125
27091	580637.925
48095	400916.6625
51620	1451594.8125
19145	1216574.7
29093	470040.225
37097	4769525.8125
38081	331793.1
1123	0
17167	1631316.075
32005	14515948.125
13287	179721.2625
55011	705060.3375
53017	6138172.35
21099	0
8079	235020.1125
12019	15386905.0125
40129	967729.875
31063	400916.6625
39161	470040.225
22107	1023028.725
45089	2944663.7625
51095	6566738.4375
45077	41474.1375
37195	1105977
55037	110597.7
37187	1285698.2625
51033	1327172.4
42037	3276456.8625
50015	1686614.925
39117	940080.45
4015	59418614.325
40119	2364025.8375
44001	0
47099	4064465.475
40111	0
47155	235020.1125
21065	0
32001	4299485.5875
38015	1023028.725
20087	1603666.65
8117	3069086.175
39071	2889364.9125
20103	6165821.775
37133	24884482.5
13071	5073669.4875
13177	2737293.075
48287	4686577.5375
47031	27649.425
18129	400916.6625
27025	2764942.5
21127	0
51163	1658965.5
53025	29889028.425
5003	2419324.6875
17069	235020.1125
31095	1410120.675
53013	774183.9
26005	5405462.5875
21141	0
18117	0
48267	0
20133	0
31175	1658965.5
19035	3663548.8125
21135	1520718.375
26129	635936.775
53055	359442.525
47189	2654344.8
54085	0
48135	1023028.725
47183	3359405.1375
29095	48220597.2
27045	1866336.1875
54059	13824.7125
12033	55616818.3875
37127	511514.3625
9015	5239566.0375
47049	0
32007	18442166.475
13053	470040.225
26049	5294864.8875
54063	635936.775
18059	4658928.1125
46069	0
46137	0
5007	6387017.175
56003	2142830.4375
8009	857132.175
51600	0
31065	732709.7625
51185	0
36119	1949284.4625
47149	0
21219	0
13235	1382471.25
13039	6539089.0125
47127	0
28031	2834066.0625
22021	1479244.2375
18115	1023028.725
38007	0
8077	165896.55
45037	13824.7125
29041	497689.65
39051	152071.8375
16003	387091.95
16013	10202637.825
13241	207370.6875
13125	96772.9875
37149	539163.7875
36105	5363988.45
55071	1451594.8125
19029	1838686.7625
17049	138247.125
13085	179721.2625
28079	4161238.4625
48041	40229913.375
18003	5529885
47177	0
47015	0
39027	552988.5
13067	0
37147	5184267.1875
22101	580637.925
26065	51220559.8125
48263	124422.4125
41037	2433149.4
26091	3193508.5875
51001	1271873.55
27113	55298.85
26017	0
40015	2709643.65
55021	4963071.7875
51830	0
48327	0
47157	239264299.2375
49055	1092152.2875
13221	276494.25
23027	1658965.5
12053	27331456.6125
45063	3594425.25
28019	1368646.5375
39129	4700402.25
28109	6663511.425
21235	0
48115	373267.2375
33019	1147451.1375
39119	12207221.1375
29225	1562192.5125
48275	124422.4125
35023	774183.9
29195	4202712.6
21013	0
47137	0
23013	179721.2625
28083	6193471.2
39125	663586.2
13057	539163.7875
47163	317968.3875
42041	7175025.7875
30109	96772.9875
54025	2156655.15
48139	6691160.85
8055	55298.85
17125	884781.6
31151	2046057.45
29105	5778729.825
30037	55298.85
19121	539163.7875
19131	760359.1875
29129	193545.975
16077	2723468.3625
12047	1175100.5625
1109	6953830.3875
47133	0
6059	380027521.9125
32017	1340997.1125
13075	2502272.9625
28007	2903189.625
17023	2336376.4125
23025	1534543.0875
17195	5363988.45
16047	2999962.6125
48203	2972313.1875
29201	7852436.7
19037	1175100.5625
27019	11654232.6375
42115	414741.375
46009	0
6043	1548367.8
25027	36898157.6625
37107	5405462.5875
22059	3013787.325
2220	0
2188	0
2110	0
2090	0
2122	0
2050	0
2261	0
2100	0
2282	0
2020	0
2232	0
2150	0
2013	0
2185	0
2060	0
2280	0
2270	0
2201	0
2290	0
2130	0
2164	0
2070	0
2170	0
2240	0
2068	0
2016	0
2180	0
15001	58464709.1625
15003	225315164.325
15009	54704387.3625
15005	13824.7125
15007	18276269.925
