1.94173556338836e-07
1.6054268781017e-07
1.43970320819211e-07
1.45005307145741e-07
8.51091788000911e-08
4.85132096614131e-08
4.42367504386812e-09
7.41857573430275e-08
2.97649064917891e-08
7.12028175161522e-10
4.09474846691838e-09
1.16652078592176e-08
7.45396689842215e-10
1.81156047326677e-07
1.23480069796904e-07
1.26181546742959e-07
2.72121914558965e-07
1.37046852446716e-07
1.45735134786402e-07
7.55997464044268e-08
4.04365269605453e-07
3.34005063109592e-07
8.66985514294976e-08
2.09994339063016e-08
1.02218180410114e-08
1.87175756099223e-08
1.77335066356866e-08
4.15704753095565e-08
2.14507916169014e-08
1.35712396589379e-07
5.81926067279734e-08
1.08084121651477e-07
1.83767706419941e-07
3.08755422505591e-06
1.53535876626823e-08
2.27876670075441e-07
6.31333447223564e-09
1.97250421077352e-07
1.7212778037915e-07
1.07598311087615e-07
1.17618387310438e-07
1.01269513509887e-07
2.36249580892917e-07
7.97585197693697e-08
5.66708708580909e-09
4.15310421164952e-08
1.94186622281201e-07
2.91984369834375e-09
3.91850164169142e-08
1.00061717458961e-06
2.48940867350158e-09
1.45873559263218e-07
1.46591088323842e-07
1.35906995654565e-07
1.54978944415381e-07
1.67176799359122e-07
9.73857824715224e-07
5.47664418268337e-07
5.20174571009282e-08
9.7185493548984e-10
1.05052181975649e-08
1.27085994025727e-09
4.2906900425366e-09
3.0049834947433e-07
7.76375033218093e-08
8.14517641525884e-08
9.72761074952957e-09
1.93911364173719e-09
7.10671380866463e-08
2.54658020602445e-07
1.55835463069836e-06
1.82853178416771e-07
1.81781173282138e-08
1.05168094891033e-07
1.70988727570471e-07
1.43640894043765e-07
2.26168695801215e-07
9.17212740607503e-07
6.67430438587185e-07
1.19959450346343e-08
1.47627016474469e-09
1.66814850779968e-07
1.7999729196679e-08
2.45075638075221e-07
1.02373571354486e-07
1.09725497597971e-07
8.68751523040528e-07
1.43209781699639e-07
4.24707454878601e-09
2.4354638984699e-07
5.7167683509658e-07
1.10241036667983e-07
4.06396482152277e-07
3.9096777529603e-07
5.64319069163706e-08
1.63721256469353e-07
3.85181976836666e-09
7.0069812456973e-08
2.12825240922328e-08
1.44291326615177e-07
7.60634156027126e-08
7.4960504061353e-09
5.42517200890961e-10
9.9283025448506e-07
9.61639372682297e-07
1.38467687051433e-07
2.11180495995446e-06
3.29298983832801e-07
2.51567809727141e-07
5.19199024566634e-07
9.23875427933557e-07
1.05881638584606e-06
9.71811514062861e-08
1.39079929682647e-07
5.33084617417225e-10
1.40444861299325e-07
1.95874643520626e-07
1.30092403067334e-07
1.1241358577714e-07
5.99048486471048e-07
1.41264036265797e-06
7.22870442257956e-09
5.53975122519697e-07
8.41359391814928e-07
3.96162321839091e-07
1.45757914343983e-07
7.57146347797992e-10
1.5039229190016e-09
1.12659618979786e-07
1.01242388333514e-08
3.23032222093855e-08
1.30612772591881e-07
7.31324799569829e-07
1.97212948513877e-07
5.08202848215768e-09
1.7476439376906e-08
2.2407279730268e-06
1.98346239592756e-09
4.22395321685907e-08
3.61352384687351e-07
5.07288286137216e-07
1.00489884399804e-06
1.31390644069139e-07
1.77983602005142e-06
1.06234186844768e-09
1.37054974425615e-07
7.03102695234588e-08
9.83309953864071e-08
3.99296080949525e-07
5.1937344044098e-07
1.18418176197807e-07
1.00924338115839e-06
9.78957212306078e-07
1.42195668060661e-06
1.41615603013296e-06
2.39248114261172e-08
1.71897496273429e-06
1.83940608622981e-06
7.23920105001929e-07
2.17485131051552e-07
1.38409632089759e-08
2.99589279679236e-08
1.69753120217591e-07
4.36085040165317e-09
4.53201877231586e-09
2.02959943442365e-06
1.88919196790231e-06
9.90902562540085e-07
2.24811915546462e-06
2.22786264056952e-08
2.54689413302403e-06
1.38950715717203e-06
2.1666948038846e-07
2.1892928442309e-08
1.76062395120994e-08
4.58631938298339e-07
1.74326694862966e-07
3.28376254329756e-07
6.53557898726949e-07
9.40406686741754e-07
1.67137872508423e-07
1.25064657701507e-07
4.24681514733821e-08
6.89610789418388e-08
1.19448509511508e-07
7.29863100130496e-07
1.62820351979262e-07
1.0924956255934e-07
3.16095539562685e-06
3.25894820508579e-07
3.16227766016838e-06
3.68449822933757e-07
3.83433141524995e-09
1.20350919224207e-08
1.10397219247165e-06
2.09522286139686e-06
7.29864496729703e-07
1.92516399084784e-06
5.01447774409198e-09
1.34169585231249e-08
1.62585214149082e-06
1.94060185953988e-06
2.81690723810797e-07
4.41269595938476e-07
1.34478942366274e-09
1.9098198589058e-07
1.75005144956913e-09
2.14308155722183e-09
1.59996713588023e-07
8.27005443736729e-08
1.32983398189299e-07
1.36205719500303e-07
1.03443108174982e-06
1.44578132503859e-06
6.41813709297624e-08
7.10028076937321e-08
9.15511583692298e-07
9.49541851827708e-10
2.78035920833812e-08
2.8355916086178e-07
2.88349779462472e-07
8.85081394456762e-08
2.21030183048468e-07
1.39423279485072e-05
1.43852817622598e-05
1.10853065862398e-06
3.77969646383846e-06
1.29562695969137e-06
2.00425970536559e-06
4.81167232301284e-07
2.75797970871818e-07
6.08180053356748e-08
4.11234528198856e-08
2.87138549246467e-06
9.32516720989538e-07
2.14373563725252e-08
2.00484180328209e-07
1.14733193672049e-07
1.46670978642687e-07
1.31101753862557e-08
1.49682049749673e-06
1.84725079855068e-09
1.95314232891475e-09
1.41524902577188e-06
4.46787463245804e-07
2.76733942755219e-08
1.50635881638705e-05
3.19091634960495e-08
1.95940436351911e-08
8.29317647607893e-08
5.77033003741342e-08
1.56280449552111e-07
3.71142221757427e-08
6.09357903644883e-08
9.04723277732682e-06
1.18298873494999e-06
1.30045648802915e-06
9.34825628054983e-09
1.13544297339614e-06
1.87790558803919e-07
1.00987736854802e-07
8.70335969555544e-06
1.24268486516551e-07
8.64339748256698e-06
3.44298589339194e-06
1.31990963612805e-09
1.39688910710434e-07
1.57133542363396e-07
2.56717457485466e-07
2.48419934563414e-08
1.57353634172146e-06
2.49475987470305e-07
8.23044797385373e-08
6.0041927256245e-07
4.04594470641604e-09
3.73075965713585e-08
1.50864714955455e-06
7.98171709658467e-08
8.24231807124499e-08
5.29842210946044e-08
5.28544789477556e-07
7.72746664203034e-07
1.36777726545289e-07
1.2386387108566e-08
2.62318885236546e-08
5.72880666008668e-09
3.55078381667832e-08
3.20636304326398e-07
4.66613353426525e-07
5.3717551082486e-07
1.37520377287178e-05
2.10540382196494e-07
8.25001906293198e-06
1.20848533444984e-08
1.74107710617763e-07
8.31007150684859e-08
1.02946526837806e-07
1.47432515232247e-08
8.26129934876803e-06
1.02976921918599e-06
2.50263550650267e-06
1.55180670639674e-06
3.60093152569461e-07
1.39470089043314e-05
2.52102630192278e-07
7.96519377474749e-08
2.00139767526068e-06
1.77897766710997e-09
1.2496990599752e-06
1.20542842135662e-08
1.74235251460217e-09
9.79399066329534e-07
1.75317126956941e-06
2.02298440377901e-07
1.12113981696025e-08
3.42307937148454e-06
1.89683775963307e-07
2.18037662398796e-08
6.408360891222e-07
4.78656777862205e-06
6.96395822606272e-07
1.42017925679906e-07
7.02990718279185e-09
7.40682834749922e-09
7.05967711546632e-08
5.4204664240623e-06
3.55430749931152e-06
2.88255653079178e-06
1.41288814329483e-06
7.82400235374021e-07
2.26176344022526e-08
1.16135670667865e-07
1.5295776848068e-07
1.26085371479312e-05
1.21361068899551e-06
2.02542259111622e-07
3.0609159038156e-07
1.12497942955277e-08
6.24103861279472e-07
7.51529042084216e-09
2.72799598240788e-07
5.71524190060828e-08
6.18714920234297e-07
1.31439140964552e-05
1.07819257062546e-06
7.30706159510717e-08
9.47591513146166e-08
2.10308092332088e-06
3.95342126123901e-08
9.94213893985025e-08
6.63104322388247e-08
1.64171523155756e-07
8.0240412250909e-08
4.32952578789043e-07
1.2216136455999e-05
3.11253668797879e-06
2.63076486929953e-06
6.25751625231659e-09
1.11204047528465e-06
2.88625847330206e-06
1.71809398001935e-08
1.41294091474153e-07
1.25161010041668e-07
6.80688032975525e-08
1.39077588147866e-05
2.46756934513331e-07
2.35549580032021e-08
1.64281264116708e-08
4.34302125634253e-06
2.36285031932245e-06
1.11116189808044e-07
1.34530634363199e-07
1.2080661125813e-05
6.65252281063116e-09
1.41171636673981e-09
2.61504503890621e-08
1.12422364116894e-08
4.1275530741968e-06
5.25181845831517e-07
9.33585407336688e-08
1.20634596723566e-08
5.0019909886166e-08
4.42056824589246e-06
4.18579313972013e-07
6.25435656874312e-09
1.00910322028928e-06
1.34393261116141e-06
1.26695877605062e-08
2.53804817639093e-08
2.43363215340616e-09
8.92861447337145e-07
7.22401772600042e-07
2.25753131025342e-07
7.69000842774243e-08
1.36704236490425e-07
8.19155909186864e-08
6.72003067899073e-07
5.50471600361589e-08
2.00718311291193e-09
4.7960186848389e-07
1.22372858597254e-08
3.29079112803811e-08
8.78816830764986e-06
1.46416967707541e-07
2.45903367896436e-08
1.55670708479726e-05
8.12332694749283e-09
7.55046534270867e-09
1.87405472472192e-08
1.1830850394523e-05
5.95272437956874e-06
9.05807416290053e-06
1.28994311104213e-07
1.00522898948121e-07
1.01007845775349e-07
2.2749447366296e-08
5.17681628715598e-09
1.88314857937493e-07
1.0666036832831e-07
2.83458413811637e-09
4.68733061537962e-08
6.74288620926319e-06
5.88717268252213e-09
2.52242535242436e-06
1.62250736038575e-07
7.47257614417641e-07
1.50397918177374e-06
1.58653654431679e-06
1.53284359299517e-08
4.88563892031283e-08
6.69103647024929e-08
6.58871122836792e-08
6.06035808482971e-06
9.9507070181905e-09
4.62776530566405e-09
1.46187775219809e-09
7.03468139626925e-08
1.57458510177973e-07
9.98591007644911e-08
1.58489249640272e-05
1.53196112504244e-05
5.63027346215149e-07
5.63308299782779e-07
1.09667250437188e-07
8.0177023726096e-09
6.30957621586153e-09
6.30957621586153e-09
1.87408540616535e-08
1.35993342175749e-05
6.30957621586153e-09
6.64841673826519e-09
1.47726410672123e-07
1.08824976957809e-07
5.7608258084356e-09
3.48937995811304e-08
6.52604742015495e-06
1.66817758039152e-08
6.03039537418972e-08
2.80660124211521e-08
6.44897628083974e-08
1.23747014423996e-08
1.61092771627364e-07
7.94327537013272e-08
6.48283390421929e-09
9.05533167770013e-08
6.30957621586153e-09
9.05056243019927e-06
7.43208277774687e-09
5.9192453573054e-06
6.36189780103729e-09
1.5002331316514e-05
1.58489249640272e-05
8.27920137433364e-06
8.04561154207532e-06
6.96035055838364e-08
3.13267036666742e-06
2.71087635375007e-06
9.87402896003728e-07
5.4489827878838e-08
1.02819299890804e-07
1.07426511293148e-07
1.96687935204678e-06
1.00461770469665e-07
1.28051149218372e-07
3.10732743246912e-06
3.03045996449565e-07
7.71351115949918e-09
3.80122847723954e-07
1.34658613390396e-06
1.70075124641028e-07
1.5905321267778e-08
1.80992798578574e-08
1.27486197845919e-06
3.57822915244763e-09
8.72475599872606e-10
6.4228649027824e-09
2.07946720067284e-08
1.71859769777679e-09
4.7778041945686e-09
6.42812964069845e-09
6.30957621586153e-09
2.38739263783251e-06
5.78099290520534e-06
6.57238422967879e-09
3.11008671298996e-06
7.42095252620918e-09
2.78291963724422e-07
1.34501231134926e-06
3.75837261314188e-06
1.56928220869311e-09
4.15884241682554e-09
8.98941179046161e-08
2.41528098149581e-09
2.00491625331865e-07
2.76778263225237e-06
4.66383755977083e-09
6.37416094324604e-09
6.09333825733364e-06
4.48522799521467e-09
5.71204173743227e-09
5.88223204299366e-08
2.27723257614703e-09
3.90193850506522e-07
7.4273447216438e-08
7.16189837113357e-08
7.46006396667151e-08
2.01184152613459e-06
1.08466116931904e-06
4.78563562597751e-09
1.44817179331208e-05
1.58489249640272e-05
1.4445785478506e-05
2.22814341343457e-09
1.06866618226653e-08
3.23338785614236e-07
6.32295708803629e-09
6.30957621586153e-09
4.10000237678256e-09
2.25004018644192e-09
9.90666553888674e-08
5.92698332008279e-08
7.87919886978246e-06
2.25819914739986e-06
1.26387953782806e-09
5.90888387030948e-09
4.29622205167274e-07
3.66836960003526e-09
3.83951837112821e-06
6.9448934169315e-09
5.81946303350002e-08
3.79073787844005e-08
7.60940145986894e-09
3.3208156113993e-08
6.26001276606088e-09
6.38881542282113e-08
2.50523310587707e-06
3.91518181428884e-06
1.57562142471147e-07
5.25687822214361e-08
1.57360956650772e-05
9.29383518740597e-06
1.58261963577763e-05
4.00567231449511e-06
1.77721095211093e-09
7.6474992290619e-09
3.50489895648858e-08
8.69407279085275e-08
3.84394339987615e-08
1.42605556334401e-09
2.98729140192568e-09
7.37907711012873e-10
3.41903625527203e-10
2.35046112969317e-07
5.65153606025529e-09
7.73506997386616e-09
5.74812513929374e-10
3.11774671466313e-08
4.21801358240199e-09
9.2942537227056e-08
6.30957621586153e-09
6.30957621586153e-09
6.30957621586153e-09
6.30957621586153e-09
6.30957621586153e-09
6.30957621586153e-09
6.30957621586153e-09
1.97223378672301e-08
7.94327537013272e-08
3.56035119964789e-09
1.46798563782573e-07
5.26930361731168e-08
9.42503186284713e-06
6.31673129879097e-08
7.94700338088599e-08
7.03847152436866e-09
6.64090142178678e-08
2.28840850260492e-06
1.67151492166896e-07
7.86659634839861e-09
6.35462011659565e-07
9.8902080506642e-07
1.13800599460463e-07
2.84164827695338e-08
2.46828298860137e-08
1.43354997964784e-08
7.84792578111951e-07
1.25647797428931e-06
2.52780372029257e-06
1.51441011611077e-06
1.57643388463488e-05
6.30957621586153e-09
5.68904174436158e-09
3.16227766016838e-10
1.28106631591114e-06
3.38279001244434e-06
4.04411905685936e-09
5.47353174880167e-08
4.45035130678128e-09
7.99578851033857e-08
5.35885320399291e-10
2.39356733911721e-06
1.96307678095941e-07
6.34252341614791e-06
1.54508925220574e-08
6.57185524437989e-08
4.95996871989609e-10
4.82887293492725e-09
3.89030008129467e-07
6.30957621586153e-09
6.30957621586153e-09
6.30957621586153e-09
6.30957621586153e-09
6.30957621586153e-09
6.30957621586153e-09
4.8306014214326e-06
3.56175166898076e-06
1.22208522082608e-07
9.4890667270233e-07
5.99545593526365e-10
3.20320401776912e-10
3.80860049399322e-10
9.22316187293818e-08
3.16227766016838e-10
3.4132733120768e-08
2.70666948673515e-08
5.16803054040001e-08
1.02478475667485e-07
5.39202730084168e-09
8.6974788956118e-09
7.23200902530003e-08
1.00264682625665e-07
2.47769993599324e-07
2.82690103763513e-08
8.48321586685476e-08
2.6360741335527e-08
1.72822757771501e-07
7.25707874937283e-10
1.64841166960723e-07
2.74658465574532e-07
1.42599779768863e-05
2.93021858233077e-08
1.58489249640272e-05
8.36996530499271e-09
1.054112393039e-08
4.04057462687184e-06
2.85134075115993e-08
6.35059512644889e-08
3.73239688576502e-09
1.20246846094453e-08
3.17010249801599e-10
3.16227766016838e-10
9.18544948271705e-08
7.50659896994338e-08
1.51186767816283e-09
3.3382849753127e-08
1.70181707358705e-06
1.02595829167028e-06
8.5268238557287e-10
8.92616508523725e-07
4.51040208637004e-10
1.82359372717186e-06
3.63678358686376e-08
1.19840010155434e-06
1.56275405591887e-05
6.14206646223816e-10
8.06908138326922e-08
8.2667753398726e-10
2.2870283865805e-07
4.23329137215553e-08
1e-07
1.14923830121144e-09
1.04476491545089e-08
9.18073072341682e-10
6.37867927284469e-09
1.74397729634399e-08
3.54002856286355e-08
1.8161504577588e-09
9.44569300883261e-08
8.7372044210102e-09
1.44775738482164e-09
9.87938468361816e-07
5.16997260324407e-07
4.27804635586511e-09
5.56231502881756e-09
6.63430268396911e-08
6.30957621586153e-09
7.3567988384846e-09
6.30957621586153e-09
2.95857625905092e-06
1e-07
7.06725550620439e-09
6.71051528504381e-09
2.75090352129215e-08
2.80451480821404e-07
1.02290612439948e-08
1.61890618765117e-07
8.3251142307652e-08
3.75822558341143e-10
3.5673769426118e-10
1.65715470715823e-08
2.96149473694103e-07
2.63797454082713e-09
6.85715028592058e-10
4.7364303072393e-06
1.22323675777399e-06
3.26770652924374e-07
9.67445225160355e-10
3.33992003835902e-06
3.3244176454524e-10
8.62853710898615e-08
6.70807346724717e-08
4.61953345323628e-08
1.2817831463775e-08
2.04826261920765e-06
9.76047765534958e-06
8.99504776317788e-10
4.69807827820451e-07
9.18950538576390e-09
1.0555411441921e-07
1.94933608504426e-07
3.15648059632047e-07
2.05135709633742e-06
1.18607665387755e-09
9.76062633131093e-06
7.26580646931892e-09
8.03396920814239e-09
3.82195481772037e-06
9.84274441410068e-10
1.58489249640272e-05
3.6590242552788e-06
1.58489249640272e-05
1.51120677954999e-08
8.24741798160081e-08
1.039239232695e-07
2.06554666486683e-09
4.7901473781552e-08
5.81788279934035e-07
9.34550141540425e-06
9.01900635511188e-06
3.2434860848368e-10
4.00018026648509e-10
6.25854790702542e-07
4.62991156223358e-10
1.14468693495575e-08
4.91023634680724e-09
4.44914791799726e-09
3.16227766016838e-10
4.96887199893556e-08
9.43738737296822e-08
6.72788365019206e-09
3.61421097259213e-07
5.42195085849086e-07
7.56163394675574e-08
1.0572873502734e-06
1.10069916900921e-07
1.81113974214372e-08
1.53766763630709e-07
3.17775363357331e-10
1.52975677491957e-05
1.94174663033788e-09
3.50234817755070e-09
5.57361661751078e-09
6.30957621586153e-09
9.97997339254869e-10
1.29125929809081e-08
1.58489249640272e-05
5.44743915385805e-07
1.58489249640272e-05
1.29268474210607e-07
6.23185333965089e-09
6.10250001724945e-08
4.70649761493792e-07
6.30957621586153e-09
3.28625017397956e-07
1.68347736360159e-06
1.47335042785719e-08
6.66994547620625e-08
5.02228941507699e-08
4.82994053088322e-09
5.92393135984008e-07
7.5858808886006e-07
3.18262414300284e-10
3.16227766016838e-10
1.58489249640272e-05
1.58489249640272e-05
3.16227766016838e-10
8.01892534887542e-10
5.75657224152937e-08
3.37526997614319e-07
4.21935603097023e-09
1.40869020013245e-05
1.58489249640272e-05
5.43706826198834e-08
3.22061734305482e-10
1.39298684171187e-07
1.58489249640272e-05
1.13940047440496e-07
7.04506900947054e-07
1.58489249640272e-05
5.3920919779058e-09
8.52054435242896e-09
5.81959142243093e-10
9.53646682519215e-07
8.43472522308103e-06
1.05725938176379e-07
1.57732304840091e-09
2.73495746731644e-08
3.38463622283632e-08
8.79430765401701e-10
2.54047242893812e-08
4.69143462990189e-10
2.19433560968507e-09
2.82849374328867e-07
1.5473084491429e-08
4.31875842498999e-09
1.35413986888317e-08
2.50816284276965e-08
1.27267844235864e-08
9.62744586224386e-07
1.58489249640272e-05
1.19872403007486e-07
3.77003065474552e-09
4.85946826559059e-08
2.22357065539077e-08
1e-07
2.8198526271369e-07
1.82990826499375e-08
2.96867498411387e-06
7.46938183192922e-10
2.51636504039721e-08
4.08587814772264e-10
2.43480490031965e-06
8.85860906693917e-09
1.69025959901609e-07
4.36667004769881e-09
3.27829136878146e-09
8.66734854824099e-06
3.16227766016838e-10
1.32143658187917e-09
5.77626043434509e-10
1.10505931932398e-06
2.22512229257298e-09
7.69747953918173e-07
3.92410535100926e-07
5.91075934411179e-10
2.0174461719987e-09
6.18669628867485e-09
6.30957621586153e-09
6.93107464934739e-09
6.42265759620198e-09
8.57152453363236e-06
1.51709575467894e-09
7.77500851959718e-08
6.30957621586153e-09
3.12890131142035e-08
1.96706060396944e-08
1.36352844053239e-08
1.1213248255161e-05
3.16227766016838e-10
1.97863926495132e-09
3.16227766016838e-10
1.29161873773674e-07
9.87939668487387e-06
9.32382452637789e-09
1.5610813126552e-09
1.41672304507465e-09
1.31555470918098e-08
3.19596961105454e-07
8.73611882529084e-09
7.14346213400838e-08
9.47577968016662e-08
3.26883379935014e-10
5.96348452903453e-06
3.60673182554535e-06
1.95877312843369e-08
7.810739064056e-06
3.28116285383747e-07
5.361449058007e-08
4.7885829968846e-07
1.58489249640272e-05
3.78958254089789e-06
7.89192741941434e-10
2.92108818765839e-08
6.42817723655951e-10
7.70593354570681e-10
3.52484310759843e-08
4.36833031444605e-06
1.19220618026214e-07
1.6583932621277e-09
6.07296910894767e-07
1.58489249640272e-05
1.20523848706742e-08
2.78653432292955e-09
3.25848943127053e-06
5.02605924783761e-08
1.04489041745053e-07
3.19169052245598e-10
5.88888757914002e-07
6.83793081438966e-07
3.34712315460457e-07
1.66596656958074e-08
4.22363328116523e-09
1.75766992310129e-08
9.27718951327462e-08
1.23872750717856e-06
5.85611840003305e-07
3.16227766016838e-10
4.16722290460605e-08
1.58489249640272e-05
3.65228371522918e-08
2.68580821879265e-09
1.27575317807794e-05
1.27253467293628e-05
1.06031092479329e-07
1.1472767642731e-06
2.79105887440373e-09
4.93008796861439e-06
7.18272074872212e-10
5.04498292730645e-09
3.54820364840042e-07
3.96485522689939e-09
1.6072130177761e-07
2.33516310859228e-06
1.00137834634547e-07
3.70320558856242e-09
3.41717507270597e-09
2.43886109918033e-08
8.86548297149058e-09
7.85986450373604e-09
9.93768428153365e-09
1.1740819330844e-07
7.4375752916846e-06
4.28617253478352e-07
3.24787526999399e-06
5.29587631652032e-08
2.05878448713848e-07
1.32121384991871e-07
9.6061795707011e-09
2.03142206362041e-08
6.49294941802408e-10
1.77079372998081e-06
2.5423674939033e-07
1.7982416633248e-09
3.91193908200882e-09
1.30456815239776e-06
7.33163086266081e-08
1.17780592175761e-05
9.05155323639681e-08
1.49496208659367e-05
5.67888967897659e-08
5.70243460804699e-10
7.25146426885406e-09
3.16227766016838e-10
2.09824583762715e-07
4.2726092915564e-07
6.81632602871338e-09
2.18132564227906e-09
6.67346933294525e-07
6.00566228859186e-09
1.83337643841139e-09
3.24666776921864e-10
5.21704936133053e-07
4.72045464208535e-09
3.4449020709556e-10
6.88001201447378e-07
2.27760533498292e-06
4.59508839251935e-08
3.07625148933654e-08
3.91049520226727e-06
6.49137559905154e-07
1.94191745023795e-08
1.17021423463251e-06
1.23568980787598e-05
1.9622813180132e-08
2.46925943824269e-08
1.14714283573705e-05
2.32233043918062e-08
3.72450300661548e-07
1.30041209144466e-06
3.43579801881653e-08
5.32038402369325e-07
2.39060077282209e-07
4.73954855461915e-07
7.36800063850824e-09
1.09550733967441e-08
1.54586055850216e-05
7.65374236716633e-07
1.12116188186692e-06
4.57139977606099e-07
1.76323268975358e-07
3.72888649600896e-07
2.33154777163984e-07
4.66558541833105e-07
1.03627180914069e-05
6.1848955179534e-07
1.11501792213974e-08
4.04633926496425e-08
5.9636647851219e-08
3.41957960871999e-09
2.08601766929087e-07
1.11553294017191e-06
1.52708919435287e-07
3.40417164205722e-07
6.89337980895385e-07
2.10155890761512e-08
1.58383798752449e-07
1.11421141230485e-08
1.19423162462297e-06
1.58489249640272e-05
7.16089262985317e-06
3.16227766016838e-10
6.62778219777894e-08
9.94823583223951e-09
3.16227766016838e-10
9.57865513111027e-08
3.16227766016838e-10
2.42911497234414e-08
5.54320845732594e-08
6.48203350131886e-08
4.53623335308916e-08
6.97682032512486e-08
6.66133130584723e-08
5.78658345671069e-09
6.66003873472472e-07
1.63895030354314e-09
1.68220878462915e-07
3.35995903115009e-10
3.58212431654701e-08
3.32468254797454e-07
1.0462680090635e-07
9.42223143628656e-07
3.93338709383827e-06
5.11523965832814e-08
3.58881038578346e-09
2.330586475566e-07
1.53397446241237e-08
3.02560273737829e-07
1.42473991696971e-07
6.30957621586153e-09
2.66712851599733e-07
1.58489249640272e-05
1.58489249640272e-05
2.70281294287179e-06
5.20794832859547e-07
3.15732089193774e-07
3.16227766016838e-10
3.59697352497165e-09
1.30886423159692e-06
1.29477687671393e-05
6.68752629248754e-08
1e-06
4.26519878443231e-07
3.5100692597068e-09
4.05227694004442e-06
3.0595971851719e-09
3.67836242731314e-07
3.6539269256044e-09
2.53850900712819e-09
8.49804685463047e-08
4.58364111661535e-07
6.69779976986138e-09
2.40779805504919e-07
1.32623264009964e-05
5.0922549374201e-08
1.35092443281919e-05
1.83071279822287e-08
8.70135535152566e-09
1.24773982485738e-08
3.84358421904345e-06
3.96168046022162e-07
7.55850506712257e-09
1.68697364392977e-09
2.46120534014021e-07
1.33174151853767e-06
2.3514192267396e-07
4.30825239043085e-09
3.41632284590316e-10
4.54497393623201e-09
9.42622020878007e-10
5.91728065348351e-10
8.43507315763721e-07
2.56142011136621e-06
6.45977817045837e-08
4.52271298482542e-07
6.30957621586153e-09
1.12761773722572e-06
6.60332097167145e-09
6.84193737496937e-09
3.18376539734893e-06
5.27043588748637e-09
9.83076192442166e-09
4.97705674207228e-08
2.39529021017942e-08
2.0332374446981e-06
1.51096352356597e-07
1.38515109646412e-07
2.65875930033064e-07
1.37995887416703e-08
8.51180534818836e-07
2.02287317504284e-07
1.83234539625066e-07
1.34451910307301e-08
1.49474915083894e-07
1.6843881703769e-08
5.76632336724866e-07
2.83841543520491e-08
1.66973809410897e-07
2.29213785349259e-07
1.85964626908761e-07
3.17070109864003e-10
1.43039859328637e-06
1.61274951077694e-08
1.19799733945508e-08
1.06127734442402e-05
1.42902867533651e-08
7.77552152050874e-07
8.26914859505265e-08
6.79535475541849e-09
1.14242841498083e-05
2.26507475648109e-07
1.69059657204314e-09
4.08191881106819e-06
9.84822713624289e-08
6.29371772923372e-09
2.9221075693605e-09
1.10491108664876e-07
3.29466680377082e-08
8.8306432464901e-07
6.30957621586153e-09
6.29023248427444e-10
1.58489249640272e-05
1.78670752928979e-07
2.39179000838768e-06
4.03172681723329e-07
1.17526749186263e-08
1.33308523577871e-07
1.29195727587922e-06
5.8629919980572e-09
3.17592030341102e-10
0.000114110254810065
1.11575370690881e-08
4.09187030615412e-07
1.04510263332297e-07
4.44931053853602e-06
1.0514616094676e-06
1.68786323778577e-07
2.02584415258516e-08
6.27417682048365e-08
6.99130103999925e-08
1.41383744106082e-06
2.80239110483202e-07
2.07599891403564e-08
3.16227766016838e-10
1.07123219540909e-07
8.53317563647304e-09
5.6109837163917e-06
1.53961834229847e-07
2.59892724598665e-06
1.59539942258841e-07
2.19226053889869e-07
1.59752263022138e-08
1.58489249640272e-05
1.00884862721013e-06
1.12954679261293e-09
1.07293824519167e-06
8.900955040277e-05
8.39358067729772e-09
4.77295885679319e-06
6.80662008057432e-07
7.82069873957635e-07
6.35242373713037e-09
1.55568235797287e-07
2.20237375706665e-07
1.14810260041609e-06
2.51701066430203e-08
1.94471745549784e-08
2.66684465655372e-06
2.31096268802316e-05
7.08670882101755e-06
2.85814019678452e-07
5.67202374889496e-09
4.60666570703912e-07
6.30957621586153e-09
2.15885994294305e-07
4.71679494671288e-08
7.63577278461149e-08
2.12914400143882e-06
3.16227766016838e-10
3.45010946579577e-10
7.76009511725043e-07
8.49544256704275e-08
5.77384430373871e-10
3.79337876179546e-07
8.39135940586386e-09
7.27111809516711e-09
2.08129559563585e-08
2.48653964135756e-09
1.30187500014166e-06
2.14780212171047e-06
1.25162329158532e-06
7.70439771889977e-05
1.12598300133652e-07
8.1192359822725e-08
7.42855136458877e-08
6.7515793555106e-08
2.78461472470724e-05
1.02624346019454e-07
3.7516184433806e-07
1.92358815189495e-09
6.98583417402039e-07
1.28645603380356e-07
8.6717523064403e-09
1.98777766652819e-08
2.38741915128196e-09
3.81927440554577e-09
8.62207408331251e-07
2.082072102217e-07
7.7152833044674e-09
7.13045963042635e-07
1.12540568849752e-06
5.73912531937535e-10
8.14620308881438e-07
8.9882325859136e-07
6.35376715519802e-08
1.73064226202566e-07
8.77308851855513e-06
4.17784362106101e-07
7.78274496501677e-09
4.84048705182364e-09
5.59742810692892e-08
2.65669751665984e-07
2.49551125047142e-07
6.75021826888282e-07
3.40996721431381e-10
9.0702427138295e-07
1.44057674344817e-05
1.55552816870174e-08
5.04903914877635e-10
1.28757846408309e-07
5.87298705460695e-08
8.50996545224615e-06
4.82620514496425e-07
1.78578987601287e-05
2.02972448555538e-06
3.41451682785533e-07
1.02513840405582e-06
3.81195144744261e-08
9.26377187096063e-05
3.99012544277796e-09
1.13142163796523e-06
1.00519962317757e-07
4.8600867543879e-07
1.42950323129007e-06
3.68977106093238e-06
5.2198978291643e-07
4.293569374927e-07
1.55972973108898e-06
1.41396155795124e-05
6.30957621586153e-09
7.11143016734758e-09
3.06760977987456e-08
6.30957621586153e-09
1.20400870015567e-09
1.46779819323437e-07
2.32558307085841e-06
2.81706407182379e-09
8.11286198625995e-09
5.29663356971472e-08
1.7694101224494e-09
5.64365740571301e-07
7.86018892824885e-08
9.64262018140598e-08
8.15790983888419e-07
6.30957621586153e-09
1.25760774130617e-07
1.13536606928629e-07
3.36050538066708e-06
1.67430466824277e-07
3.80533211461983e-10
1.55327265472099e-06
3.00824199506676e-08
6.07686194964927e-10
6.72119684965649e-07
1.49607262086239e-08
6.00485529099364e-09
1.25348229830407e-06
2.27978948834069e-06
3.09408557336074e-07
1.88464447886403e-07
6.13055994082732e-06
7.84114445820762e-07
1.4828906407033e-06
1.84613044205587e-09
3.82094149197403e-07
5.94886436975301e-09
1.18598338797235e-05
1.16434852270353e-06
2.93784629304231e-06
9.8203587331365e-06
1.14041816526661e-08
3.38703107352167e-08
8.74473278348303e-08
2.04976764832987e-08
1.26173183133557e-09
1.73858667260345e-07
9.94509791956526e-07
4.03069216839637e-05
7.37779009484935e-07
2.92543333752631e-06
0.000125892651759257
7.48198166872927e-08
3.70829735019741e-08
1.67881690860277e-07
1.1360091875649e-05
1.92544703330974e-07
1.21359739373879e-07
1.90064202276557e-08
1.38661887544074e-07
1.08073569078489e-07
1.54881199845389e-07
1.30002402623489e-06
8.07518907911368e-07
5.43046751375398e-09
1.72637792614098e-06
1.81005021089289e-08
2.50656583587618e-09
7.58278640876615e-09
2.46378469617673e-09
4.58354807226182e-08
1.55530244654387e-07
6.30957621586153e-09
3.33057412371859e-08
1.62608549225798e-07
1.55167723510994e-08
1.2200757411394e-06
1.2226976016782e-09
7.09248666721828e-07
4.77358775520449e-09
9.0431118323549e-09
4.79366218554174e-08
1.32472879933229e-06
6.41759435698805e-09
7.30882984833894e-08
1.07987348543555e-08
5.9528908123742e-09
0.00011901299522203
6.30957621586153e-09
3.69103217280636e-06
1.42669557342749e-05
7.53153523011746e-08
7.19593546275794e-09
7.70151229450382e-09
5.70162804608665e-06
9.39013642961905e-09
5.87025142214659e-08
1.9637478881501e-06
9.24226926839694e-08
2.90816173729267e-05
1.23879282002207e-07
3.58606476524727e-09
4.6375101873751e-08
1.19969442407928e-06
4.78824063952995e-08
9.20664076817444e-09
1.37091705566981e-05
2.83280044006419e-08
1.97019597701322e-07
2.28105029396766e-07
8.07191928853377e-08
9.02667857217986e-08
2.96380962801237e-07
3.63650041674834e-06
1.42543235670986e-06
1.75057913337128e-08
4.46794100548489e-07
0.000124294572170949
7.83784239703562e-08
4.32212694273693e-06
8.0480162908112e-06
2.62272024918864e-07
6.40873432945467e-06
1.52625612820989e-09
1.52993313625521e-08
5.69302970363013e-08
2.3641622793861e-09
1.13405401872625e-06
4.32915053026198e-08
1.57680960409714e-06
1.74984228899816e-07
6.45047103602453e-06
1.3277292473032e-09
1.47539215257732e-07
5.60655477094541e-06
1.15849614396452e-06
5.92924848255343e-06
1.11657060536628e-07
5.44580973429565e-08
3.0875249361798e-06
5.76391847141026e-08
1.01376235344354e-06
0.000125892651759257
1.08683933739503e-06
3.28760078634133e-06
7.40122846339526e-08
4.30821894969509e-09
4.43419523735359e-09
6.66513125115228e-09
1.69865905845028e-08
8.21532536740469e-06
6.30875394840839e-09
7.3590343410402e-08
1.47572590956189e-08
4.69743348401266e-09
1.68518788489501e-07
1.63711388339683e-07
3.63918479488339e-07
1.21240753497944e-06
6.22738136272033e-08
3.0231582020791e-07
7.52033442186394e-07
0.000124789362259023
2.04205860835551e-07
5.50963257622021e-06
6.73251807723944e-09
8.01394455641025e-09
6.08819879530472e-09
7.59823819552855e-08
1.99349988262456e-08
3.39412782533018e-09
3.60203274899311e-06
1.03199959751675e-05
1.3091456243862e-05
6.65304410879349e-09
1.14212440326661e-05
5.1055699026381e-08
1.39087434338493e-05
1.40634352554786e-05
6.95999428004367e-09
4.82007447969598e-07
2.36227868271362e-05
9.85298399656145e-08
3.51114011115793e-06
5.30243849598921e-07
2.53561667907276e-06
3.42546954884465e-07
1.7051122013842e-08
2.36598031090572e-08
8.59170647131722e-08
9.08970720418998e-07
9.53561247639058e-07
1.11994230171464e-06
3.13874814870902e-09
8.74805749219378e-06
2.57550071904853e-09
1.83635242711077e-07
4.92550260850616e-07
3.28586479123985e-06
1.34870146050971e-07
2.34478395282595e-06
1.01132793926437e-09
4.71551134990094e-07
6.72952893315192e-06
4.50704890322264e-07
3.13149245153088e-05
5.43633305430139e-06
5.02965830804003e-08
3.70691638600355e-09
4.75896609478096e-09
1.67078007502834e-06
5.69547306788422e-08
5.57465809285054e-08
5.07734161883513e-06
1.00090973794215e-08
2.99951582163461e-05
1.5170795747886e-05
6.30957621586153e-09
6.72005467591673e-06
9.37514363769898e-06
2.38917880177885e-06
5.03906986934399e-09
1.68941101766275e-08
1.81806652962932e-09
6.08442137432128e-06
7.99372517525664e-07
2.27142592031375e-08
5.0834097713869e-07
6.30957621586153e-09
5.83921534467698e-09
2.32551902391596e-06
9.85936248090584e-08
3.77692720925228e-07
5.2751536380895e-08
1.10349188461025e-06
3.15834527582434e-09
3.08143307788091e-09
6.9800389045382e-09
2.92372378880333e-09
8.64065055307433e-08
8.75312397078885e-09
1.22917340456215e-07
7.46368640948383e-09
5.33358208462591e-06
4.83870106126946e-07
9.73690268527109e-07
6.0923465079481e-08
7.38341623161851e-08
8.37530536736121e-06
7.53293370238436e-08
1.37715328963185e-08
1.11196069236592e-05
1.49130610747918e-07
2.10517591938512e-08
9.0794049476949e-08
1.73208173509126e-09
6.98553671701933e-06
2.68465824583119e-09
7.81450847318912e-09
2.80565707166866e-09
1.54877626857161e-09
3.97836123427281e-05
1.66079686480539e-06
2.14915889051961e-07
1.13937967570665e-05
6.38940321857335e-06
4.53749327744934e-08
2.12521503338011e-07
2.03698937655912e-09
5.67569647227793e-09
1.19223937149496e-05
6.30957621586153e-09
1.05617360356955e-07
6.73395718320593e-09
7.6478490629482e-06
3.17385861967277e-05
2.44369761011489e-07
1.14038826629584e-09
6.72539012218481e-10
6.95430411994121e-08
3.23593472177692e-06
1.04784688365722e-05
8.86211468161379e-07
1.9026787835217e-08
1.93216220064843e-07
1.60654315439123e-07
2.84509296608079e-07
6.0090273723111e-06
2.59166471902584e-06
7.04547648427284e-08
3.5479975964289e-06
1.04644646434894e-07
9.60537106473846e-06
5.93118716618041e-08
2.20121475267913e-09
9.44003395650394e-08
5.94403953165757e-06
3.24845589811318e-08
1.60217970327672e-09
6.67155145818236e-08
7.46599124545765e-08
2.32667488551321e-09
7.01237837420947e-09
3.37781006196092e-08
3.13309325503148e-09
6.44497019395572e-06
8.19019549705057e-07
9.39675624752923e-07
1.86466987267957e-07
1.77274609015852e-08
6.01032330015875e-08
4.25251603443089e-06
5.35417947381534e-07
7.46299603181985e-08
4.10045550484484e-08
1.41278645504604e-07
9.15403402795387e-07
8.29390279560009e-06
4.44194730678194e-08
9.36584608079537e-06
1.76133036425839e-06
4.55443484530779e-08
1.45820151753118e-05
1.70863790818026e-07
6.94925732900245e-06
7.13461032781472e-06
4.94965885566691e-06
9.26119067952172e-09
9.03923298231096e-07
2.65974077186878e-09
2.48784654812711e-07
2.26561968551791e-08
7.77219191798741e-07
2.11783879219419e-08
6.56289509549267e-05
4.26179369873322e-08
6.27502278169109e-09
4.00174857110384e-07
4.78557696552309e-08
5.81833142519696e-10
6.04418471745875e-08
1.93122960956106e-09
6.82234325840388e-10
2.08363510171265e-06
8.23617462927302e-08
1.91780175969473e-05
1.49980250822235e-05
1.2572556295689e-05
6.5613988528742e-08
1.94608774450031e-06
4.10546655837559e-08
1.25234617709341e-07
1.86496070159657e-08
1.69528067796471e-08
2.27036802063333e-06
9.27492848519502e-07
1.37428684952884e-05
1.14443297671478e-07
6.22907707272992e-06
5.82525355012742e-07
8.44455438375393e-06
2.17754800185087e-09
2.45679611303532e-08
2.82952658026322e-08
1.51026611619453e-05
7.95272013548244e-06
1.32839857840769e-06
1.36225634182881e-08
2.53502447593197e-08
8.49279602864584e-08
1.89613128284612e-08
1.9646755693148e-06
1.21381045830052e-06
6.73328961894232e-07
5.27742092933217e-06
1.39153397642679e-06
6.10470130350081e-07
1.88295810294544e-08
1.08318421240565e-06
2.80069687109239e-07
2.22432748903986e-05
5.25121395057616e-08
2.86079889295729e-06
7.49487307535e-07
5.87623891474355e-10
7.94327537013272e-08
3.52249714263336e-08
2.31802474278339e-07
6.5078973645143e-09
4.46099414924865e-08
2.37883082965089e-07
2.66126284031548e-07
3.50993705227368e-09
2.15976559541336e-05
3.67488566386421e-09
2.39883437054636e-05
2.58483890734365e-09
4.03232456341651e-08
7.30882333604689e-06
6.03229041676265e-06
5.19956573310375e-09
7.58247738953133e-10
2.16402205140736e-07
7.94976176864428e-08
3.31131179653493e-06
0.000104147158491829
1.30563050095324e-05
2.36473841649669e-08
5.05858260146729e-07
1.24555156487365e-09
2.07924694586546e-07
1.37751209419754e-07
2.01376878582291e-05
3.84699290889466e-05
5.39212887550083e-08
3.03262319203458e-05
2.98366589274903e-08
7.19204542795243e-07
6.07761451971926e-07
5.45886861416314e-09
7.55646474303083e-06
8.1197296427965e-06
7.79538254883373e-06
1.50984080868439e-05
4.27006791616766e-07
1.12875778248223e-05
1.29337986245671e-06
8.82242749400397e-07
2.5207911980027e-05
6.10917805435029e-09
1.21236044244165e-07
6.68818257228145e-08
8.06802784458765e-08
1.85589894713863e-05
1.42257050318276e-06
6.78854994998155e-06
1.51752107921976e-05
9.77452299656482e-08
2.27947200436728e-06
3.83759892632951e-06
5.57718914525029e-08
9.05681259491221e-06
3.28173878514241e-07
1.41758681837275e-05
1.24957979475618e-05
7.51843185730477e-10
1.40118236900211e-07
8.51243319735792e-08
2.17984908567948e-09
5.45403270564976e-08
1.00095518112783e-05
1.59554817113518e-07
1.91788583895517e-06
9.20423156812052e-08
1.71696636565879e-07
1.52876143770829e-06
8.83711063363351e-09
2.48180365702796e-08
2.81327605255698e-08
4.98199656960207e-07
4.38283228494087e-09
4.12108134956798e-08
1.22931888290756e-06
2.34432299605885e-07
1.15701169480269e-06
5.77956684927732e-07
1.47368799222028e-06
2.58626175174774e-06
1.27064897875036e-06
1.09394659288332e-06
2.32065794065142e-05
4.76368154273503e-07
2.57397793163034e-07
4.02692539096627e-07
4.41571516073907e-08
1.5816993061055e-05
5.57004475201236e-08
1.78082088836986e-09
6.72388815376997e-07
1.13838370357479e-06
1.01932948616584e-08
2.77348980394977e-09
1.10775701267914e-08
5.35092289220791e-07
3.44552944418119e-06
6.97173000650301e-06
1.18627067593817e-06
1.47121358102531e-08
1.51909011932869e-05
8.33890070094859e-07
5.11343800698518e-07
4.77894495905663e-06
1.02561249014804e-07
4.49192522083427e-06
1.56633656225085e-07
3.25676994437674e-07
1.51853733539609e-05
4.70583765052184e-08
9.26934250869047e-06
9.25881940758472e-06
5.66059864405753e-09
1.03738801293671e-07
1.90406707741386e-06
1.45372319870429e-06
7.91192594471296e-08
8.02301355514128e-06
1.08417028368086e-06
5.82104076744869e-06
1.56557859364189e-05
6.53666534476357e-07
1.3436531981436e-07
1.237984342984e-05
8.17973678650024e-07
1.55096654435254e-05
3.78027037926779e-07
1.92149757714369e-07
7.10278661513724e-06
7.94327537013272e-08
7.94327537013272e-08
1.33804539062142e-05
1.71112432951965e-06
1.07277514558079e-05
5.53652483060025e-06
4.82304841196334e-08
1.17040947528439e-05
5.6884484193225e-10
9.30845603174478e-08
8.95290634764662e-09
5.37906579781843e-07
1.58489249640272e-05
1.86647968841248e-07
9.76015894413066e-08
1.74695239697854e-08
1.11847513033651e-08
4.82946590836927e-08
1.60100995347744e-07
1.27117807478279e-06
1.25447461921461e-07
8.75659462389761e-07
7.00703736446699e-08
1.9946296826572e-08
7.91438552991558e-08
7.58591197028399e-07
7.88953152837079e-08
7.84359844079589e-08
8.64010859221019e-07
8.344953802849e-09
9.97187071105687e-07
5.31724334370403e-07
1.11020429013304e-06
1.00201175885437e-06
1.02096006901533e-06
8.02053690793171e-08
1.01628395297613e-07
7.87274855910706e-08
9.88391818844862e-08
1.36995802786462e-07
5.38424263105506e-08
6.40491067225303e-08
7.66642847413657e-07
1.38158303835702e-09
7.61645670911637e-07
3.01731036146436e-07
3.39882574575421e-07
1e-06
1.40078015467433e-07
9.04511444805831e-07
1.86620493709123e-07
1.36473297098279e-07
8.27030498740409e-07
2.18899012521142e-07
9.99512179821237e-07
9.94218639914082e-07
9.43863519690721e-07
9.88655976630636e-07
9.83500810852904e-07
9.5065580144138e-06
1.32490791367186e-05
8.65700066856325e-06
5.91345600445534e-06
7.19663799502554e-06
8.84214866394724e-06
1.48451592994023e-06
4.65215481132247e-06
9.34042817036628e-07
5.53700137614179e-07
3.89594727122233e-08
4.14726544037871e-06
2.28226832829986e-06
4.96384182357681e-08
7.94327537013272e-08
1.04838633915358e-07
8.60318330270812e-08
5.35132617882299e-07
1.02757875587759e-07
1.36241079063396e-07
7.94327537013272e-08
1e-06
7.73000868973794e-07
5.52412325376438e-08
1.59903322409907e-07
9.04835050977866e-06
7.39728924587532e-07
1e-06
1.44124211907964e-06
3.39940166578378e-07
5.04905867491202e-08
9.97329154212093e-08
7.74154690278586e-08
9.08658219480092e-08
9.87000180648863e-07
1.18868348543898e-07
1.69472096867157e-06
7.99465446265475e-08
5.48608342413545e-06
1.54819424216717e-07
7.94327537013272e-08
2.01192889829828e-08
1.60976175208398e-07
8.2328822690664e-08
9.75773199166984e-08
9.2212066609085e-07
6.86175251588029e-08
1.48120407296194e-07
1.08909505878686e-06
1.3496669706157e-07
3.03791877857227e-07
3.26118028160683e-08
3.38224324369953e-07
2.16712818702724e-07
6.41097907595078e-07
2.33825671960253e-07
3.09508112595178e-08
2.01289820785655e-06
1.01520243162127e-08
8.64202979575669e-07
4.44982302319307e-06
1.77617353411258e-07
6.11376306957506e-07
2.38298425887424e-07
1.48053339677893e-07
1.60940323810537e-06
6.01252305376051e-07
7.57506460878379e-08
8.71911816446967e-07
8.49195722089043e-09
5.00132325815464e-08
2.30735432239264e-07
7.94327537013272e-08
1.04493422126611e-07
1.27817945722863e-05
4.39341780749291e-06
7.86203651183234e-08
1e-06
2.78786010903782e-07
9.97570989166214e-07
9.94987987270303e-07
2.24546327719625e-07
5.21532233437991e-07
8.34682805166041e-07
1.30582443606147e-07
7.23152610463615e-07
5.04623002599623e-08
7.94327537013272e-08
8.83914120805067e-08
1.04976740708372e-08
7.94327537013272e-08
3.90745505593868e-08
3.72562280128621e-08
1.98867915496298e-07
3.25195411615619e-09
1.38134577969497e-08
1e-06
1.33066444988619e-07
7.17196526981328e-08
1.00518011789665e-06
2.40042681608877e-06
6.13875977298532e-08
1e-06
1e-06
6.84234815937838e-08
3.04768898235502e-07
6.44289503128482e-09
1.12862625450549e-07
3.80681285198028e-08
3.22162933763624e-06
6.55866598868303e-07
4.93815768850368e-08
7.01463486183823e-08
1.17824307511053e-07
3.06351745721248e-08
1.71994925843317e-08
3.02145451916723e-06
1.17649422569212e-06
3.67369674908697e-07
5.76190265002529e-07
6.81910291516008e-08
1.54917703902902e-08
8.9921061423319e-07
8.78758796493966e-07
1.03433096625318e-06
1.17663163173927e-06
7.94327537013272e-08
2.08660151110332e-07
7.94327537013272e-08
5.75509893396e-07
1.43318452115053e-06
3.81637445063153e-07
6.33219919790889e-07
1.09755542181386e-07
4.2837376268942e-07
6.88186248877162e-09
8.24735879948373e-08
1.6195356774829e-06
8.5315775259888e-09
8.84352535131294e-09
1e-06
1.21957247369455e-08
5.53967097002322e-07
3.01377653137352e-07
1e-06
1.07466011739165e-08
2.28711754662008e-07
6.29579908274837e-07
2.70275861032356e-06
8.856781395311e-09
3.63940693691574e-07
1.10637523753852e-06
3.09766608727672e-06
3.6824145839108e-08
3.19777511165826e-08
3.91509377075862e-09
8.9342752099293e-07
1.96724554922303e-07
2.90667627227441e-08
2.37159885315895e-08
1.82579761851215e-07
1.20887175505487e-07
8.93798957792804e-07
8.91555226465447e-07
2.31186167557512e-07
9.07354230724765e-08
1.87569580744255e-06
7.94327537013272e-08
9.80235993486723e-07
8.16409557630652e-07
8.67341158986559e-06
1.62955699155476e-06
7.94327537013272e-08
1.23881255513784e-07
7.94327537013272e-08
3.84972090096496e-07
1.11721904035715e-06
9.14463850004329e-07
5.17711111857161e-08
7.94327537013272e-08
9.61881729080907e-07
7.94327537013272e-08
6.77094393767827e-08
5.74625841471467e-08
9.20758028058342e-08
1.45627970514756e-08
1.10092402051418e-08
7.94327537013272e-08
1.83423092667606e-07
5.1844686276423e-09
5.06025994948674e-08
1.82119998688937e-08
1.1073505709062e-06
2.03349112233658e-08
2.16994634801758e-09
1.00028413486539e-08
2.14021165694014e-08
1.51973212371627e-08
8.09077547088279e-09
1.2018263667487e-06
1e-06
1e-06
1.18317236650653e-06
1.04342343693612e-06
9.15571318504328e-09
1.0438069706475e-06
2.26061103979801e-09
7.94327537013272e-08
7.94327537013272e-08
2.26933922423698e-07
2.73006999330793e-08
7.94327537013272e-08
1.01109629186346e-06
1.49819472701932e-06
6.56163996582301e-09
1.52720854010787e-07
9.90467372422056e-09
4.73499923332714e-07
1.26406853180251e-08
1.11805051132636e-07
5.81418422101902e-07
1.83480279626101e-07
6.25949970976637e-08
9.93319521905264e-07
3.50314282669608e-08
1e-06
9.39432176870868e-09
5.52521732297737e-08
1.77882799172506e-08
1.59515925650751e-08
3.95377609130301e-07
7.28464387255544e-06
8.37932696920219e-08
9.10525283907317e-08
7.94327537013272e-08
1.50733842980965e-08
3.90257214496024e-07
5.5813456199605e-05
8.53328853099127e-08
1e-06
1.41619446654985e-06
1.33483596362229e-07
8.23809969964704e-07
2.32870439079034e-07
2.22436374894928e-08
2.5756749119765e-07
8.48374665548252e-07
1.09777327804142e-05
8.32452067193623e-08
2.95422300283105e-08
1.0781609453219e-06
2.03622623357905e-08
2.42208171037304e-07
1.37718621237398e-08
6.30957621586153e-09
1e-06
7.94327537013272e-08
6.32067898170065e-07
1.90949548160007e-08
2.86877587826319e-06
1.03516839079253e-07
8.08671940647856e-08
1.129472164124e-06
7.64713565160682e-05
1.05862524668001e-07
4.50273180529693e-08
7.49406277887743e-06
1.21001023917105e-05
1e-06
2.18138188199286e-06
1.41965434582562e-06
1.19803188957313e-06
1.82927783005747e-08
9.41216000743086e-07
1.99920199563658e-09
8.24065240091426e-08
1.02022624124563e-05
2.30094102966872e-06
3.93078904462803e-08
1.0916438531386e-08
5.58625709431719e-07
1.62220124776374e-07
5.39104673221423e-07
8.42427722209394e-08
8.32888784665005e-08
5.12209148651714e-08
1.496485743425e-05
1.38091409508324e-07
9.6990475221506e-07
2.67478381620657e-07
1.11229911979491e-06
1.00075077518343e-06
9.92855357346617e-08
2.08312485412525e-07
9.6521477717747e-08
1e-06
1.00256586601692e-06
2.42212819061404e-08
9.96058717693307e-09
2.6443683975767e-06
1.03114199915671e-07
2.79570983319191e-07
1e-06
7.24112395661343e-08
7.94327537013272e-08
7.99971274368067e-08
8.08261827929198e-08
1.37326154554233e-06
4.34121388052719e-07
1.21327262644109e-06
7.94327537013272e-08
8.76074505352576e-07
7.94327537013272e-08
3.65386736197276e-09
1.33442848982116e-07
2.51808197227911e-08
3.33272702713059e-06
2.54754344878054e-09
9.89173896858841e-07
9.56810557504924e-07
9.55914691442046e-07
1.21865191418231e-07
3.20261063976443e-09
5.84365912215469e-08
4.03547896922306e-09
2.26709011416636e-06
8.10278720826383e-08
3.06175475162796e-08
2.50678831839093e-08
2.0787120809512e-07
5.98310728911945e-07
8.19585874436789e-08
1.00132202873177e-06
8.60082551438256e-08
4.63529361300508e-06
2.00927505253129e-08
1.08772533988534e-07
8.35602298945168e-08
1.45590516091247e-06
1.78062769002777e-06
7.42335462693127e-07
9.17794246376295e-07
4.29023895374596e-07
2.84579958910159e-08
8.20068176171855e-08
3.95681903241836e-07
6.82363340395883e-07
7.27819889557332e-09
1e-06
1.02606469614312e-08
4.39348854482082e-07
8.26781836391628e-08
8.53426680828156e-08
8.17427834716603e-08
1e-06
6.33955446105099e-07
7.94327537013272e-08
5.77652064649539e-06
5.84009639776262e-06
6.27607564257083e-07
1e-06
1.7351210973601e-07
4.22404421338754e-08
5.30277216533966e-08
4.30714186282412e-08
8.37733717746291e-07
1.08721290085118e-07
3.29185742245342e-07
4.79091114706505e-07
9.98994211607058e-08
7.94327537013272e-08
7.98469526908918e-08
1e-06
1.74430190720094e-06
4.99719309556579e-08
5.3236164718648e-07
8.34070187819573e-08
7.94327537013272e-08
5.04507341598329e-06
1.74761263059504e-06
6.56093049541287e-07
1.06623159825998e-06
5.18929097758767e-08
2.05364628329609e-08
2.20430355885636e-06
6.78988630971678e-08
1.51011360407548e-05
1.04250646172597e-07
1.35518639673347e-07
1.07957329038e-07
4.92051856555043e-09
5.93577509708773e-09
3.49055302505631e-09
6.94662613949867e-07
9.84253219214454e-07
9.99527259454409e-07
1.00632230975642e-06
4.9018995502181e-08
5.21759867103817e-07
7.94327537013272e-08
7.56047484296814e-07
2.16034137911462e-07
8.13591060011391e-08
7.94327537013272e-08
5.69155180059451e-08
1.82511195243219e-06
1.07078463944697e-08
5.81566831171798e-06
1.22266655125768e-07
7.08288522855727e-07
1.81288394109212e-08
1.44431606674441e-08
7.99267949008426e-08
1.65565005519368e-07
3.96221936782852e-07
1.01773753485377e-07
8.07966541180047e-08
9.94056019665621e-07
9.19654189083383e-07
2.33961984857472e-07
1.3008257781467e-07
6.82937461329161e-07
1e-06
1.3578922368673e-08
7.99895521923897e-08
1e-06
1e-06
8.10977174111033e-08
1.13161755003098e-06
8.61472930909229e-07
3.68411688172901e-06
8.30893471519193e-08
3.54844242238149e-06
3.42644820207719e-07
8.50193064768273e-08
8.81301961829146e-07
1.67167888284964e-07
2.60144323346414e-06
7.94327537013272e-08
7.94327537013272e-08
1.39188119899021e-05
4.16536903293399e-08
7.14052989769603e-08
4.30054156249794e-10
1e-06
1.21701012651627e-07
8.12540514387721e-08
1.69284081656885e-07
1.09683370671739e-07
1.49266937978203e-07
1.99672955627485e-07
7.94327537013272e-08
7.94327537013272e-08
1.47308764099694e-07
2.15487258479272e-07
5.69549863240729e-08
8.20811770731129e-08
9.32075279707347e-08
1.47628859366325e-07
9.15324081784263e-07
3.05883920075119e-08
3.21981560942876e-08
7.94327537013272e-08
1.21318323787379e-07
7.94327537013272e-08
5.55306286498738e-08
1.55345353906038e-07
3.16854466378696e-07
1.86282690364546e-06
1.26091868039772e-06
7.82263946694491e-09
1.09815311519133e-09
4.51543273849524e-08
3.59012002413179e-07
9.66547706796461e-07
1.02781295322968e-08
9.7009052660536e-07
9.48231992775129e-08
1.00832275495875e-08
9.94647702049556e-07
1e-06
7.95477154638906e-08
1e-06
9.90245945876277e-06
8.01559491012384e-08
1e-06
7.96270031839877e-08
4.08063737593363e-07
7.95772111622575e-08
3.25490540783775e-06
2.18878975178669e-06
7.94327537013272e-08
1.00457347612318e-05
8.07969995511874e-08
1e-06
7.95339189790036e-08
5.27378417570279e-07
2.52010381910284e-06
3.91690567176431e-08
1.33571839403135e-07
1.16151800212625e-06
5.55202560432568e-07
1.97155077299091e-08
2.10721666969396e-07
5.75178827723668e-06
8.07763805469589e-08
7.94327537013272e-08
1.26008249853496e-07
1.99463069857882e-07
9.79281841748026e-07
2.64939036882663e-06
9.9008732837175e-07
1e-06
8.02347558214943e-08
3.49219800980229e-08
3.10406950880313e-06
4.32741179168172e-06
1e-06
8.40486010525756e-07
8.05406317811545e-08
2.13658567683196e-07
7.96897348914987e-08
1.56309909143263e-07
8.34919163392416e-08
7.98300887024869e-08
3.07586761848152e-05
3.07560422611115e-08
1.1136085464253e-05
1e-06
2.57082204124563e-07
2.68345412069123e-07
8.6156996308879e-08
1.24822909964449e-05
7.16274861753944e-09
2.54532710231998e-07
1e-06
8.39979104840834e-08
8.58138741587558e-07
1.03181622979779e-06
5.83861640169416e-08
1.97048232757974e-06
7.94327537013272e-08
1.64215376496666e-07
8.02183431831693e-07
9.74001315343579e-07
3.30569728027695e-09
1.21849686150941e-07
1.15144198387226e-09
1.1192048087084e-08
2.38853212667045e-08
3.55805089292251e-09
3.88044625502444e-09
1.33090244236301e-06
1e-06
7.94133437744434e-09
9.04358528207177e-07
9.67096495428954e-07
4.44968438368825e-07
1e-06
1.72984703814609e-09
1.85092907354216e-08
7.95287080893712e-08
1e-06
1.64762425304448e-07
1.02453432250211e-05
7.01735546199189e-07
2.45452959342129e-08
1.43658830729613e-07
3.93022281770898e-08
5.4722844464626e-06
7.09966307912404e-07
4.60461465010408e-07
6.23138560431197e-07
7.95480889158902e-08
7.99933472642441e-08
1.32916850488297e-06
8.00432210102211e-08
7.96679176625012e-08
7.94327537013272e-08
2.65204212923771e-07
1.21939007696581e-07
2.49581301903737e-07
1.92563093127359e-05
2.18948987654022e-06
7.97815984658739e-08
1.04313794588528e-07
9.19520883191191e-08
1e-06
3.15938897815751e-08
5.61206872516575e-07
1.24631287307697e-07
5.58330683145848e-08
1.06919344314807e-06
5.59936300076409e-07
3.23534777603467e-07
1.14090249824069e-06
1.61338850099036e-07
9.88904117169614e-07
1.8209897614532e-07
1.40033247446369e-07
1.77905032242991e-07
9.65797367098871e-06
2.87057777120445e-08
3.41253204319729e-07
9.99392000782599e-07
3.78368455113853e-07
1.31958214964022e-06
9.96727892046684e-08
7.9549811270933e-08
1.29914647863185e-06
2.59831629259508e-08
8.7958158164143e-07
6.97039402486214e-09
5.80827299475823e-06
1.68891508303898e-09
2.72178372762959e-07
1.09997464360847e-09
1.29205875040354e-07
2.76645630728505e-08
6.4539744813514e-08
1.43181262107743e-08
9.20735297134543e-07
9.26676587513623e-09
9.85447449238814e-07
4.23734687925869e-07
1.08328369109085e-08
2.66472899519388e-07
3.1029329779703e-07
1.13180163076332e-06
1.73031492436747e-08
1.22026726132677e-06
9.62623513353362e-07
3.62988941119752e-08
1.21630871602885e-07
6.27411105634938e-06
8.15337724130264e-08
3.66945101151326e-07
2.96922628867236e-07
1.87406156265294e-09
7.79464119313295e-09
9.23885986453344e-09
4.63562682382773e-09
8.67740114380624e-07
9.91177578406711e-07
1.55780206414159e-07
7.41372661050773e-07
1.52194178928181e-07
1.16324419450411e-06
2.55682204532944e-07
2.14723416334545e-08
2.99419629907427e-06
2.20599432930291e-05
7.09045709126464e-08
2.31235017768277e-06
1.88695511510057e-06
7.08490946271953e-07
2.14511269172711e-08
6.05419146455208e-08
6.73340224092473e-07
1.24352903617264e-05
6.29125967837833e-07
4.13736660235732e-07
1.65652018837114e-06
8.29578877028607e-06
4.19774585547041e-06
7.07878682471939e-08
2.50406339832606e-07
1.62680715651378e-07
1.41419002588098e-07
2.42623085162461e-05
2.68011757187178e-07
1.05467266467577e-09
2.52504546555683e-06
2.44604875202181e-06
5.33089511877601e-07
6.77926456201674e-09
2.78167884297345e-06
1.08963967781536e-06
1.65547293623919e-05
1.16483425949007e-07
2.76188815963725e-07
9.85813455865513e-09
8.99428627144394e-08
6.2874713198121e-09
6.91358854454394e-07
9.42710376057545e-07
1.0120793119974e-06
8.91278152007884e-07
1.83310269180157e-07
2.44015259555991e-06
7.91205241366488e-09
1.97117580910508e-05
1.39754728669951e-07
1.164692836048e-05
1.31915184226075e-08
2.57898994319228e-06
1.37272226808523e-05
7.50483622569243e-07
3.88401895458023e-08
2.02912007954029e-06
4.98195409664255e-09
1.67255360625156e-08
1.38005145805768e-08
8.23286812878942e-09
7.36383878527059e-07
1.08167481228563e-07
1.11255269180695e-06
3.80970132556519e-07
2.05417776866316e-06
1.30594400682102e-07
1.381660390367e-08
6.52164441501874e-06
2.42148172957545e-07
2.10027572094316e-08
1.52078166601511e-06
1.56527011162431e-07
1.15792789226952e-06
9.71599623845035e-08
2.56529969827264e-07
2.44306569480608e-07
1.80634600352139e-06
3.33973242184933e-06
4.96117539279355e-07
1.50041151949517e-05
9.69069541399913e-05
3.68535470059137e-06
3.37266203542262e-06
4.94570427648837e-07
7.67369994468827e-09
5.23935939903959e-07
1.35367735670672e-07
2.33304441815737e-07
6.66737250458844e-08
1.80869707229646e-08
5.3157549622889e-08
4.65534348827598e-06
1.70690641518506e-06
1.8430945785709e-06
2.64498657054077e-07
1.5166767281053e-07
3.62785831094499e-07
8.41869804106145e-08
6.77814102892021e-08
3.62031266939862e-09
6.58089543738259e-08
4.8656476476799e-08
5.61252679256489e-07
7.4606048719422e-05
4.86540920734863e-07
7.51647085271415e-05
4.59925586964594e-07
1.47578425696009e-08
2.9994676368572e-08
9.94157223272491e-07
3.20027341095722e-07
4.37272992657497e-06
4.87550249308371e-08
1.75168546629709e-06
9.48522779763144e-07
9.80786829599683e-07
9.76629664677396e-06
2.4918508592517e-09
4.56876076886928e-07
3.63730333332872e-07
1.44701185906262e-06
2.50599429612483e-06
1.12656932880016e-06
4.41303356301359e-07
4.77302139442261e-07
7.74274451383062e-06
4.46455743872097e-05
1.99644047285863e-05
9.95699072485861e-08
3.05892269813421e-06
9.09343780160792e-08
2.30585000776411e-07
6.38741942209251e-09
5.14963510761427e-07
6.56710693540989e-09
6.78278209141755e-07
2.9035106441629e-05
4.5206539935333e-06
6.34194868577067e-08
7.30474063105014e-08
2.10112530153582e-07
3.69132354529851e-06
4.39014496201087e-08
8.20401515361713e-07
2.58071649913633e-05
6.30957621586153e-09
3.3778069282087e-07
5.5057670065574e-06
2.79147288897301e-06
2.28719226917709e-07
2.91002995075547e-06
2.29326038921228e-08
4.5974279486835e-05
1.62805447749796e-08
7.26065715793525e-06
2.10107671427492e-06
3.01239403627458e-06
1.91626775439823e-06
1.09333357119217e-05
1.12359325046785e-07
3.51832141474567e-07
4.40746720191292e-07
7.86451072952437e-07
3.63341915551377e-06
1.20556267007411e-07
1.80278131991946e-06
1.21444729455008e-07
5.4488877739149e-08
2.7257160815041e-06
2.06420103802003e-07
7.06461284114135e-07
5.31280464841446e-08
1.15421261882448e-07
7.3667116426212e-08
5.89207375836657e-06
1.09794431796317e-06
3.43390696181389e-07
4.64321198080728e-07
1.17966903870726e-05
1.7709686661046e-07
5.72405848573942e-07
8.29497025911316e-07
9.66463218675076e-07
1.05553841854508e-05
2.21540588403455e-07
2.49474138843983e-06
1.26290210740072e-05
3.2115118540249e-06
6.46770417042088e-06
1.43043924005444e-05
1.77099313692247e-06
2.42517084138234e-06
2.47973891340907e-06
7.84181933970189e-06
2.17356858042469e-07
1.47293581784332e-06
3.75079871648052e-06
1.0829579442824e-07
6.58111480613196e-06
1.03382669480998e-07
3.99785525965243e-05
7.14134283410381e-05
8.29850536090531e-05
1.52048955865362e-06
2.69605185834066e-07
1.58527088632871e-06
2.38877011535134e-08
8.17740837403024e-08
3.41255022777891e-06
2.31104882758069e-06
1.58489249640272e-05
5.86106736833013e-08
3.74857920926748e-05
4.39985183219213e-07
4.64023204313928e-05
5.35154395338035e-06
2.42948546781081e-06
3.76010402362925e-07
3.32247837312591e-07
3.79937455748394e-08
2.09438966751446e-06
1e-06
1.38166456418334e-05
1.18935798498145e-05
9.62494481100925e-06
4.61462981870686e-06
1.14109635387823e-05
2.12537262214327e-06
2.69031428985831e-06
2.46983331425567e-06
7.26543703308399e-06
3.47295080368392e-07
2.54330508583819e-07
5.65726100992463e-07
4.50011654615446e-06
2.5774710049223e-07
1.05270724020837e-05
2.17545820362299e-07
2.1490606170839e-07
1.80205429061617e-07
1.96997100716484e-07
9.30741741788755e-06
1.90028010699759e-07
2.0121629944851e-06
1.75893607049454e-07
1.65105573036558e-07
1.15688491213799e-05
8.05188498246047e-07
1.60360942140557e-06
2.08080152544738e-07
6.02700925232146e-06
3.94981463987413e-07
4.10802277579607e-07
1.818543968816e-07
1.75547637219059e-07
3.20278979991388e-07
5.1298509050836e-05
2.33173557356355e-07
4.52767446208246e-07
1.12413742401686e-06
0.000104176059262744
4.40940981446587e-07
1.83532726704194e-07
1.39550847656724e-05
3.07863952516936e-05
2.16889558208513e-07
1.40357965713162e-05
3.43599090322756e-06
6.27679958714692e-05
3.59446862372832e-06
2.24387127220494e-06
1.11499278532481e-05
3.10451796679089e-07
2.30383947698741e-07
8.09600115745685e-05
3.87474586474176e-06
1.84820061108856e-06
1.65165361247803e-06
3.31186901184143e-07
1.82464332953619e-08
3.90923791247236e-06
1.69098140606474e-06
2.36191603224424e-07
7.72026236625223e-07
1e-06
1.98090547923626e-06
2.54970914610115e-07
8.99317689057673e-07
9.43407316034513e-06
1.19644765492175e-05
3.91873570695848e-07
3.55790239557159e-07
1.47129281814232e-07
1.42365826765169e-07
5.88250539589943e-07
1.45024556834457e-07
6.64614150113668e-07
3.80241986229037e-08
3.9894204018552e-05
2.809379991932e-05
1.05400902068052e-07
3.86279797694425e-05
1.28756595279567e-07
3.35892938211608e-07
8.95546889486528e-06
4.17768136886191e-06
5.35290357996618e-07
2.83382161829491e-06
1.52292628190555e-05
1.09905824488482e-05
1.44150576586632e-05
3.23804028238342e-06
3.74973974005038e-07
1.10805490642302e-06
6.30265166335409e-07
5.82362457671823e-07
1e-06
3.84014986403842e-07
1.56504601528024e-07
3.93304817361222e-07
3.54528286919134e-07
2.73219529637719e-07
1.29646089459449e-07
1.00211631556217e-06
1e-06
1.51372470498783e-05
4.59604755743976e-07
2.72895828340971e-07
1.3867310896702e-05
4.03430966588678e-07
2.66557925794014e-08
1.59238994777844e-07
1.27486277765989e-07
1.36473094381695e-05
4.01524668726306e-07
4.86735752274993e-07
2.9980847877175e-07
2.48321757898154e-06
3.86632143131095e-06
1.9563279628459e-07
1.42205669029868e-05
1.25788186511008e-07
3.26766162843818e-07
1.14130811899976e-07
1.00355577762376e-06
1.36896421080415e-05
5.47968076777387e-07
1.62052847600005e-07
8.62891756417454e-07
2.06519646699959e-06
1.04616113070255e-06
2.22257274193775e-07
3.9747099282526e-07
5.88058120606499e-07
1.17523938296309e-05
7.80932992380696e-06
5.27088550238823e-07
6.91203422718819e-06
4.04258108470632e-07
2.2883858097016e-06
1.87733059820137e-07
1.87176254566797e-06
2.4513207861734e-07
1.56301891063798e-07
2.15669614271427e-06
4.02543627783754e-07
3.71314274928162e-07
5.7336810914828e-07
9.24999329820695e-08
2.21858097521691e-07
5.84564259307683e-07
5.20594467850805e-07
2.61814423374862e-07
4.3788939924437e-07
3.80453212779359e-06
8.76697827045216e-06
1e-06
1.87555242644414e-06
4.58240692571216e-07
1.1562290621585e-06
9.24434133508626e-07
2.87115606180071e-06
1.86647292793852e-07
3.92434892519604e-07
1.25354919336094e-07
4.2163902365716e-06
5.29633144257716e-07
1.64809251130082e-06
5.48821471227248e-06
1.11780293786024e-06
5.20906734258686e-07
3.66072132308502e-07
2.22281131948721e-06
1.13032116279259e-06
3.89104638832316e-07
7.15204732876758e-07
4.66225091713243e-07
8.46883299577761e-07
5.27966060636502e-06
2.59486619769491e-07
1.14557568413237e-06
4.8960466908675e-06
4.760625021307e-07
2.800654452935e-06
7.06709062735748e-07
1.22814527140813e-05
3.55468788551638e-06
7.927213190046e-07
6.72117011936377e-07
4.33877336303517e-07
1e-06
1.22552443458818e-05
6.97809908402325e-06
9.98099238944804e-07
1.31913257782134e-05
1.58489249640272e-05
1.16478367193552e-05
8.37701574338167e-07
8.00916141527752e-07
7.71018491708133e-06
6.89068381626512e-07
2.34044642312383e-06
4.72714598567668e-07
1.58489249640272e-05
1.67555192693851e-06
2.52843256971055e-07
7.71323938441395e-07
1.67025870242697e-08
3.45557924560404e-08
6.93748570635519e-09
6.82689463613031e-08
1.19583420689096e-07
1.10014640733273e-07
5.07675994843105e-07
1.40513891559848e-06
2.72443986404691e-08
1.28591693847891e-07
2.32248316023166e-08
4.09749825054677e-06
2.12581094360651e-06
6.01727255629075e-07
3.94878688690363e-07
1.58671858821095e-07
1.42316261424334e-06
7.03812873578555e-07
7.21013373109149e-07
7.58132170073973e-06
2.07292309098858e-06
1.51318811449709e-05
1.46693212880547e-07
2.81443390401205e-07
2.19866296295117e-06
2.57583192506492e-08
1.03450462934671e-05
3.05750938686664e-08
7.93181207284583e-10
4.21554171035583e-10
1.17484258825457e-09
1.13761510912697e-07
1.83893022888843e-07
7.94327537013272e-08
4.62846462143326e-07
8.78607502802254e-07
5.66207233475739e-10
7.01287476802457e-10
4.25317822213631e-10
3.97632104739723e-10
8.64796773712846e-10
9.94264709226358e-09
1.40749381874553e-05
2.71349358734134e-07
3.62988690275499e-07
2.91270976140933e-06
7.46146893763392e-06
5.16292659841849e-10
8.60950210901395e-10
1.61113129216216e-09
3.84911550694755e-09
2.15570285032282e-09
5.28776797795358e-10
1.03443404223535e-07
1.54095188197599e-05
3.12282036143687e-06
3.16227766016838e-06
5.04626882179409e-06
9.21435439358594e-07
3.79010527387027e-08
8.0329977152574e-10
3.44640832505744e-09
3.18717284183413e-09
9.41129875419293e-10
1.41921831795942e-09
4.74350295148721e-09
2.472324693927e-09
6.88620150726855e-09
3.16227766016838e-06
4.84784399525875e-06
5.55833406686382e-06
1.52105875533476e-05
3.129098989286e-09
8.83538475320212e-10
8.29949531568231e-10
3.56797089514326e-09
4.05438087077443e-10
3.69940685657973e-09
3.51848102641628e-08
1.74963215245638e-09
4.29115613519896e-06
3.00907245333443e-06
3.03329650422234e-06
6.83150418296946e-09
3.96772696000035e-09
1.69674767550507e-06
1.39357187487009e-05
2.38633733029694e-09
9.15828805314835e-10
1.66971590544119e-09
2.12671489889196e-09
5.30091039597038e-10
1.10815698274686e-09
2.3635476228172e-09
4.16188006754476e-09
1.36502046984784e-09
5.67420659268559e-09
5.64859168707013e-06
8.84052410930591e-09
2.31142346576759e-09
2.01625198545879e-09
6.72379185364359e-06
1.83959378815962e-06
1.33896629889789e-05
5.25917853063789e-09
1.07948348400798e-09
4.75212611169357e-09
3.03894535059460e-09
5.81476486794093e-09
2.33789985445733e-09
1.32037334288342e-09
3.18078014581357e-09
6.83854542910807e-09
1.24130142218232e-09
4.72746571224193e-10
5.08832951603792e-10
6.404613267971e-10
8.71551469822792e-06
8.0368689468901e-06
1.65251399202594e-06
1.13151883927091e-05
4.58870788183701e-10
9.27185714560052e-10
6.98901370336899e-09
9.38924798357761e-10
1.06728208692719e-08
1.55928837376486e-09
8.72595989583586e-10
6.71313766560879e-10
6.12295001464802e-06
4.38763389492239e-10
9.50287462928405e-10
4.07851632096154e-10
4.16912382897263e-10
3.49084446629294e-10
3.4011773605113e-10
3.06569771259392e-06
1.12047786265591e-05
6.58698528893606e-08
1.4196502287074e-06
1.26626790361423e-05
2.62686528872292e-07
1.47392997724495e-09
1.12428727110874e-08
3.64960269006928e-10
3.38760130829768e-09
3.5731780904917e-10
1.34772737126349e-09
1.56553947402613e-09
4.23417934600699e-10
3.78053342227113e-09
5.01299706169441e-10
7.6488614833778e-06
9.3551397536684e-07
9.49453669175578e-06
7.50911525413528e-09
7.22875471394272e-07
4.99908156163348e-06
7.54140424077875e-10
8.87633131614165e-10
3.19225183715272e-10
3.16227766016838e-10
3.16227766016838e-10
1.54165115709811e-09
4.59361604572225e-09
1.19346001097625e-08
4.62049379302524e-09
4.76257373392273e-08
7.93093476534419e-09
1.35950671382516e-05
5.10786867917042e-10
6.07731411228096e-06
2.89924506178917e-06
4.21683029063486e-09
4.50719089166998e-10
3.33802767399029e-10
3.16227766016838e-10
3.16227766016838e-10
3.16227766016838e-10
3.16227766016838e-10
1.05396013962245e-07
3.79620912293888e-07
1.31287516663204e-08
