8.24298211638469e-07
2.72946117867279e-07
1.47737020132952e-06
2.20218884255169e-08
1.9932380497426e-07
6.64562121707767e-07
4.76066963344501e-05
1.36671853112005e-06
4.41032287894175e-07
2.32091512003953e-09
6.46132556416837e-07
4.74282125898305e-05
5.15708108658867e-05
7.82923962293074e-09
3.78259972023692e-07
2.7641479606198e-08
2.69588982446146e-06
1.81952292296654e-06
7.28691537562056e-08
1.11032489078984e-06
1.37835459676464e-06
5.32705622286948e-06
8.51585192638419e-09
1.42323431037233e-06
0.000323907207603861
8.49179023596424e-08
2.25614461017302e-05
4.98081820580285e-07
5.29146411283377e-07
4.64073892613826e-06
6.9242801405426e-07
6.42606567179386e-08
2.59516841938794e-07
1.84493062970375e-06
9.9598197454475e-07
7.13988553880527e-07
1.51149373134385e-06
7.48721324664225e-07
1.42124051562278e-06
4.85698077563159e-06
7.89424040265647e-08
4.46112553368159e-06
6.0374124299123e-08
3.4689759239752e-07
2.56123167076446e-08
3.02957115420582e-07
8.51313959026052e-08
2.83166926495485e-07
2.78331558472502e-07
6.39555476669352e-07
1.36870800777993e-06
9.57043767924582e-07
4.25021353250394e-06
9.95297218604157e-08
7.00231175677264e-08
0.000150205589766132
1.20219805039576e-05
6.2171145925411e-08
1.95099199215375e-06
1.97184385572387e-07
8.30366540805237e-05
8.04254695689946e-07
2.29146761236275e-08
8.82391090352318e-06
7.20892346321844e-06
5.25309102186498e-05
2.52865545606969e-06
3.02856530311896e-09
7.82300738530577e-06
2.16054477364913e-06
1.16047589961905e-06
1.17939990814204e-05
3.73835222576655e-06
5.09338580934845e-08
4.28356535068353e-07
5.39131558015016e-07
1.95361762725375e-08
7.75634037549506e-08
7.33758183638524e-06
2.8787987301859e-07
1.64883605598038e-06
1.11165944331364e-05
1.08493459679613e-06
7.11195131337687e-05
1.43472943883303e-07
3.19277638313415e-06
2.60404995613073e-07
5.88772638427067e-07
2.69244485132857e-06
7.89255010961149e-07
1.61846493576012e-06
1.40023865493423e-05
2.08948074112848e-05
2.28621856930378e-06
2.82024891590531e-06
1.08099929818104e-06
8.2605669737103e-08
1.8101425189463e-06
1.04856187317561e-06
2.36446508634419e-07
3.0371092174218e-07
5.68718251034351e-06
1.82666823409833e-06
6.73799458729169e-08
4.20242859282562e-06
5.10695743562995e-07
1.6609252540285e-06
2.10114825807229e-05
1.43008061187894e-06
2.55456212838833e-07
2.61108912508779e-05
3.6826728556062e-06
3.3336588724821e-06
9.58465832944867e-06
4.9596502653415e-08
6.28042628783316e-09
4.24543051514651e-08
4.5301414509114e-06
1.57100055183852e-07
6.63260995480256e-06
1.95619783246313e-05
1.65198519642523e-05
2.22083057832385e-06
2.4020611013614e-07
1.55764339621376e-05
2.03090705160762e-06
4.25754273844393e-05
9.95144964113313e-08
4.16339096738723e-06
4.32412247255551e-07
4.58865308284401e-07
7.05203960487586e-07
6.65305022084206e-06
4.35038240242866e-07
3.05611678615853e-07
3.80304344217668e-06
1.15329142060346e-05
6.48350775979415e-08
3.80657040694148e-09
3.90002767150219e-06
8.21732550300105e-05
9.59867502060281e-07
5.96493082239321e-07
2.49109614296338e-05
1.27586747489463e-06
1.39825033836409e-07
2.0883143966772e-06
5.65535873184663e-08
2.00354039576326e-07
5.49643906994538e-07
8.17560255168746e-08
3.5092116043848e-07
4.23549835581106e-07
2.48185297086892e-06
7.52168348900904e-08
9.61332819059787e-08
6.84884450073656e-07
2.22553394990575e-06
4.64618722701407e-06
4.45486182690852e-06
4.46811319137707e-07
2.70660465510326e-06
8.97145252247858e-07
9.32475373702457e-09
1.88495868198651e-07
7.24872256512415e-08
1.66667711684772e-07
4.53646393806052e-07
1.51406848429501e-07
1.87394295407198e-06
3.6293505278752e-07
1.91379885783844e-05
4.71578927599206e-05
5.72741353507493e-08
1.15991436475875e-05
2.23461957869236e-08
7.10148865694083e-07
3.27917140498763e-05
9.83580190440782e-08
1.15389081655843e-07
1.30540059042816e-06
9.11569638154756e-06
2.70493254392821e-06
7.22483310105808e-07
0.000167004783054273
3.96331855599357e-06
6.89512802986563e-07
2.83548059943738e-07
1.003371543783e-07
1.02717569888892e-05
8.34004505664245e-07
7.77952141918646e-07
3.38458727061908e-07
1.44252923929899e-06
2.31574055188984e-07
3.77812960518548e-06
7.11399031284853e-08
2.54956305837975e-07
9.99489336422953e-07
2.1861609965674e-07
2.3262192478768e-05
3.14801765280794e-05
2.12763359366748e-05
1.4696964349613e-07
1.99105175869004e-07
2.77461749555191e-06
9.21962610736791e-07
8.30919265442862e-06
5.19422500458743e-07
1.76392467042248e-06
1.56481246959515e-06
9.03820355342488e-07
6.36925444271668e-09
1.16879611309643e-07
3.82356879063309e-07
1.08907388847644e-07
5.87207083245912e-08
3.93257406487173e-07
5.54919069818405e-08
1.36848211752291e-06
1.79919993222045e-07
2.29764108792145e-08
5.2605169780736e-06
3.00723864393543e-05
8.51680150710611e-07
4.56153996618313e-07
2.74713870135928e-07
1.20002290016664e-06
2.705144025531e-07
1.84897396351799e-06
5.2241940300628e-08
7.70856681342662e-08
4.24911232872989e-05
8.11295219367212e-06
2.48521506704151e-07
4.56124019849731e-08
2.07574283705381e-06
1.24719676442589e-06
1.08687345236638e-08
9.20064010467153e-07
1.3092554137398e-06
7.62191528389886e-07
1.93369335279948e-05
3.31828815372855e-07
1.3899877221175e-05
1.14780617411428e-06
1.15718675172942e-05
1.14304757111414e-06
1.28939687534226e-06
1.6277976421893e-06
4.5260291486119e-08
7.508065901834e-05
1.38959677156884e-05
1.34153701163066e-05
1.16819927778843e-05
4.17883944162775e-06
3.59938494297827e-08
1.07008387090423e-08
1.34832468015427e-06
2.57513574640274e-07
1.30742560701258e-06
4.91447216268323e-07
3.6447928335052e-06
2.91469085328275e-07
3.34095609318036e-07
2.84366451692149e-06
8.41831576413538e-09
1.48501574897914e-06
2.75496077436681e-07
4.95388139659285e-06
9.7431033843081e-07
1.65879183513113e-07
2.15451652527081e-06
1.7723863251227e-06
1.42679493795913e-06
1.95259377899917e-07
2.72899714705142e-06
1.18966041186112e-06
1.11047357607601e-05
0.000161464712214543
2.12810429841558e-06
9.43538725650572e-07
1.17125277300969e-06
6.31633523264596e-06
1.39620642754859e-06
2.64855116305188e-05
2.26441030992916e-05
1.9022408161771e-05
1.97181321924042e-06
2.24435556001523e-07
2.52388325548743e-08
2.00619143356183e-08
2.38201367425903e-06
3.00405862222034e-06
7.84677849377926e-07
6.85520060276656e-05
3.45079872923538e-08
8.38601685989151e-06
2.18939268209185e-06
1.69469183310089e-05
1.47110547949133e-07
1.71493786158787e-06
3.85262752790385e-08
7.88563960561012e-06
7.76170809749987e-07
2.95281951618118e-06
2.67561153773164e-08
3.36196103297393e-06
9.44575927523519e-07
3.11469685663647e-07
8.44359673254097e-06
1.15544324718492e-05
2.49329076761913e-08
3.21251615849845e-07
5.53544018898953e-06
6.55810685228578e-08
4.90405365251468e-06
5.35402575584693e-06
1.57875978177871e-05
1.15585966484406e-05
4.88018743040003e-07
2.74163251030769e-07
2.47064263381951e-06
1.43553159559789e-07
3.23316065257162e-07
2.22187717776741e-06
3.47928020712982e-05
1.86003876151625e-06
1.85082109332506e-05
9.36835808254427e-07
4.14818924602035e-06
1.04654349206115e-06
1.20055890609252e-05
1.57497646243301e-07
3.32988439946974e-07
2.26798368079726e-07
4.81285333859214e-09
1.00315364558898e-07
3.62442363425378e-05
8.08837729910293e-08
1.91579219926235e-07
2.41890281127382e-06
3.61041605673135e-08
1.44225413832857e-06
1.90665512568573e-06
1.10276465390526e-07
1.71572913590493e-06
7.81401528746036e-07
8.15281030912698e-07
1.98160918584082e-07
2.16859712001261e-07
2.23796341399849e-05
3.75170460497957e-06
4.74881008574357e-07
6.51412201389651e-09
5.749427135633e-07
1.16768974285373e-05
4.36348379970377e-06
3.11739901044614e-05
2.31139341144282e-07
8.25047987949131e-07
8.02254347143402e-06
1.01437057149128e-06
7.09988041066084e-07
1.51027083946564e-05
1.55161426912843e-08
4.64558089953623e-06
2.9324013927887e-07
3.75001740485777e-06
5.33639537316314e-07
1.84775621953344e-08
6.68551681280393e-06
1.88775895556181e-05
1.36246319277418e-06
2.80649308282466e-05
1.8025388260878e-05
4.25709816842195e-05
7.58592716030523e-07
1.64390818626287e-07
3.1078506769786e-06
8.83838416781655e-10
3.62668057975662e-07
4.06947530438521e-06
1.0792638089805e-07
7.15051855453203e-06
4.06743700896515e-07
2.47306302369457e-07
2.53801506135903e-08
1.12201901333038e-05
1.31602734801259e-06
2.03146556385195e-07
5.3656929585096e-07
1.43018680062059e-07
4.41354311131732e-07
6.13273617253048e-05
5.4898478913687e-07
2.87478394460194e-06
6.98499419952892e-07
1.7515114161532e-07
2.53911134610725e-07
5.03088806081603e-07
1.8242341787866e-07
4.17100185948778e-06
3.03306733036717e-06
6.71010064172018e-06
2.93764057491345e-07
3.80442630356527e-05
6.61301104259431e-08
1.69044808162639e-06
2.97563969896849e-07
1.20899249724935e-07
2.08458764140216e-08
1.11010854665629e-07
2.57064989712802e-06
1.97096447371543e-06
5.16497950207278e-06
4.19965204808346e-07
1.2676436985714e-06
2.32458504050701e-07
5.61684818628021e-06
1.12601825706838e-05
7.05832556329984e-07
4.76304247026783e-06
8.52499353007947e-08
1.07062689261702e-05
1.64364985290967e-05
3.67021543481044e-06
1.45517101528316e-05
2.99919212032576e-07
1.22302639967902e-05
4.53589664255096e-06
0.00010129275012682
4.33198458559556e-06
2.2675385196016e-07
1.14781346905868e-07
4.04238875641231e-07
8.16310586137023e-06
5.73527489161253e-07
3.44767913512186e-07
2.42326552102813e-06
2.97856350474495e-07
5.14873090187781e-07
3.30231318874348e-07
1.17878723713042e-05
7.89608123156617e-08
1.92824819911666e-05
2.39697057232713e-07
2.67778958487007e-06
1.32629591811831e-06
6.05143292022583e-07
5.99622647386829e-07
7.82109936521304e-08
6.07243800538505e-07
2.22509009892927e-07
1.59746882000738e-06
2.49807635078805e-05
1.93419688194821e-05
5.07775035353675e-06
2.16898675865475e-06
1.23911659922577e-07
1.73702991324332e-07
1.21223471972176e-05
2.79819615933629e-07
3.51172349317608e-07
7.24468876681907e-06
6.03827990975629e-07
1.93016885009749e-05
6.16669743149691e-07
1.42108916264753e-09
2.74938580187999e-06
3.60524051444833e-06
5.19422486459392e-07
1.36104709685333e-05
7.95032348169562e-08
6.47567065368826e-06
5.16028141073563e-07
9.07577798395124e-07
6.75067085646407e-09
4.7582764243749e-08
1.19139201347672e-05
5.54954219319521e-08
4.15578649551764e-05
5.57438729809799e-07
5.53351306536453e-07
9.45846818882965e-08
1.1853203445241e-06
5.63505156547645e-06
5.24311336091145e-07
7.27813629400634e-08
1.03190525636361e-07
6.37876278593479e-07
1.66149651451225e-05
2.0690318437402e-07
4.73007564246147e-07
4.81788888923628e-07
4.1835918542494e-08
2.62431167408397e-06
1.79929060716324e-06
1.72152497626687e-06
3.00559986067425e-07
8.36799676036681e-07
2.12137098667124e-05
1.07687793896283e-09
2.81714460208428e-06
1.57764476270624e-05
5.06318313366785e-08
3.52285455432094e-07
6.74256133523382e-06
0.000157553866401385
1.74246555573734e-06
1.2951759828018e-07
1.11811057705366e-06
1.140638414854e-07
1.42331019084815e-05
6.90819755418924e-07
2.20037602383753e-06
7.06934147094792e-05
3.92262247775334e-08
4.44727449889174e-07
9.30500179292488e-07
3.01341847150591e-07
3.70404167103738e-08
6.66911857901987e-08
0.000680457828246365
4.08700510149016e-07
6.62543500023774e-08
4.07847070046899e-06
4.90465295940661e-08
1.44178158780698e-07
1.41865258070026e-06
2.18217161747978e-07
1.03859809786595e-06
1.88898019973299e-07
6.75954151924556e-06
6.9689317351157e-05
7.95018082871031e-08
4.33998265099144e-06
2.14588027926307e-06
9.5299199503764e-06
3.36264815501558e-06
2.04480956818002e-05
2.34868593533404e-08
2.31506388528849e-06
2.90760656188461e-06
1.49978854683744e-06
9.28814793000311e-08
4.75835331561165e-06
5.24362907271281e-05
4.68654648695533e-07
5.93302342084647e-06
4.71348132225973e-06
0.000133219442209836
1.20680787572515e-08
5.15151291790637e-07
3.84846495558903e-07
3.67299097261594e-06
1.61719412685316e-07
4.19134473213655e-05
1.5816029242658e-07
2.26787371698281e-05
4.3594706631173e-07
2.98501464359979e-06
2.79296917288418e-06
1.28856038997824e-05
3.17375526021011e-07
5.05497556046392e-07
3.57113050364524e-05
0.000142517503084871
1.20794279940721e-05
1.30667160513312e-07
4.04559874667201e-07
3.90190998134932e-07
8.39929866797784e-08
3.59737749664912e-05
0.000323134615829791
3.1474144551918e-06
2.95074423026003e-06
3.83774777306289e-08
9.57525542950316e-06
8.92146342230308e-06
0.00018577782121956
1.15060250331744e-06
7.78487890901803e-06
7.89460720624957e-07
1.72042376209084e-07
1.18564671170945e-06
3.71827552483598e-08
5.43063679345864e-05
1.62110959136417e-06
2.33526706669034e-08
6.03945986690894e-08
5.86178854621851e-07
8.30972375676478e-08
3.43385689915034e-05
1.15405222197761e-05
9.31622534176442e-06
4.81220095588184e-07
2.29301290181793e-07
1.15521152780611e-06
2.36101106372873e-07
1.34499002853128e-07
5.43714163888003e-07
8.91422152567781e-06
9.48628765154978e-09
4.33327904558068e-07
3.00244834599357e-07
2.00837465830968e-08
2.68567605030296e-07
1.05938999232416e-06
3.27910627091397e-05
2.6869271200202e-07
0.000212725115279684
6.21432697219119e-08
1.44076669920572e-07
4.97666550278155e-07
1.86991907884752e-06
9.88339672036983e-07
1.93040224215059e-07
1.4065663392562e-05
1.75788103587902e-08
8.025604940103e-06
1.06205833112191e-06
7.96701606047239e-07
6.47486475704866e-07
5.79493871276935e-06
6.04123396199695e-06
1.78781024812695e-05
9.75794156397216e-08
2.78328722345002e-05
1.90071448709049e-07
5.50501446110274e-07
7.83177394036231e-06
9.57941809543508e-06
0.00164425771726145
1.73694990330704e-07
1.69077693164316e-06
1.96538699099066e-07
2.29325425410926e-07
9.6460580830494e-07
1.88920742304202e-05
5.92384174341106e-06
1.90185665370735e-07
1.15318201595393e-07
9.07604208619265e-07
9.7135086153553e-07
2.25314619461356e-06
1.33513646926754e-07
1.62595522274839e-06
3.58528942700866e-07
1.1301426884608e-06
4.17447310693592e-07
6.40037729092242e-07
5.79026895912855e-09
3.87120728892484e-08
1.11198714251437e-05
2.19217558291652e-06
6.07362202172594e-06
1.37587526844761e-05
0.00013907219754674
9.5666547774973e-08
4.28844353417472e-06
9.72435191430637e-06
3.70994499149841e-07
7.78521091899164e-06
5.17791138877061e-07
1.04975121690794e-05
8.14227444591362e-07
4.0167813865543e-07
1.29997289688746e-06
3.61428436784579e-08
4.72644863847256e-06
2.65076165662672e-06
4.40299827263729e-08
1.57013214396988e-06
4.87442399168364e-06
1.44982001732579e-07
5.98092404267172e-05
4.04327420381098e-07
3.41635652948441e-08
2.56925869466597e-07
3.36786070635928e-06
2.19734742461823e-06
1.4801016186631e-07
2.61524008059206e-06
1.66802058998474e-06
1.8342118162446e-06
4.92332322675208e-06
4.71953764168055e-07
1.21758997587154e-06
4.54217293914462e-08
1.37325155598034e-06
5.58095702320675e-06
4.42483278109479e-06
2.7583280151553e-06
7.93824156452327e-08
5.41529213126455e-08
2.00570040101389e-06
1.57398248150159e-05
2.89980286281366e-07
1.22213098928126e-06
9.87109901881143e-06
7.3847624588091e-07
1.13124620815447e-08
3.94745034444415e-07
3.05877102465249e-08
2.11758724600071e-09
8.24431340933809e-06
1.68085737692458e-07
5.68661510095244e-06
3.34106825425483e-06
1.66987404820934e-06
5.20288149675884e-07
5.13969617068089e-07
1.38517379850601e-06
7.04403702784107e-07
3.80698453451812e-05
5.13050440831471e-08
9.32700059199215e-07
8.891399461227e-07
1.39793712851694e-07
3.24270285806547e-05
7.97145594283484e-07
1.41594206553337e-08
6.31390364440575e-06
3.37444472776346e-07
2.72390335671464e-06
0.000406843078894936
1.78764141326374e-05
5.02163724933899e-07
2.90120678265565e-07
2.27781178131096e-05
3.89326842250217e-06
2.52057820856447e-07
1.6871159627502e-06
2.70276609740734e-06
2.9311964868071e-06
9.76884409884749e-06
4.79227931427119e-08
3.38680019818952e-05
2.59220862889469e-05
5.77824197277754e-05
1.17085830440023e-07
3.38883224908334e-08
4.48023426771997e-07
1.63178281135427e-07
4.41869192913164e-07
1.4193696916239e-06
2.17221853724039e-06
5.18451137247314e-07
2.68914280618692e-08
4.67036057519718e-05
1.17382953540064e-08
6.03144082449983e-08
1.57494563019696e-06
2.70635209393469e-07
3.12239100024001e-05
8.2696857097852e-08
4.68883468728909e-06
1.35159379216247e-06
7.21120594262938e-06
7.17207029480187e-05
2.84670656507715e-08
2.0937169654238e-05
9.28467760452313e-08
2.20769455368468e-07
5.53446548888944e-06
6.86550451371613e-06
2.43825958613051e-07
8.13876972063707e-07
1.2900079969212e-07
6.19835467928827e-09
1.46147556204999e-06
1.21055885455767e-06
8.45260215595754e-07
3.69665841375592e-08
1.65056049076879e-08
4.61003343176019e-06
5.46320174574287e-07
2.18651770931567e-06
2.74033620268307e-06
4.63523733547188e-07
1.85196477209208e-07
1.55389641607142e-06
1.27170367436014e-06
4.13079315455673e-06
4.22925086420452e-07
4.14821117069532e-06
1.30314140632431e-06
4.99309862795116e-07
4.49861154751483e-06
1.48213994087586e-05
3.58431251382674e-06
1.57150448780579e-07
1.41250745478033e-09
8.44372348115846e-06
8.33786720251699e-07
8.16604200470166e-07
2.76223454469484e-06
1.26010868302195e-07
2.95770602420834e-06
2.49343399856222e-09
1.01891201238152e-05
1.39240441029359e-06
5.95798420391488e-08
1.96092018363026e-07
6.51867995522962e-07
3.64108789644665e-05
4.84063602777613e-07
1.3422159702814e-06
4.0303708545672e-06
5.49373481553305e-06
4.20337995399836e-06
6.35798011926103e-07
4.97239076535245e-05
2.37543397495477e-07
9.45302317689278e-07
6.22284433616293e-07
3.08636248703491e-06
4.73640014383939e-06
1.31098235925602e-07
3.09755287855776e-06
3.86942662542222e-06
1.18249099876829e-08
1.49872379088598e-07
4.01854577624727e-05
4.03762655499161e-08
6.49878256291567e-08
3.49777539931658e-07
5.04771764354139e-06
4.35219077121918e-08
8.64618252520788e-06
1.04636269170433e-07
2.32356609210661e-06
1.14743209673643e-07
9.15822277567061e-08
6.88719839363652e-08
1.95265916050043e-06
3.1872144843379e-06
1.29886558384545e-06
2.1953942312209e-07
2.95256851771058e-07
1.95444741539144e-06
5.63733679156116e-08
7.67822374971689e-08
2.87051912089252e-07
8.93189618652424e-08
2.32622521202639e-06
2.10533493939482e-07
6.43844774108457e-08
8.8912717871586e-07
6.90218201348435e-05
4.85103385375023e-07
1.13383493272483e-06
7.65229577967468e-06
4.83970637223415e-07
1.64865963621404e-06
1.76663008814877e-06
3.05203348201824e-07
1.43211133399966e-07
2.37850403480426e-06
1.04779410850032e-06
3.88894970827961e-06
4.44821154066976e-07
5.92106939825776e-08
2.90897832230176e-09
2.21575967220957e-06
1.58526751931887e-07
3.75750478216832e-06
5.78117893844417e-06
3.00008298082951e-07
3.96537192940191e-06
9.03929274722817e-05
5.19854772759092e-07
2.31150306458923e-06
3.61984474215533e-05
0.000889968685807529
4.77979037714292e-05
6.14584241116396e-07
1.79662706743949e-07
1.40495194402206e-07
1.02230015072424e-07
6.60695267875555e-07
5.99842775986589e-09
3.46572434580641e-05
6.92615879705781e-07
1.59051391057092e-07
0.000135847164867836
7.54200294446513e-07
3.61450788783449e-07
5.56515172307292e-06
1.34449246603806e-07
5.32503640364618e-08
3.6040213568546e-06
8.9420958660007e-06
9.60386337948841e-08
1.72909998911421e-05
1.06637695887809e-05
4.55431033546267e-07
2.52716139132148e-07
6.93385268132175e-07
4.09170358849492e-06
2.90844329705005e-07
8.90709667969716e-07
3.30559094647148e-06
1.8071586269531e-05
1.09237538084678e-06
4.33105367053099e-07
1.97476562701381e-06
8.81596182459938e-08
4.14430895546517e-07
4.85692795035409e-06
2.05260065199932e-06
7.04572813711966e-08
9.66125980847263e-09
1.83271905279887e-06
1.6126091017071e-06
5.44818471599676e-07
9.75865827795659e-07
2.46331267533754e-06
3.94921043230545e-08
2.04391764293589e-07
9.21638455333768e-08
5.88408288197801e-07
2.00620009156569e-06
7.02628823322642e-06
6.26821272086346e-08
6.34991577933254e-07
3.1009148501336e-07
1.39316450614465e-06
4.91393156685978e-05
9.00398100622177e-08
1.63112743936637e-07
1.89012557658608e-05
7.63739007471709e-08
3.00250559874974e-06
1.42301631281779e-06
1.17733947459614e-06
4.70335551630343e-08
1.19330303803392e-06
1.38086871022581e-06
1.32504073569901e-06
5.82923053102768e-06
9.87172671130452e-07
8.66459489170097e-08
3.03190303601656e-06
1.53650944969631e-06
1.19108059064628e-07
1.13276364792803e-06
3.05998673036908e-05
3.10340109479701e-08
6.08261974501329e-07
8.73046478523389e-07
2.56043255136541e-07
1.03054651201612e-05
3.10759425559052e-07
7.13860682687268e-08
1.15660576018206e-07
1.21398433672106e-06
1.46792825484868e-06
3.30099649349176e-07
2.86940393008268e-05
8.14089163652134e-06
3.09993917245024e-08
1.29762606097421e-07
5.88411846028168e-07
3.78955337653509e-07
1.78306571937196e-06
2.68508116516008e-05
3.07323073223855e-06
7.71331532173211e-07
2.24681301811757e-06
1.4787266803279e-07
1.20227214998376e-07
2.76911295142746e-05
4.32955447810373e-06
2.97187952638164e-07
4.88517148243181e-06
2.84028388962357e-07
1.76943914743881e-05
6.94628390819577e-06
1.63034503781202e-07
4.5430046255755e-05
5.73550835308968e-07
9.04095868647473e-07
1.45976384780291e-05
5.5170396033353e-06
5.02246621246623e-08
2.30891403608131e-06
2.31263166310063e-07
6.85424683394514e-07
7.15817055992227e-07
5.73298574347456e-06
5.10466408177036e-07
1.71360182136664e-07
3.03356793101263e-07
5.09967138447478e-05
2.0236140856807e-05
2.93939143626927e-08
4.15128927788964e-06
0.00089671861179021
7.33353455084439e-08
5.3785511084733e-07
6.32573988359989e-08
1.07818922023464e-06
3.20798363011196e-08
1.15189285786604e-06
7.89146549956446e-07
1.35379466308268e-08
1.4368309741392e-07
1.18424852694756e-06
7.95685331101944e-06
1.27811637551612e-06
2.58944061696282e-06
4.33226739044746e-06
2.42569444406783e-07
1.42183019892222e-07
4.18398023805278e-07
4.67299685607236e-08
3.24864426347044e-06
3.27217235172284e-06
1.08043619253738e-07
5.17369570581655e-07
4.59710898891381e-08
1.9327415113169e-06
3.81960718051419e-08
1.83658939153196e-06
2.76098366237813e-06
9.92728472833228e-07
1.74822799481186e-06
9.83162805544479e-08
7.18931663303961e-08
3.68479787258954e-07
6.74191493739238e-07
1.81458017824721e-06
1.15942624222994e-06
8.42310124207917e-07
2.76067228746565e-05
2.97565912190994e-06
3.34004859676134e-06
5.83833274167544e-08
1.76719692507499e-07
1.24658125270752e-06
7.83459361243778e-08
3.63684062928119e-05
8.8733622060949e-07
6.61454258577464e-08
5.90150645793784e-07
4.15346013810844e-07
7.06571311550496e-08
5.87686687039411e-08
2.79499997444222e-09
1.36285549393642e-06
1.30212483502254e-06
3.19991382017298e-07
1.39852138192317e-05
2.95308074449639e-08
4.29216524119001e-05
7.97258991995092e-07
4.07407342083202e-07
1.16542881555792e-07
8.69045508951205e-05
0.000136172194179757
1.23583342111223e-06
7.62629696901177e-07
4.36533027578399e-06
1.2185402513024e-06
1.27488185062151e-06
2.96623901946082e-07
5.57377987440432e-07
1.26454641134331e-07
5.28279835264292e-07
3.90334056727499e-05
8.43996307614495e-09
2.58147255266096e-07
1.70902191489065e-05
1.21515336440827e-06
2.5496108065669e-07
1.73018285980388e-07
7.1854067684036e-06
2.29085188859696e-06
1.67212963479449e-05
5.5549352466124e-06
1.02926539027678e-06
4.16480518175234e-06
1.22763792350148e-07
3.28197143707365e-07
5.38139289090165e-09
6.37938223836375e-07
3.01765105652949e-06
1.18269730369293e-07
2.43410997039879e-07
2.05181480149027e-07
1.22292243334559e-05
3.89651904229087e-07
4.7814839632805e-07
1.90248311315061e-07
9.97443739124767e-06
9.96598753689863e-06
8.18938395842158e-08
1.56834167884728e-06
6.71776520204388e-08
1.65064936280154e-08
4.17400802454221e-07
1.67444007828554e-06
4.61656882895122e-07
7.12785528799409e-07
2.53092543137897e-06
1.74567139031108e-06
4.96667298702296e-06
7.29594844029004e-07
6.25624245796811e-07
7.34816457184836e-05
1.41087651686045e-07
3.07435946825755e-08
6.06642685733294e-06
4.05146985695153e-05
7.25625786086693e-08
4.87596004287439e-08
1.00486524624259e-06
1.87716707421577e-06
1.35036161354735e-07
1.89454769299376e-08
1.63568047708144e-05
2.0819105701349e-08
2.08203976309554e-07
1.07892770287564e-06
9.4616615173372e-08
8.06203222901571e-07
2.77127105288258e-06
2.84682917510953e-08
1.16374347251645e-07
8.36888673644134e-07
2.24756138216413e-06
1.23123585217922e-08
1.17616901338574e-06
4.95576542493308e-07
3.95726082273698e-06
5.30226531976749e-07
3.81280840746773e-08
1.99935319968613e-06
4.07037536692962e-07
3.1078640329134e-07
0.000158497223949957
4.16574214699841e-07
1.95116045408285e-06
4.85111223199509e-06
3.12291332043641e-06
1.54982198030074e-05
1.90336275137491e-07
1.08110275172351e-06
2.87362250984655e-05
5.51175918905903e-08
1.7595159555823e-07
1.37063763651162e-05
1.88307305460107e-05
2.68368746052564e-07
1.71621041818469e-06
2.29508144818071e-06
1.40304818377741e-06
1.74352672139187e-07
4.40204686465314e-07
8.2009980818737e-07
2.38428135256689e-07
7.83086639593837e-06
7.20678237287932e-07
1.42068986123034e-06
6.75204199585663e-06
7.52643580444029e-09
1.33302130678121e-06
2.96215240287995e-07
9.90114008700901e-08
1.969847474528e-05
4.28878972984173e-09
2.24975422629663e-07
6.3294078143787e-07
1.8550441241164e-06
3.375859783015e-08
1.43563065756618e-07
9.0605743205622e-08
7.43610226765435e-07
4.86311402205775e-05
2.546892302398e-07
1.29776582457417e-08
1.3179373767644e-06
1.24185688020825e-07
4.32215389594369e-08
5.13878666873257e-05
4.39598565918342e-07
3.6658858612321e-06
2.95824343948416e-06
1.00309481580008e-06
4.12282921546695e-06
3.63002822718469e-07
7.64934123001164e-07
4.00398057661443e-08
4.19788679427277e-07
3.40359485166279e-07
3.84145383221683e-05
5.98335158355434e-08
1.06288465757859e-07
6.70420467550928e-09
6.74778798492815e-09
1.55412705489517e-05
3.58973424690712e-06
1.55576528097958e-08
2.48406373043174e-07
2.01409515261945e-07
1.04651429227876e-06
4.66086196302819e-07
7.0850842651557e-05
2.38712561464956e-06
4.43778720644835e-07
2.09613932345252e-06
2.07708580455101e-05
1.79400703030237e-06
3.84232181359336e-05
2.51959967107975e-06
6.69115365227011e-09
2.68579658869489e-05
1.27915013244901e-05
1.63951308000671e-06
3.75632511108986e-06
2.45262683281405e-07
4.75716283497024e-06
5.06839944781915e-06
2.85405351554313e-08
2.90266990085847e-08
3.96563135939913e-05
0.00442911740275097
1.3761150194518e-06
1.2491776914157e-08
6.19621980359321e-07
2.58495920962804e-06
1.42301870086667e-08
4.45455504780024e-05
1.69466331269026e-07
1.79966792571806e-06
1.0891253679333e-07
1.01612948656152e-06
1.37560445076601e-08
6.39041966149035e-07
1.27481575157442e-09
3.8612427121811e-07
1.2518275161832e-06
4.22860118834559e-09
3.79167575840462e-07
6.22202743130728e-08
4.75896712970235e-06
7.42131080950086e-08
2.09058640449243e-06
3.4299678087205e-05
3.80972818948287e-06
1.78465744154502e-06
1.01918394031524e-06
3.2131002350883e-07
1.62870553982631e-08
5.30519954775083e-07
2.90072855597806e-08
1.78047185590888e-06
8.51588260235468e-06
2.95204780647182e-07
1.32494979166354e-07
1.5164924931425e-06
1.766084500809e-07
2.34172402522068e-06
2.24487455966705e-06
1.43298340308774e-08
4.71782747713908e-07
7.96542935017248e-06
2.7670401626283e-06
7.83025311620892e-07
3.99335726997129e-06
3.05424644135266e-07
2.59223075029869e-07
4.08994844202809e-07
1.27114450512342e-07
4.580718013128e-08
6.31428182535542e-05
2.5715966703347e-06
2.58422220418112e-07
2.12552953531287e-06
4.38331912022868e-07
2.84338070023617e-07
7.27349977879733e-08
9.68847585124588e-07
6.08636280188612e-08
3.90263637928292e-08
4.21275778100093e-07
2.24484066795373e-08
8.06320836195831e-08
1.36759174069459e-07
2.85609710728963e-06
0.000437066998130099
8.33395212479056e-07
1.5577303418886e-05
1.24235544811281e-06
3.4389293214877e-07
9.67910686055184e-08
4.07681489807938e-07
3.5367670054226e-07
8.23214239097621e-07
2.70359290955219e-05
6.40532667126572e-06
1.70560508117863e-08
1.79594565933287e-07
2.27509090199741e-09
3.95874111351745e-07
2.51107767488351e-08
1.30301077454279e-06
8.15070591609665e-07
4.622741064828e-07
5.56706535674131e-06
2.91218596975622e-08
1.76606078510298e-06
1.69082819567469e-06
7.80595215898476e-06
1.75295142799079e-07
2.71846850255096e-05
6.64483297265617e-07
8.48766064813735e-09
1.68499325247945e-06
1.03325773225452e-05
1.26668831918025e-06
2.46753015960422e-07
4.97470107908525e-06
8.08395694012161e-08
2.05609762672159e-06
7.01674154510651e-07
4.86711856872984e-05
1.54500590448234e-07
2.46821419099831e-07
1.51067193885981e-06
1.74950058322725e-07
7.59603046129558e-06
1.68241436231302e-06
3.01180733225319e-05
9.40756981052968e-08
8.00706756502026e-08
1.91475409370223e-06
4.65727287842808e-06
9.28046115618006e-06
1.20311935257413e-06
7.29373840473101e-07
1.90840757528009e-07
6.21440882746947e-08
2.30640886989107e-06
1.49445945790453e-06
1.93375192997293e-07
1.22402004046814e-07
2.22204093868226e-07
8.82963491110503e-07
1.04019863384955e-06
3.83002821501725e-07
1.4536621471615e-06
2.41425778442073e-07
2.46024422214212e-06
5.13723660702238e-06
9.36602389597614e-08
3.31144518432862e-08
1.46196084953764e-06
5.22006053076718e-08
0.000803655217708801
1.04184351961648e-06
9.77121938943384e-07
0.000122224770298963
1.30883604730865e-07
1.44970855161151e-06
1.00697858372478e-06
2.36578281884222e-07
1.5119511496401e-08
6.01389915334922e-06
4.0943327375527e-08
1.65209637927108e-07
2.20627604328533e-08
4.00788636075223e-06
5.73390394345057e-07
1.88637292605845e-08
1.19232374917101e-05
2.46176126395205e-06
2.20781650164055e-06
1.74745758690447e-06
1.10697119450701e-06
2.37744508364708e-08
2.31102269770909e-06
7.03453267046809e-06
3.4279149159454e-06
2.57820077554962e-07
1.87334783813956e-07
7.19176278906552e-08
1.16203407653062e-07
3.86589120387011e-06
3.30657671717431e-06
3.03163833190436e-05
3.61271222742355e-06
7.70819332676353e-08
4.73124551722295e-08
8.41692652677724e-07
5.51140537044505e-08
5.50594090447293e-06
4.94875721091614e-07
4.49470893469344e-07
8.69775402886236e-07
7.26558086138843e-07
1.17590266379797e-06
1.83485014921541e-05
1.03505204290506e-05
2.97686728164465e-08
2.15298628715538e-06
2.36831564839535e-07
2.29142915686336e-06
2.68391013006046e-07
1.1792739058135e-06
3.89922081769255e-06
8.64097485504588e-07
1.81157125158473e-08
1.4862553345779e-06
8.50532317403737e-08
1.30096138336783e-05
1.36879805202626e-07
1.27620247172168e-06
4.59921882202408e-07
1.15158042388046e-06
1.85715801574309e-06
1.02765226018972e-06
6.10907628057999e-08
3.84977307050989e-08
1.86853842122784e-07
5.20457198331535e-07
4.77080404084257e-08
4.19609637161651e-08
4.97630100495458e-06
3.1648798803645e-06
4.53621056202051e-05
1.49751703179384e-05
4.96745183104082e-07
1.21215414253072e-06
8.79826598578227e-08
5.44714856827329e-06
3.17299473554801e-07
3.07106283996247e-05
8.34228069325606e-07
4.13581323273844e-06
1.93403582638796e-07
6.39028900053331e-08
2.10647628073799e-05
4.52282985913834e-06
0.000266785630958104
3.6693903080293e-07
8.36170417732706e-06
2.31975433582635e-07
1.73527950266513e-07
9.56102901914138e-06
3.22522166851069e-06
1.54496756035391e-06
2.23172430453212e-06
5.33027190409774e-08
8.65819052474093e-07
1.16248356788186e-08
1.76873130026429e-07
3.9478171126243e-05
1.05929022343403e-07
1.88413068775063e-05
8.896665476719e-07
1.1549916662075e-06
1.1535802735174e-06
2.67579033450768e-07
1.125974829824e-07
1.63047656019157e-06
4.19889218799463e-09
4.05667780700028e-08
5.79435192992414e-05
1.87896991057422e-08
2.62217657122441e-05
3.01624038541903e-07
8.28614017076248e-06
6.65131742843802e-06
1.34664837939034e-06
2.05677432240869e-06
2.69267562487082e-06
1.40913851249399e-07
2.02086076694013e-06
1.15372050679723e-07
2.6747707173961e-08
1.25186750461653e-06
5.07204273241087e-06
5.02971666406993e-07
6.13794295200594e-07
5.31628010264621e-07
1.01121643133889e-05
1.54647302083166e-07
7.28894733198022e-08
2.75567188068284e-07
3.93505367118731e-07
2.82039981411019e-05
1.63879851201664e-06
5.0722892926025e-08
6.56691522135374e-08
4.89979798969012e-06
1.58863159229087e-05
4.56686369518649e-05
5.95570646703278e-08
1.35752607063276e-05
2.68646188836112e-06
1.09241946822211e-07
3.55657007612811e-07
1.18621775866552e-06
1.42384513401388e-06
1.81045595231077e-06
1.86101878983911e-05
3.06199224076173e-06
9.25436268034843e-07
2.82547819672272e-06
2.77148779922033e-09
2.575082753794e-06
1.05046143813656e-07
1.80599477354394e-05
2.08388891980751e-07
8.71041239782567e-07
3.20640784777612e-06
6.91289311568451e-06
1.37795575434867e-06
1.6673424006931e-08
2.30106938797406e-05
1.33215251518389e-05
1.22475122455761e-05
5.95204281154199e-07
1.68893349622446e-06
2.68995092822815e-05
1.01710865970001e-06
1.03070562890389e-07
2.20333677050748e-07
4.74628745275065e-06
1.35739447520292e-06
2.89612321708563e-07
3.76123770493299e-07
2.45331052089181e-06
5.82939307509738e-06
7.69010930476513e-07
1.38122580328695e-06
2.18021446771747e-08
2.16629275845693e-06
3.29658433854137e-07
2.55416162252211e-05
2.07183892615754e-07
4.71291113805555e-07
1.06440226619306e-06
1.56710041123055e-07
8.66843140780914e-08
2.08098041279872e-08
8.66474378181574e-06
1.82526944449073e-05
8.27705574690305e-07
5.39245878923877e-07
2.93993190473711e-05
1.27605867348928e-07
3.87942729756534e-07
3.89129694649857e-06
6.42310718385296e-07
6.36995471090224e-07
1.60409373047546e-06
6.87788263127599e-08
3.47407827778155e-07
3.46015712650938e-06
2.42246504973932e-08
1.19783292712559e-07
7.43301232707716e-06
3.40578819744849e-06
8.30022247331694e-07
1.93049675471374e-05
0.000169361552803975
7.43749454943984e-07
2.6787030139117e-06
5.65686300014102e-08
4.65062527586034e-06
5.53107103815436e-07
5.82485580242271e-07
6.19868768878053e-07
3.09730214703905e-07
2.31646403533021e-06
4.16443651631761e-07
1.08478695626369e-08
1.39572854539454e-06
2.98007957577192e-05
8.97367808292414e-07
4.69596667847291e-06
5.32925640618191e-05
9.21368331045204e-07
2.88814141529039e-07
6.78935672207378e-06
2.4028272321226e-05
3.07615762167325e-05
2.58815468845321e-06
3.23468604267249e-06
1.87882057019177e-07
1.79501376696553e-07
1.86015004146633e-06
2.29275948782609e-05
2.54908560580607e-07
2.06016847524499e-07
3.62814777914313e-05
2.8066731142486e-06
4.84280784199293e-06
8.31815255780262e-05
8.16438663004915e-07
1.56018731190949e-07
1.14537563588299e-05
2.85750411666602e-06
1.18740788800815e-07
4.66657185023103e-07
3.7402388060567e-06
2.06510132003451e-07
1.91305489704495e-06
2.60746256962877e-05
2.9627922229744e-06
3.08638122003305e-08
4.36093116087967e-07
1.215810730296e-06
1.94499562704577e-07
1.5549458271215e-05
1.54153755767092e-06
1.28968732191486e-06
1.75005010764454e-06
3.25302260635728e-06
2.19741332983036e-06
2.86379192464611e-07
2.8262591087351e-07
6.1725896917988e-06
0.000417500234008842
2.06654562468539e-08
1.92008794694928e-07
6.80816984921821e-06
9.22465493397938e-08
4.27000032225309e-09
2.80481825990836e-08
3.63318974436001e-06
6.55241664434426e-06
3.33727672307047e-05
1.33070751619877e-07
1.18404264012612e-07
1.3146142207394e-06
7.63849694654451e-06
1.02472628563887e-06
8.98486208175631e-07
1.37927413066127e-06
9.24663838642016e-07
4.44148232829359e-06
6.25251370570312e-07
3.23844567289069e-08
4.77087551680416e-06
1.91375726908092e-07
4.67795627550718e-06
1.07996579741475e-07
3.30293889027178e-07
1.41435229543035e-06
1.52712434000951e-05
2.07471247236972e-07
7.23461313561401e-06
2.52128498786655e-05
2.44266085453572e-06
1.79728638868864e-05
1.0570725465764e-05
3.26979157228002e-07
5.90999934972146e-07
4.6704185097604e-07
4.82598026356481e-07
1.14517897274301e-07
3.32887529353736e-07
3.743584222192e-06
9.62542623621615e-06
5.34072288186902e-07
1.61617089917174e-07
9.63320171150721e-08
4.03583705936049e-07
3.71742013848106e-07
2.19003679053461e-08
8.07436469079113e-05
4.10834148713725e-08
6.8042660556951e-07
4.82953405084605e-07
2.30104899654164e-06
4.87218976705005e-05
1.77982909707545e-05
1.73506710561753e-06
5.30817490426393e-05
5.44857702057281e-06
3.54273817274911e-07
1.39740818596219e-06
1.37334840306041e-06
1.52206473787682e-05
8.92289740413594e-06
4.42697122478925e-08
1.6007950253662e-06
7.4162334383737e-07
2.29389235587484e-05
8.11921926283683e-07
6.588036480352e-07
6.37963833082826e-06
2.81225410461239e-07
2.85401419512576e-06
1.86495591012081e-07
5.6604273595186e-08
1.85636992421574e-06
2.68133183999062e-06
1.2873054919539e-05
7.77397964158223e-08
4.14349669838889e-05
4.34089968313487e-06
6.53291493341157e-07
7.02576904926167e-06
5.89831831616467e-08
1.22616133103998e-07
1.15665095052257e-05
1.77252890517355e-07
1.08268651426103e-05
4.33546003074191e-06
3.175922259008e-07
1.43118475724672e-08
7.62537388236879e-07
4.73441692145693e-06
1.88260623830314e-06
4.42011449066087e-07
3.39169871736483e-06
1.74980695663816e-06
3.23887782418763e-07
3.1093514154825e-06
3.22156584136738e-07
2.20763579872151e-07
3.57197177705946e-05
2.55315299321711e-06
5.03696095672117e-06
2.25326159194483e-06
9.0840106774171e-08
6.08536147077175e-08
4.2413230614656e-06
1.73293855894282e-08
8.60060972831998e-08
6.51481148433581e-06
1.9185284367163e-06
2.84318633861304e-06
1.03484635031246e-07
4.53325006435055e-07
1.19412870323304e-06
6.1742203089438e-07
0.000102459593380501
1.33704195300855e-06
3.76248840846679e-06
3.48304866624929e-06
1.94348326358187e-07
4.92103623848983e-07
1.9465433691549e-07
6.96589204344501e-07
2.72236477245728e-07
1.1597497053897e-05
5.24930170955303e-06
8.96983735554005e-06
4.42982944341401e-07
1.71874465559518e-06
1.20295770662726e-08
2.26842363813347e-05
2.72855729914542e-07
2.95348730572926e-08
6.86672437073957e-07
3.24072596551956e-07
6.82798655567126e-07
4.52257287887582e-06
2.76467441146751e-07
7.53801083144457e-07
1.19222330096943e-05
5.70833286986908e-07
1.00406772808831e-06
2.50378241639874e-07
2.58721990982535e-07
2.38937839697398e-06
1.18725531991703e-06
3.82426293877383e-05
1.99830301461138e-07
1.00756345460795e-08
4.89401761490011e-06
2.20312122443602e-07
0.000187106893658879
1.52551468826349e-06
1.03254689977661e-06
5.44863635050491e-06
6.31655859214563e-07
8.12273198207818e-07
7.51343841518835e-07
1.69759930009969e-08
9.96258611703668e-06
2.44490985352175e-05
1.76962213765097e-05
5.54695629737302e-09
8.0297792522332e-07
5.73617051804989e-06
3.51868303666974e-06
3.01638102447833e-06
5.08587081424029e-07
8.55819113328569e-05
7.21096518936026e-06
5.56415788464502e-06
1.6228941160936e-05
1.02114874014574e-05
1.30254337857185e-07
9.5202641355175e-08
5.0261541273619e-07
2.2731454556725e-07
1.8353677801838e-07
4.77431457207711e-07
8.19708198586454e-08
2.79980297415373e-08
4.23922714669923e-08
1.07459545679778e-06
0.000432706193002532
1.05389921609821e-06
4.51983417536387e-05
2.78180248631029e-05
3.78566931962164e-05
1.12936996203916e-07
3.19787981369082e-07
2.44495653270847e-05
4.30616764307114e-06
2.12975958914337e-05
1.27265226365816e-05
4.88783924265313e-06
6.18082240215351e-07
1.30906125816178e-06
8.46987519687521e-07
6.62424413738069e-06
3.15313730023411e-05
1.8774654435188e-06
6.89450617669181e-07
8.68630180107146e-07
3.76311697108884e-08
1.40173395484688e-06
4.80518662662403e-08
1.06571596815087e-05
2.05308269516228e-06
2.92563711377017e-09
1.63037622114542e-05
3.27967564973381e-05
1.45451840067063e-06
1.07465976648963e-05
9.71977936350514e-07
3.10043129180778e-06
0.000105191850294464
1.83174081724618e-07
2.10711431937317e-06
2.81824713863994e-06
6.34682431258277e-08
6.89550335098023e-08
2.46530104392106e-07
3.73880840214779e-05
1.72627705430652e-07
7.27792910472932e-08
7.97555028735155e-06
1.50679904704273e-07
1.70137838128066e-06
2.87837667665287e-06
2.01646019511028e-06
6.93907514700878e-05
1.99392757908925e-05
3.28624401451639e-06
2.80960464295948e-06
2.38984863355075e-06
3.03756622332283e-05
0.000339459243764007
5.3572323794488e-06
3.37780998568552e-07
2.17659052047572e-06
1.45636877802006e-05
6.05993375218569e-06
2.20284621397343e-06
6.24397037961219e-06
9.19684702646056e-06
3.7640658633769e-07
2.34409080583402e-06
1.78452561892651e-05
1.45901209131334e-06
0.00086224891266171
6.80427581199182e-07
1.72788677583778e-07
2.59958391241922e-05
3.55175679749386e-05
2.30148722685337e-07
1.14977671979818e-05
4.87686028105778e-06
1.34945409267775e-07
3.80331249147653e-06
1.82222486464443e-07
5.92275844545445e-08
2.50471507025557e-07
5.98548668047713e-07
0.000206027343439209
5.17024567231324e-07
1.39357447963872e-08
4.15698324152673e-06
1.46380855494615e-05
3.90824344184662e-07
2.10355549229591e-06
6.11913968209474e-07
4.1316234962207e-07
2.59526978167605e-06
2.65206603981395e-06
7.73771243203729e-07
5.83905751350519e-06
9.57545451243886e-07
7.51048620782809e-06
6.20039123480348e-08
7.31522025867311e-07
1.70275004017683e-05
8.022788773068e-07
1.22227070629138e-06
6.17362426003847e-06
1.17383418280177e-06
1.48530943558692e-06
1.21939384336035e-07
2.65549972228221e-09
9.57361876222366e-08
2.17714617322193e-06
6.62942439415055e-06
3.44206212859414e-07
3.8607975341336e-07
1.34392346601604e-07
2.7285716699464e-06
4.89271236604787e-07
2.35593292081368e-06
4.63496635180532e-07
5.62494507059559e-07
1.53722841868285e-06
4.9250727770254e-07
6.08999545122175e-07
8.48917253178647e-07
1.76333880203632e-05
3.49499798525383e-07
3.27297226514347e-05
8.81709559039419e-07
8.46350615983752e-08
7.80304340601806e-07
2.62621107332777e-07
0.000124226854299096
4.20045335323197e-06
1.63218566538089e-08
9.7572103302088e-07
4.6449699042512e-07
1.28624987922866e-05
8.91772970438807e-07
5.53115803319802e-07
4.60240166245382e-06
3.33995100233193e-07
1.60926121799179e-07
6.77215646678259e-07
4.71775715252194e-05
0.000208678690029298
4.80007537961777e-06
6.79404286718944e-07
1.5038295948379e-06
2.87006422133178e-07
3.43629850641531e-07
2.69726758811567e-06
1.80479242237322e-06
7.05509552646264e-06
2.31884877732156e-05
1.94735789889876e-07
1.55983019111615e-06
1.76095983514109e-06
1.22415674411486e-06
3.1097343289558e-06
1.68639430431692e-06
4.19031627382119e-06
8.88866473671533e-05
2.43747215136652e-06
6.40392971591753e-07
6.32676899503298e-06
0.000113098513522709
2.27082763307934e-05
1.7833562156929e-07
0.000240088621151369
1.75925790564017e-06
3.44200183780886e-07
1.41406163164288e-07
1.46094034652657e-05
1.85486374738199e-06
2.22046944847378e-07
1.51847372699395e-07
4.22978967663221e-05
2.32937250303551e-06
9.40206242115346e-08
9.70292693657763e-06
1.22524152850593e-05
7.05263236297161e-07
2.23500663354082e-07
1.5698366600247e-07
3.6872701632521e-06
7.41776951218733e-07
9.30906254537e-06
9.37085345893467e-07
4.09897795505517e-08
5.17906308884068e-08
1.2974041508193e-08
3.77137269038092e-07
8.85299813117166e-07
2.75710994435094e-06
5.16850594481496e-07
1.68195754197068e-05
2.96606816090176e-07
2.88366215624574e-06
2.43737387888852e-07
4.18454839146018e-06
1.56998269458739e-05
2.70689324119128e-08
7.9551108083163e-07
6.41235393118138e-07
1.97697982754636e-07
2.33723577818286e-06
2.64273533424812e-06
1.53148929272123e-07
4.62067313328115e-06
8.99331096409344e-07
5.12349097001758e-06
7.19838521883288e-07
8.92047085489249e-05
1.66595472175656e-06
3.03121311446361e-08
3.56681206713631e-06
8.51678598267435e-06
4.06588550725495e-07
2.76956094011271e-07
0.0013430574551826
2.31681927518515e-08
4.47168101389065e-07
1.1120782875832e-08
8.26244537747225e-07
1.15025884997403e-05
5.2305151540398e-06
9.23848328471312e-08
6.88172603604655e-07
1.16579661340042e-07
6.76926659386104e-08
6.02227211356592e-07
1.84085381373158e-08
5.62559267259104e-06
3.39274506665755e-08
8.38330359852021e-08
4.297225796699e-06
1.61355781735317e-07
4.65366583681408e-06
1.03040270010544e-06
2.15931198163897e-06
1.64144715327476e-07
3.70887999124297e-06
1.92540513672876e-07
2.03904485473951e-07
1.72248677498757e-05
3.23920411088872e-05
4.20077545479157e-07
2.98201502590791e-06
5.61478556165931e-07
1.27094464134557e-05
1.57308635287416e-07
1.30074234551903e-06
3.09864116624435e-06
1.43753469811913e-05
7.79182504397529e-07
3.56122601652379e-06
1.61020401716535e-07
2.06287682259274e-09
3.1986862008083e-07
2.93277326162841e-05
1.19031951129427e-06
1.37207972241406e-06
2.06741124469642e-07
7.12000032348957e-07
1.10032002882353e-07
7.29332997612509e-07
3.04269785253473e-06
8.59484705511888e-07
4.92919816329765e-07
4.51527989596644e-07
5.60919156985881e-08
1.41512645279558e-07
3.81888034250791e-06
2.00713201079389e-06
6.80631503082783e-06
1.63400853940602e-06
4.99658792950536e-06
4.83974782859041e-07
2.07290132396416e-05
4.88228446524518e-06
6.32337617928962e-07
6.34306670709365e-06
2.47950284588691e-07
2.26521675605433e-06
8.70586081850512e-06
9.46799449289271e-07
1.47669081705958e-05
9.48813242662582e-05
7.89296043289192e-07
1.33445041418562e-06
2.44918403194861e-07
1.27424480926425e-07
2.01172877067084e-07
5.02165329600313e-06
6.31921532843748e-07
2.98221518086227e-07
6.61532600337687e-07
1.26400651504288e-07
2.77546208547036e-07
0.000160221200990157
1.16150820639576e-06
4.3479401316788e-05
1.1147942139715e-05
4.60637287016847e-07
3.71959455085891e-06
1.91954525431307e-06
8.03083583856777e-07
7.93398566773437e-05
2.10614278547753e-06
5.41275508198568e-07
5.44925523827637e-07
1.40505402699698e-06
6.28226735472965e-07
5.77244751299539e-06
3.16414062258743e-08
2.03122894998892e-07
8.15690446648458e-08
1.04790920476301e-07
1.39003818604998e-06
1.54020113990266e-06
2.68083993246353e-07
1.25255508320508e-07
8.66829983151222e-05
3.3894997845404e-05
1.06719453636571e-06
7.83451158787828e-08
4.02871048890645e-06
8.62856558927016e-06
1.30519052906298e-05
1.10588126214141e-07
2.58187034378217e-05
1.92906993234219e-06
8.34512560370906e-07
3.39227581080945e-06
1.60520218218353e-05
1.01663105482081e-06
3.14463994335597e-06
6.93505175672003e-07
1.0533723968944e-06
5.61699598059322e-07
1.91622316817111e-06
1.04826405907667e-07
2.72941708626076e-07
8.539624055972e-08
8.49113266017286e-07
4.53441606880065e-06
0.000117818336036661
3.02016711520555e-07
8.09971018778172e-07
1.09516230040091e-06
3.93276949085184e-07
6.05369709262255e-08
1.11325073595915e-06
2.33525624736121e-08
4.78123312557954e-06
6.69421298949132e-08
8.55452850354318e-08
5.77799028058241e-07
2.77683059345817e-07
4.45903852176437e-06
1.03430646633846e-05
1.60349593711433e-05
6.03927260913493e-06
2.54177005136499e-05
7.35010712488891e-07
5.53347293864366e-06
5.99915207113908e-06
2.14742616253915e-07
2.52834296763354e-06
4.23366605870793e-06
3.17856997981473e-07
1.18137762207539e-05
7.69564780530435e-07
1.04772775393376e-07
2.87468582531397e-05
1.10886109252918e-06
1.22311144542093e-07
4.5744139829463e-07
4.94252144902784e-06
2.84117446833902e-07
1.38093912471854e-07
0.000167503496592732
4.63388833679957e-07
4.75036032033681e-05
1.96697846279935e-06
8.25075031183548e-06
1.19739118230286e-05
4.21624153962892e-06
2.84785745038322e-05
3.69281632952297e-07
1.07902150572558e-07
3.55558901781945e-07
0.000108530231575753
2.28216310634917e-06
9.98915391382401e-08
1.39756786027942e-05
1.1367624939599e-06
3.25222227704824e-08
2.92243875334201e-05
1.9770995157657e-07
0.00348338083479825
2.34596153598464e-06
2.08675672249895e-08
2.6000327761296e-06
3.84742115000002e-07
7.85959400307483e-06
1.10644540010939e-05
6.05410828455841e-08
1.56918150510921e-06
1.08735612215492e-08
7.81267087156871e-06
1.15726187507275e-06
1.54961114885494e-07
1.77470281413778e-06
7.20453953706794e-06
1.47865926563962e-06
6.7080838967187e-05
2.00221154817333e-06
1.04216311678908e-05
2.0322886699752e-06
9.41643340912382e-07
1.11129017040103e-06
1.17266504816762e-06
2.07073139901647e-07
1.01982636436899e-08
4.52393847518833e-07
7.46932684308425e-07
3.47512787269679e-06
6.57807261841874e-05
1.89066002531899e-06
9.85051263187696e-07
6.83177064970586e-06
2.58051384667606e-08
1.80938198984128e-07
2.36638255799539e-07
2.19460829418073e-06
9.46082905851054e-05
1.30427453767885e-07
6.62168888540899e-06
1.14255802065771e-05
1.27303035668702e-06
5.81534411894136e-07
6.52440477074420e-09
9.82883913082303e-06
1.25211469331907e-05
2.7432897714118e-06
1.95605859514807e-06
3.71429932077477e-06
1.61096582735472e-05
1.35288121984329e-07
3.15301398294317e-07
4.13146904102991e-07
4.86363985421515e-06
1.08244471385555e-06
1.61302954565245e-06
0.000941721378562705
1.55086187690101e-07
3.46965628127272e-08
9.98953695235199e-07
7.18462889880579e-07
1.75011461371247e-07
1.21040606740494e-06
2.8067333488513e-08
1.96003144919948e-05
3.85100191049018e-06
1.02746628281226e-06
1.3333330536154e-06
2.50946225239157e-05
8.72304682545042e-06
4.12162625941553e-07
6.70679653336355e-07
3.63795872412303e-06
0.000174424289595919
2.15212941584074e-05
1.23174871970285e-05
1.33575583486514e-07
1.22198304888689e-06
9.23236497457644e-07
1.89558978698927e-07
1.77495565741135e-06
1.54479940388569e-06
2.62395844388567e-05
2.86704182387117e-07
2.48648186558349e-06
8.57149104679203e-06
1.19201801974417e-05
2.47060584062003e-07
8.53295758109708e-06
7.56783980155037e-05
1.33711488771681e-06
2.17834488546105e-07
7.69995445860335e-06
1.09315197677277e-06
4.05521103725579e-06
2.13824738792254e-06
1.06316715456445e-05
4.25818442963256e-08
3.70702362567864e-07
2.93512649700705e-05
7.02860066804459e-08
1.37208119420715e-06
1.89997652020326e-06
4.45205244923071e-07
9.72121046197306e-07
1.41273762928268e-06
1.50900742844164e-07
1.06365554038282e-08
1.86268157903138e-05
5.42625456963712e-07
3.47364948549371e-07
7.0354682438157e-06
3.88488090817118e-05
7.93569360064068e-06
2.67015294022704e-05
9.98209948416302e-08
1.35001800829445e-08
2.95411072106558e-06
5.70161174787742e-06
4.27936474618425e-07
2.28156224494221e-06
5.09391054947417e-06
3.46671078310066e-07
8.52966622216521e-07
3.54290261021104e-07
3.90112168421888e-08
1.06253117673367e-06
2.1952195860143e-05
1.11041802991026e-05
3.79611656904189e-07
6.61356041489766e-06
1.62221097361287e-07
5.37499350977125e-08
1.76373673763417e-07
4.65511205751528e-07
2.21018923127429e-07
1.1202111333986e-08
6.09961372905395e-05
2.88985675842229e-06
0.000118181432000228
6.81914673408251e-07
6.43482394686561e-08
9.47888605339148e-06
2.15772303632137e-06
3.42740657545057e-08
2.76474963309627e-08
1.70280833486326e-07
4.21010394317182e-06
3.94078894412265e-06
3.66538835108699e-06
3.19685644225731e-07
1.25503679017534e-07
2.75546535370103e-05
3.52870313988008e-07
1.72778297150689e-05
2.17785746410635e-07
1.08527455083916e-05
1.18350269591695e-07
1.41392577295058e-07
2.02313193500021e-06
3.9632814889429e-06
1.17601940527305e-06
2.14031084384642e-05
0.00209597496689171
1.33268325593113e-06
7.81058546057402e-06
9.84163988289139e-08
1.40409898564774e-06
3.27238466328231e-06
3.65204083701089e-09
3.21341742093441e-05
1.62271558599886e-06
5.0354641018673e-07
2.57086968576888e-05
1.28847409725575e-07
1.15812517560177e-05
1.48811501095467e-07
2.19565418890381e-06
1.05119216315272e-06
2.4506887892634e-05
7.3076749272975e-07
2.34529163390407e-07
7.52663163201698e-08
1.17446353374475e-05
3.64534424452132e-08
3.81862145563301e-06
5.72263777718835e-07
1.6879158469216e-05
2.00325514576118e-08
6.57826035233872e-06
0.00011650563718074
1.03960426867905e-06
6.34329433939624e-07
5.85313885680261e-07
3.07686626597386e-06
1.97918591860647e-07
1.75644701355116e-05
2.84142313220919e-07
1.39799013799911e-07
6.56166522945761e-07
1.50905421248134e-07
5.27565536982474e-06
5.81796884808682e-07
6.12886718357658e-07
3.67115790938936e-07
1.31049696715422e-06
3.20158055805437e-06
2.50938664032142e-06
3.43170389118911e-06
2.54756518450897e-06
6.15881030228974e-09
4.67472589957443e-06
3.6598560520749e-06
1.29332058092577e-06
8.82205079197893e-06
5.16549835099294e-08
2.96559127039603e-06
1.37759170031931e-06
6.24868443103666e-06
4.92625925189703e-05
8.16036093033678e-07
1.04447236989072e-06
8.34172961308182e-08
1.74487415275928e-07
8.03042252721186e-09
3.67791189041064e-07
3.8491571836795e-06
1.90553809129018e-06
7.96268800672288e-07
6.87551544616381e-06
4.91337719656718e-06
1.86256672848571e-07
4.37818359174855e-05
1.27181695635569e-05
3.14481632116117e-06
4.72313609252155e-08
3.3164783985136e-06
2.02309800580154e-06
1.98853226038668e-06
3.28545547045659e-06
9.50933729373602e-06
3.15604469046995e-06
1.50745860169846e-07
1.80356281774654e-05
2.69252982276135e-07
3.02322389419978e-08
7.71979703356466e-08
1.8705773461222e-08
7.489082424688e-08
3.66643025820368e-06
2.42967128214125e-05
1.82102216168311e-06
3.62455911274788e-06
8.85072195245182e-07
8.37944847265797e-07
3.49386515931272e-09
2.40167748080781e-06
2.57660384094802e-07
3.5714615451088e-07
2.74830133749657e-05
3.61119179184971e-07
1.04740193930262e-06
1.14880576112624e-06
1.33968364022677e-06
2.26618149804183e-07
1.17757504169236e-06
1.0204805708742e-06
1.26243101014376e-06
2.35861888090716e-07
4.56691861618973e-06
4.56441586613648e-08
1.97478899836984e-06
3.6472774753829e-07
1.10334079570916e-05
3.02600380307259e-06
4.54964261927456e-06
5.73761534697171e-06
3.21193920026271e-07
3.56297091942689e-08
3.62191879990041e-08
3.95256068273526e-07
6.49632670203406e-09
3.12352746612862e-07
3.3149314652773e-06
2.51580387169485e-07
8.85471404324395e-05
1.15073408404568e-06
3.18888330367541e-07
7.763148347897e-06
1.81527494523791e-06
1.97173641688685e-05
1.40398079975481e-06
1.72434646418208e-06
6.08116239948124e-07
3.50692227413872e-06
4.8710053382546e-07
1.50949875834293e-08
1.02274760152e-05
3.05303002910453e-07
1.45282847590694e-05
3.7633282087032e-07
1.11332197859888e-06
3.72418469449233e-06
1.6175288633998e-06
1.53554855004855e-05
4.51187539073312e-08
3.15236152826349e-05
1.16493907912514e-08
3.87057497016831e-07
1.65553438176295e-05
8.18030115426518e-08
2.07883009908381e-05
1.9202485800758e-06
1.09928494271913e-07
1.61529736365567e-07
1.36362436563768e-08
5.68218129072112e-07
7.27413628550151e-06
1.34423884197177e-06
1.07123074262486e-06
1.84593729813855e-06
9.21118008258353e-07
9.28075948525969e-08
1.23103963631922e-06
8.90102495638301e-08
1.16913993308752e-06
1.94830884069029e-06
6.01611213220542e-07
5.21213233445272e-07
1.35145556021174e-07
4.66152227451313e-06
1.50309671714893e-07
1.76283189945727e-07
2.00370506440387e-08
2.6453750205865e-06
5.9884806711158e-09
1.92728093150621e-06
2.60054886132358e-06
2.97320404726543e-05
2.32568753211373e-07
7.58034309262806e-05
2.30217209249345e-08
4.31606931872924e-07
4.88461023175384e-06
7.53740751433155e-07
1.08768315946631e-07
4.22347308099773e-06
9.07007869416862e-07
3.37612396967881e-07
2.51513129889634e-07
2.09562748151189e-06
9.75904379294984e-08
3.6808551372601e-05
3.26444186443787e-07
1.60797374151095e-07
5.99231522809368e-05
3.55639317719276e-05
1.9556397169849e-07
2.02351101374974e-07
0.000302687468514402
1.66642069207074e-07
7.71828980101184e-07
4.09551075800013e-06
1.05208714405729e-06
2.73353375705466e-07
2.61979732487806e-07
1.30922583563644e-05
3.01071440042889e-08
1.37381804081912e-06
5.20151869804297e-05
0.000116240184733645
2.25881819816326e-07
2.05832551459797e-08
1.07384983347221e-05
3.14676446679336e-08
6.41936726583745e-06
1.33672055727633e-08
5.82221739644929e-05
9.17090114634831e-08
1.07264441785218e-06
1.02315953813504e-07
0.000234791190361664
3.28200781691768e-08
9.12611824748011e-06
1.28061598907872e-06
6.0483933772739e-05
1.26504940837188e-07
1.02260377905441e-05
1.15058655693502e-05
1.68665836555227e-08
2.71005397558126e-07
2.79271227202838e-06
4.51981591657449e-07
1.15269928908926e-07
1.48216330608293e-06
9.00393281049184e-08
2.09096571651192e-06
6.02236435625696e-07
1.65926637952386e-05
3.60112397380926e-07
1.64541026261421e-06
1.45960232114999e-06
4.90368837408638e-07
6.18518991933206e-06
1.02966029947777e-08
1.27766886470425e-07
1.58839908549811e-06
1.92466103667343e-07
1.13697592675458e-07
3.63176856208043e-06
7.8745864518248e-08
1.77430920402013e-06
2.21589961479523e-08
2.88715921137053e-07
6.53769809416187e-06
5.07654860514253e-07
1.67882694255341e-05
5.21075235341924e-07
2.604648618843e-06
3.5650338443997e-05
1.99356831177895e-06
5.15756984382446e-06
3.14405702761873e-05
1.08526623091651e-08
4.13702858600846e-06
4.17201750706221e-07
2.46293460590181e-06
6.70048337675693e-07
1.67254797181391e-05
8.25257220879596e-06
5.7264684478739e-07
2.50088714585624e-07
4.04331485872531e-08
1.19682108826476e-06
7.62749377214235e-07
1.17342765468774e-07
4.49469372230044e-08
5.43395804754186e-07
8.95923857648296e-07
1.47222159259671e-05
3.70929751754549e-08
5.30684401264731e-08
2.41692392125695e-06
3.85282307789992e-07
2.33240301607291e-05
1.53256433036688e-08
1.3457597454343e-07
5.3785439405567e-06
3.37093127752425e-05
1.43244976558893e-06
7.21679857034928e-08
5.87218561379699e-06
4.9628711580271e-06
5.92507872777233e-07
1.19206964384549e-06
2.73938900850266e-06
4.1138882718756e-07
1.12993583078317e-05
6.61562408325439e-08
5.6793152926234e-06
8.87026331576721e-08
1.79174744875901e-06
8.66762154473198e-07
1.35746160956272e-06
8.66737786440901e-07
1.7380377848968e-06
1.95389163003013e-07
1.91354221236195e-08
1.27956297004293e-07
6.24890903175751e-06
1.6076551495195e-06
8.03673314301194e-06
2.01207830880034e-06
2.11083857439561e-08
6.2721931040918e-08
5.2182135867066e-07
5.17442232786596e-08
9.70626892230163e-08
7.64926592316401e-06
7.52575253312187e-07
4.03140605901482e-05
2.25379385604208e-06
1.2098285640748e-05
9.58532456814236e-08
4.13695587506746e-07
1.22243156136166e-07
4.3273279693788e-05
5.67282126022146e-08
8.50376522754672e-08
5.07669097285276e-09
7.09450569282487e-07
3.95630626499422e-07
1.07041581298538e-08
0.000361166726441191
3.02627110168051e-05
1.5838510687589e-05
2.35834517278563e-06
1.61335147328155e-06
1.58317074598896e-06
6.39125856051128e-06
1.9439139190623e-05
9.46454056826504e-07
2.41097454708856e-05
1.711627813832e-06
7.17160270220844e-07
1.70332304064256e-05
2.48718465130973e-07
7.81970295966401e-06
5.20774034157488e-07
9.45631037164331e-07
2.38961753915275e-07
4.05264005322621e-06
1.06280103141471e-06
1.23420933606015e-06
8.04109752156303e-07
2.38993712991027e-06
2.9957008728378e-06
5.312920594898e-09
6.42703580179403e-09
1.07694560623139e-06
6.01477275007225e-08
8.18867489214621e-07
1.14909423513914e-06
1.95805251050066e-07
6.3292549117055e-06
2.99398143914615e-07
4.15246297094889e-06
8.01443281393604e-08
2.20870975905657e-05
1.95944268407698e-05
1.3352489103554e-07
3.68147561541757e-06
6.75315452987063e-06
5.09597611555518e-06
3.50985759438524e-06
1.16308159816146e-06
6.55735431207653e-07
7.29566312529283e-06
8.60552412674722e-07
4.6726752448377e-08
1.08542970407126e-07
2.72485730454724e-07
4.37912620568911e-08
1.60034171584889e-06
8.37961281937757e-06
2.03004822114805e-05
1.3719598400351e-06
1.63535238473621e-06
3.87077754123916e-07
5.78251615858898e-06
6.31202680457184e-07
2.24050812226423e-07
1.96407422827498e-07
2.13160219655009e-06
4.05851646676534e-06
5.47288569019214e-08
3.46187756349928e-07
5.32208847007203e-06
8.1212355348849e-07
5.41233945484455e-05
2.41917947807918e-08
6.22685589473146e-07
1.70480110787971e-07
3.59018122280735e-05
3.5408246468103e-07
2.94681357461299e-07
2.85780640169831e-06
2.40939028523753e-06
9.73660853027124e-07
1.81281307246075e-05
8.02535330433807e-07
5.27334622553578e-06
1.0014523440837e-07
6.3595174809941e-06
5.31208101743191e-06
7.16932493987663e-07
4.51569756368664e-07
7.97706811597022e-08
3.53435074932018e-07
1.17235866688296e-06
2.45172580912505e-07
1.30089692307875e-05
2.06846985219417e-07
3.1037354255439e-06
6.12564012810816e-07
0.000108770323654005
2.35379036307526e-09
3.63984046304501e-07
6.78805420909744e-06
2.23770019229202e-07
4.8695614526238e-07
1.18879198585934e-06
1.18860368023953e-06
4.75645806602603e-07
2.24827301298547e-05
5.19567529771801e-06
3.80830533388606e-06
1.67045679722354e-06
6.36491480870339e-06
1.6810676081945e-06
2.211747295008e-07
2.05119904041917e-05
5.30284637127923e-07
6.08942801167367e-07
2.94949115926346e-06
1.67134605986915e-06
1.07803397688307e-05
6.83900703660382e-07
7.32921134805261e-08
5.73173679071004e-06
2.61442086855989e-08
1.81790221688137e-06
2.44295099614893e-06
1.39151371555529e-06
1.22203006954465e-06
4.62690729125957e-07
2.34421782082469e-06
7.77188008374508e-07
6.18531463030555e-05
1.80598081969115e-06
1.91177500857789e-07
1.04357261625662e-06
2.06199413753801e-08
1.07212980640681e-05
9.42252815640333e-07
1.28356558131213e-05
1.64845653562781e-06
5.71466140781724e-07
2.1631880335876e-07
6.77099328914469e-06
6.74853819099808e-08
1.7152119497881e-06
2.06981348264752e-07
1.24754682665254e-06
9.08770207875778e-07
6.74278604694242e-07
1.49396503891016e-06
1.61992649464811e-07
6.9208275513403e-07
1.23921797612347e-06
8.66382897545663e-06
4.40036712745353e-07
8.38012580350964e-08
6.52451221901473e-07
2.25006156267195e-05
4.44211424122571e-08
1.21339586042235e-08
1.68207868342603e-07
3.03511994400719e-07
3.05536794599828e-07
5.43011550156749e-07
8.80584943150675e-08
1.16371940586705e-06
5.50242091804312e-08
1.61100727429233e-07
1.14043091335651e-05
5.48615291236905e-08
1.69804473595768e-07
8.14805308376088e-08
4.19550784261022e-06
3.75104902143339e-06
6.92732884158925e-06
6.04000593200557e-08
1.96613344029721e-09
1.05997935048199e-05
1.19851586323921e-06
3.94699765450021e-07
1.87540671534604e-06
2.00150110701488e-06
7.93962357856857e-08
1.6103954848738e-06
7.35250526465512e-07
6.29092205250697e-08
7.61936358773689e-06
1.40887878088417e-07
4.98937876304587e-05
3.45576685422097e-08
7.03774305692259e-09
2.01767685320049e-08
8.22894689139283e-07
2.16303245878637e-07
1.282442983786e-06
6.46845508529551e-07
2.19093156592346e-07
1.39170505181941e-06
1.39367300944717e-06
5.71273258273283e-08
3.3512071818758e-08
1.33625441019795e-07
9.8042204055967e-07
2.17445222625729e-08
3.77688278716283e-06
8.5209569804296e-06
1.5827221939122e-07
1.8509801564479e-06
9.24014122160373e-07
3.40844223598877e-06
1.61726014976368e-07
7.27690538681864e-06
6.18459588909462e-09
1.90488483209015e-06
1.17563142142555e-06
1.4667869243817e-06
7.06905107714867e-06
1.58124450126501e-07
4.52826044128026e-07
5.14099528118218e-09
1.82852871243473e-06
4.75167661709493e-07
3.97103333542167e-07
9.0487284900906e-06
7.69979517664589e-07
2.24215438194036e-06
3.81400022840173e-06
3.0060925270419e-06
5.0443961354266e-07
8.47876408887865e-07
4.69790133128531e-08
7.20338023473141e-07
4.4019627557936e-08
1.08738593263641e-05
2.02528031126188e-06
4.37135398917327e-08
0.000134647767133865
8.461986723456e-07
1.91244662603941e-08
1.32132170855264e-06
5.33456642807934e-06
7.54755149487108e-06
7.01061058966257e-08
2.23184420948187e-06
3.83275978764766e-08
1.14119103480803e-06
6.58970523812473e-07
4.84172250662399e-07
2.74271605449261e-08
2.3415700591944e-07
1.34726766586018e-08
4.18321871673355e-08
1.06150352417483e-06
2.43913545082227e-05
4.7107297916271e-07
1.42091373359095e-07
1.62399480634419e-08
1.54686951322774e-06
1.18712113673624e-06
2.37628717869394e-06
1.30195403026748e-08
4.24514106884195e-05
1.89368859685958e-07
1.74925822958705e-06
6.12366409448624e-06
8.34944880302039e-07
2.62252122373159e-06
1.09282298190318e-07
4.25060351040506e-07
4.52033076675485e-05
1.60352320964624e-07
1.70596951280467e-08
2.37612340453569e-06
1.93446242697076e-06
5.69505779408465e-07
1.45976864324688e-06
8.27547929298133e-07
8.58956065492879e-07
8.9611265242161e-07
9.49160839046687e-06
4.07294442633086e-07
4.31120303535757e-06
6.65458880611609e-06
1.48252217197621e-07
8.06449539207618e-08
1.39028635781864e-06
9.37772559178874e-07
8.12618857515932e-07
4.30261191212971e-07
1.90815837839962e-06
3.95181871281663e-07
7.25295172675165e-06
4.42476503649094e-07
5.4908820461797e-07
1.03406038372214e-06
2.91177077031562e-07
4.65323696527948e-07
2.35475469229722e-06
5.49948000616399e-05
7.87307141973607e-06
3.08695401728227e-07
9.49755382411311e-07
4.42682706381232e-07
5.66244171921671e-08
1.04862115869428e-06
4.90806357163963e-06
4.59513052443364e-06
2.39197896561397e-06
8.60224461996178e-05
2.88414897125712e-07
2.66592966427908e-06
4.44116691617344e-06
5.6752640899068e-05
8.26954471429305e-07
1.4220944700646e-06
8.03295542182067e-08
1.55468022811069e-06
2.54928926567693e-07
7.55498014403227e-08
2.59005159426093e-07
1.47565543193882e-06
1.68009394155946e-07
5.87079728203769e-05
3.63499752165722e-06
1.18143535178172e-05
9.12354316666427e-09
6.65737973612986e-07
4.21783223621652e-08
3.88338963582085e-08
2.48743666584823e-08
2.35124933575189e-06
0.00025817490855322
2.41574907998721e-07
5.68200063623616e-05
2.04117193343543e-06
1.0988722736393e-07
1.90404396480419e-08
1.87020727121724e-07
3.33754856778167e-06
2.89388956935938e-06
9.33411684789392e-07
2.81087833662772e-08
6.19374748488228e-06
5.16411683499097e-07
4.8523430643156e-08
1.66117931585935e-06
1.60371301314784e-07
3.74799239590411e-07
1.1357542862755e-07
3.0686492881647e-06
1.50042033285036e-06
3.50720034611161e-07
1.26736695860503e-07
3.40948666772272e-07
4.16867275534282e-07
7.72085731989566e-07
2.37872276780266e-05
8.65993615455618e-07
4.93714057916106e-07
0.0002169395598582
4.11256897467367e-07
3.42304447468177e-07
2.71279862880938e-06
4.42878141687825e-05
3.24538914753675e-06
9.53922920369225e-08
3.34227121357116e-07
3.82059765299023e-07
5.37005208718919e-06
7.37755880358892e-07
8.3157659085881e-06
3.56727369834841e-06
7.8028335334605e-08
1.09867190921107e-07
4.9877107527133e-06
5.78115670985786e-06
1.56200632341306e-06
1.63803282913147e-06
3.09373908947779e-06
7.71070164108313e-08
9.56988619448963e-09
7.38633914059047e-07
5.57233808923724e-08
3.80698424193389e-07
8.12787634926352e-07
6.02848820850635e-08
3.50399990716301e-06
7.51129718124301e-06
1.82547403175651e-06
8.78993440360687e-06
5.73572719649993e-07
0.000522630763758
1.86594847409147e-07
9.92574117249232e-08
3.63510804291538e-08
6.05903210639547e-06
2.77386836762638e-06
8.20776623316031e-05
4.78450185942538e-07
1.08619577543572e-07
1.70499731822523e-07
4.17552372830919e-07
5.57922053944246e-07
2.11460313398431e-06
4.72637872157921e-06
2.90656497517187e-05
8.32441182868601e-06
4.00421407578118e-07
1.66722924008964e-05
6.66197768171328e-06
1.40876396584918e-05
3.101728664601e-06
3.79692061865382e-08
2.08476246126172e-06
5.14608609142607e-06
