27077
53019
53065
53047
53051
16021
30053
30029
30035
30101
30051
30041
30091
38023
38013
38075
38009
38079
38095
38019
38067
27069
27135
30005
30071
30105
30019
53073
16017
38101
27071
53057
38105
38049
27137
53055
30085
38061
27089
38071
38099
27007
38069
53007
30073
53009
38005
30015
53061
53029
30089
27075
38063
38035
27119
27113
53017
38053
53031
30083
30099
30055
16079
53063
30047
27029
16055
30033
27125
53025
53043
30049
53035
27061
38083
38103
38055
38027
38025
30027
30021
53033
30013
38039
38091
38097
53045
30063
30069
30077
53037
38031
38057
53027
27107
27087
30061
27021
23003
30045
27057
16009
30109
38033
38007
38093
38043
38015
53053
38065
53001
53075
38003
38017
30079
27005
27027
53067
16057
30059
53077
27001
38089
38059
55007
16035
30017
30087
30039
27159
27035
53049
53041
30007
27017
30037
55031
30065
30107
53021
53005
38037
27111
53023
30025
16049
30081
55003
38047
38029
38045
38087
38041
38073
38077
27167
16069
53013
53071
55051
23025
23021
30043
30111
30103
16061
53003
38085
27115
23019
53059
53015
53069
27153
27097
38051
38021
38081
38011
38001
30023
27095
41007
30097
30031
30067
41009
30093
55129
55113
55013
27065
30011
30095
27051
27041
53011
53039
30003
27155
41059
41063
55099
46021
46063
46089
46105
46031
46013
30001
46091
46109
41049
41061
30057
27009
41021
30075
27145
41057
41067
27121
27149
27059
27025
41055
55095
41051
41027
41065
16059
23029
23007
55005
55107
30009
46129
46045
46037
27011
27141
46137
46041
41005
27171
41071
27003
27067
27151
55119
23017
46051
27093
33007
27163
55017
41047
27073
16003
46107
46049
27053
46115
55109
55033
46019
16085
46025
46029
27023
27123
41001
41053
41069
46093
41041
55019
50009
50013
50011
50019
36019
56029
56011
56003
56005
56033
36033
41023
27085
27019
46039
27037
27173
46119
46069
46059
27129
55093
16037
55035
16087
41031
27139
46057
50015
41043
46117
50005
23027
46055
16043
27143
50007
23011
27049
41003
27127
55141
55091
56039
46005
27083
27081
46081
55011
55121
55053
16033
41013
56019
46065
36031
27079
27131
46077
46011
46103
16045
27015
50023
23001
27103
27157
41045
23009
33009
41017
23013
16015
23015
50001
33003
41039
27013
55057
16023
46085
50017
27161
46017
46073
46101
27117
27039
46111
27101
27033
27147
27109
46097
46079
27169
56045
46075
23005
56043
55081
16075
36041
27165
36043
55063
16039
56017
16051
41025
23023
56013
46071
16013
16081
50027
41019
46003
46015
16065
16027
46095
16025
46033
50021
27043
46099
27133
27047
27105
27063
27091
27055
27099
27045
46035
46061
46087
23031
36115
16001
36113
46123
33001
55123
46113
16073
16019
16011
41035
41037
41011
33013
33019
33017
55103
56025
46053
56027
46023
46125
46083
19195
19131
19005
19189
19191
56009
19143
19059
19109
19089
19063
19119
46043
46067
46047
56035
55023
36091
46007
46121
50003
56023
36035
33015
19167
50025
19141
19033
19041
19081
19147
19067
19037
55049
55043
33011
16063
16047
16067
33005
46135
46009
16077
46127
46027
19065
19043
36057
16029
16005
31165
31045
31161
41029
31103
31015
31031
41015
36083
36093
19149
19035
19017
19023
19021
16083
19151
19091
19197
19069
36077
31089
25009
31107
31027
16053
36095
31017
55065
36001
31149
41033
31051
25003
25011
25017
25027
19061
16031
19187
19055
19019
19013
56015
56031
16007
19193
19093
19161
19025
19079
25015
19083
19075
31043
36025
17085
36021
16071
36039
25025
56007
31139
31013
31003
56001
16041
19097
31179
25013
19105
19011
19113
19171
31173
56037
25023
25021
19133
19047
19027
19073
19015
19127
19169
36111
31039
25005
31167
31119
31075
31115
31091
31071
31171
31183
31009
36027
25001
31021
9005
9003
19045
9013
9015
36105
44007
49005
6093
31069
49003
49033
31157
31123
42127
6015
32013
32007
6049
32031
19031
31011
19099
19153
19157
19085
19077
19165
19009
19095
19049
19103
17161
19163
44001
44003
31037
31053
31141
31005
31077
31117
31113
31041
31175
17197
39095
17093
18089
18127
39051
39055
9011
39171
31007
31177
44005
9001
56021
42131
44009
9007
9009
42069
17099
36071
42047
39035
42121
42053
39123
42023
39173
42103
42081
19139
42113
17011
17073
56041
18113
18033
36079
31125
39093
19123
19155
19183
19125
19121
19181
19107
19029
19001
39143
39155
42085
18099
39069
42035
25007
17063
6023
31023
31155
39043
18085
18149
42031
31033
39039
49057
19115
42079
31143
31055
31163
31093
31111
31121
25019
31101
31105
42065
49029
6105
36119
34037
39153
39133
17131
36087
17155
42037
17091
18183
18073
39077
18003
39103
49043
42027
42033
42089
39147
39125
17175
18111
31049
34031
31153
6089
6035
42097
18049
42019
42005
18131
42093
39063
19129
39137
19137
19003
19039
19179
19101
19175
19087
31081
19117
19135
49011
17095
17123
42119
42025
39099
42073
34003
17105
34041
49045
34027
19057
17071
17187
31025
39005
18169
31159
31109
31019
31047
31185
31079
18069
17075
18103
17053
8081
8123
8057
31135
8075
8115
8107
8069
49009
39033
32015
32011
39139
39169
39161
39175
39151
17143
42095
32027
42107
18001
18179
17203
39029
36005
18017
18181
49035
39003
42063
19071
19145
19173
19159
36059
19051
19177
19053
19185
34013
19007
42109
36061
49047
42007
42087
49013
34017
19111
39065
36081
31131
42077
34019
36103
17113
34035
18015
17179
42013
18007
8095
42061
36047
42021
34039
39107
39019
17057
39117
39101
31151
31001
31035
31059
42067
31085
31029
31063
31073
39011
31099
49051
31137
42011
42129
42003
18053
39075
42043
39157
36085
17067
17109
42099
54029
42017
29045
29199
29197
34023
39081
18009
29171
29005
18075
49049
29147
29129
18067
29081
18157
29227
39083
31127
42075
39091
31067
31097
8087
39159
17183
18171
39149
42125
8049
39031
6103
34025
6063
39041
42091
17125
18023
8125
8121
39067
34021
18159
17019
54009
18095
18035
29075
29211
18045
39037
31169
31095
29001
31057
31061
31181
31129
31087
31083
31065
31145
17107
42009
42041
18135
42071
29103
42055
17147
17039
42111
17169
39089
39021
29087
31147
31133
29079
8013
29111
42029
18057
42133
18107
8103
39059
17001
39109
54069
18011
34005
18165
17129
39013
34029
42057
39119
6007
29061
39049
42051
42101
29003
17017
32033
39097
17009
8045
18065
42001
42045
17115
29063
29121
39023
29115
54051
42059
18177
49023
32001
20137
20147
20153
20023
20039
20157
20043
6045
20183
20089
20201
8001
20131
20117
20013
34007
17167
29117
18121
29205
18059
29127
39121
18097
39045
18063
8047
39127
39113
39135
8117
8037
8059
17045
17041
34015
17137
18133
39111
39057
17149
8019
10003
17021
29021
49007
49039
39129
8031
6021
17139
17171
18139
18041
29025
34033
6091
39115
29049
32019
18161
8005
34001
24043
24001
24015
24023
24025
54061
54077
24013
24005
54103
24021
39047
29041
18145
49015
54065
17029
29173
29137
17173
39073
20029
20005
20085
54057
39167
54049
18081
18109
6115
32029
54003
29033
18167
29175
18021
54095
29163
39165
39017
6033
39027
8063
20181
20193
20179
20027
34011
8073
8039
20161
8093
20163
8035
20141
20149
20065
20123
39009
49027
54027
29165
17135
17117
29177
17061
49019
18047
6057
39141
54037
17023
54073
54033
18119
51069
29047
54017
54091
18031
6011
20087
20103
54107
29195
17013
54085
39163
24029
17035
8065
39071
24510
10001
24027
8077
8097
24031
29007
29089
18005
18013
18105
54023
34009
51107
18029
6061
39061
20143
18137
6101
54001
29107
24035
54093
51043
39025
32510
18153
17083
8051
29019
39015
54031
29095
24003
29113
17051
20061
20177
17049
20105
8029
20197
51840
39079
39105
20209
18079
39131
17033
17079
54105
18055
54041
32023
29139
21015
24011
20109
20195
20051
20063
24033
20199
20167
20041
8041
8119
54083
21037
54097
54021
32005
51171
54035
21117
32021
18071
29027
20045
6017
51059
29053
8015
39001
54013
20091
49041
51187
8017
39053
18115
17005
54053
39145
51061
17119
29219
18093
11001
29183
20169
10005
54071
24041
54087
29159
51153
29101
51013
18155
6113
6003
18077
29135
17025
18083
18101
18027
54007
51610
29189
21191
51600
21077
20127
20139
20053
51157
17101
17159
6055
6097
51510
51165
39087
29037
17121
18143
51139
21023
21081
29510
51685
18175
51683
24009
21041
21161
21089
17027
54101
21223
6067
20121
29051
54075
20111
20059
21187
21135
29073
29151
24017
6051
29071
24019
51047
6005
20171
29141
20203
20101
20135
20071
8043
20165
20009
18117
54079
32017
8085
54015
17163
54039
51113
8061
17191
18019
20113
21201
21103
20115
51179
54011
51091
21097
49001
17047
17185
29083
54067
24045
18125
29015
21185
21069
18051
18037
17133
8101
20017
20159
8025
24037
17189
21043
49055
49031
6009
21019
29099
49037
21209
51015
17081
51079
29013
51660
8109
21181
32009
24047
6109
20031
29131
18025
18061
54099
18043
51137
21205
20107
20003
21111
51177
51099
54043
21073
21017
21211
20145
8091
6041
51630
21011
6077
24039
29125
51193
51003
21127
21063
51017
54025
29029
54019
8099
18123
8011
17193
17065
20075
20093
8089
8027
20055
20185
20083
51033
18173
18129
54005
17157
29185
17145
29055
21067
29221
18147
21163
21173
21239
51790
18163
20079
20155
20073
51057
6095
29161
21215
8113
51109
49017
8053
49021
17055
21005
29186
21175
21029
21049
51159
6013
51820
20015
51163
29187
6099
20047
29085
51540
21165
29217
21027
51125
20207
20001
20011
51001
51133
54045
29169
21093
51085
51065
8055
21115
21113
20069
21091
21179
54081
54059
51097
21101
8111
21167
8079
21159
51005
17077
21197
21059
17059
21151
17165
51101
20057
20173
21229
51075
29157
21225
8033
29059
6001
6043
29039
21153
29105
17199
54089
21237
21065
51103
8105
21079
29167
20151
51009
6075
51580
8071
51678
54109
51023
51029
29065
51119
6039
21071
21195
51049
51530
29093
8003
21183
20187
20081
20067
21123
20097
20205
20133
21155
20095
54063
21129
21021
51087
6081
21025
51145
21149
20037
51045
21233
29011
29123
8009
8023
21137
8083
8067
51127
6047
21085
51019
49053
17069
51760
17151
29215
17181
17087
29179
20049
29017
29031
51073
54055
29057
21109
6019
21107
51041
51011
51131
21045
54047
21055
49025
21189
21203
21119
51027
51115
51007
51036
29225
29229
6085
21217
51071
20191
20035
51680
20119
20025
21087
20007
51095
6027
21099
21193
51031
8007
29077
29203
21139
21177
51161
51147
21031
8021
20189
20129
20175
20077
20125
20099
20033
21033
51199
51121
29097
21199
21051
51515
17127
17003
51185
17153
20021
21061
21125
51149
51770
51670
21131
51775
21001
29223
51021
51051
20019
51135
51570
51830
29109
6087
51053
21133
29201
51037
51181
51730
51155
51700
51067
21007
21145
51195
21227
21207
21143
21169
51735
21009
21047
51750
51093
51167
29207
51063
51111
51183
51650
29035
29043
29133
21219
21141
51197
29067
21157
29145
29091
21121
51083
51025
21095
51173
21221
4017
4005
40035
40105
40115
40113
40071
40147
35059
35045
35039
40003
40053
40025
40151
4015
21231
40007
40139
51175
4001
40059
35055
35007
29209
6069
21235
21039
51710
21147
21013
51720
21083
21057
21003
51810
51035
29009
51191
29023
51800
6053
51081
51117
51105
21213
51169
21053
29149
51141
29143
51550
32003
51089
21171
51740
29181
29213
40153
51077
29153
21105
29119
21035
6107
51595
51690
51640
51620
47161
40041
47147
47165
47125
47111
29069
47027
47137
51520
47163
47091
40103
47151
40131
47067
47025
47013
40045
40047
47073
37009
47049
37005
37171
21075
40117
37053
37131
37091
37029
37073
37185
37169
37033
37157
37077
37145
37181
47133
47087
40097
37083
40093
37139
47019
47095
47131
47183
47079
47169
48295
48421
5021
48111
48195
5005
5049
5135
5121
5007
5089
5015
5009
48357
6031
47021
47179
47173
40143
37193
29155
47159
47057
47059
47037
37189
37143
47083
47129
47005
47189
47063
37041
47043
47141
5087
47001
37011
37197
5055
35033
5075
37069
5065
47171
37067
40119
47085
37081
37001
37015
5143
37135
37063
47053
35021
35043
47045
37127
47093
47089
47029
40021
40037
47035
40001
40073
40083
40145
40011
40043
47017
37121
37065
47041
5101
5129
37027
5137
47149
47185
37199
37117
37183
48393
48211
47145
48233
48205
47187
48341
37115
37097
37059
47155
37003
37057
40129
35049
35031
47081
5093
47033
37023
5031
35028
47015
37187
37177
37111
47097
40081
5063
37151
47105
5067
35047
47009
37037
40101
40111
47177
47039
47119
37195
37159
47135
47143
47175
37147
47077
37035
47075
37021
37101
40039
6029
6071
6079
47113
5141
37087
47007
5047
5071
37055
5033
47121
35037
37013
5115
40017
40109
47117
5023
47031
5111
47003
37173
47123
47101
37079
47107
40107
40135
47167
48375
48065
48179
48483
48359
37105
37161
47023
37191
37085
47153
37045
40091
37109
40015
47061
4025
5145
37099
37125
37119
37025
40009
37123
37167
47181
37089
47157
40149
40125
40061
47065
5029
47099
47055
37075
40133
5131
5037
5147
5035
47069
47071
5083
37107
47127
37175
37071
47047
40079
37149
47109
40027
47103
40051
5045
47051
47011
35006
40087
47115
37113
37163
40121
37137
5149
40063
37039
47139
37051
37103
35001
35019
45045
37179
37007
37093
45083
37095
37061
45021
48381
48011
48087
48129
48117
37153
45091
37043
5123
40075
40055
5105
5127
5117
45077
5085
40077
37049
45057
45073
35057
37165
40057
5119
1077
1083
5095
28003
28141
28139
28009
28033
28093
13241
1089
1071
13313
13213
13047
13083
13295
13281
13291
13111
37133
40123
35009
35061
37155
5077
45087
1033
6111
28143
37031
40049
5125
1049
40031
40065
37017
13123
45023
13137
45007
45025
1079
45069
13311
28137
45059
5051
35011
40029
28117
5097
48369
48069
48437
48045
48075
48191
5113
37141
13187
40127
40005
40137
1103
13257
5107
40099
40141
13129
45033
13085
45055
28145
1095
35041
35003
13115
13055
35053
1059
48197
5001
28071
28107
45039
13227
13119
28027
45031
45071
1019
28081
4007
28119
40069
40019
5059
40089
40033
13139
5053
5069
13147
13011
45001
37047
28057
48487
13015
13057
45047
37129
28115
45061
37019
5061
5109
35027
5019
4012
13117
1093
48345
1043
48101
1133
48153
48189
48279
48017
45041
45051
13157
45067
40067
13105
13195
1009
45079
48155
1055
5133
45063
28161
48485
13121
40095
5079
45081
13135
28135
28013
40013
40023
45085
5039
48077
13013
5041
28011
13067
13233
35005
28095
13223
28017
6065
45065
40085
5025
1075
13059
13221
4013
6083
5057
1127
28133
48337
13317
1115
13181
45037
1015
13219
13089
48387
5099
48181
1029
6059
48097
5081
45027
48277
13297
1057
13143
28043
48147
45089
45017
45003
1073
48269
48125
48107
48303
48009
48219
48275
48023
48079
5103
13045
28083
28025
13211
5013
13097
5043
13247
4011
45043
13133
28087
13217
28155
13265
5011
45075
48037
13073
1121
28015
28097
13189
4009
13063
13151
1125
13301
5091
28105
35025
5017
13113
1117
13245
1107
28151
28019
13159
45015
13077
6073
1111
1027
4027
48119
45011
5073
35051
6037
13237
4021
48237
13141
5027
13035
6025
48497
48121
45009
13149
48231
48085
5003
48449
48207
48447
48503
48263
48433
48159
35035
5139
48169
48305
48445
28051
48501
48223
48343
13255
28053
45035
13125
13163
48067
13033
28007
28103
28159
1007
13303
13199
13285
35017
13171
13207
13231
13009
13169
45029
1063
45005
1017
1123
1037
28125
48063
1021
35013
13251
28163
45049
22017
45019
22015
28055
22119
22027
22111
1065
48499
22067
22123
22035
13319
48363
13293
48367
48439
48113
48397
1119
48379
35015
48417
48253
48151
48415
48033
48115
48429
48165
13021
13165
28099
28079
28069
48459
13289
28089
48315
13263
1105
13145
13079
48257
48467
13107
13167
48203
35023
1051
22061
45053
1081
13269
22073
13175
1001
1047
48423
13225
13153
22083
48183
13031
28123
28149
35029
13215
1087
28121
13103
22013
28075
28101
13023
28049
22065
48251
13197
48221
48139
13043
1091
13053
4019
48441
48227
48335
48133
48059
48317
48003
48353
48143
1113
13193
13283
1101
22049
4003
13091
13249
1085
22041
48401
13235
48365
48213
13209
13279
22031
48349
48425
1023
1011
13267
13309
13093
22021
48217
1131
13109
45013
48093
22107
22081
13029
28061
28023
28129
28021
13259
13307
13261
48035
1005
22127
22069
48073
13271
13315
48431
13179
48173
48329
48081
48495
48135
48399
48083
48049
48001
1109
28127
1041
28029
13081
48193
48161
13183
48109
48389
48301
48229
48141
1025
13239
48419
22025
1013
13161
13001
13273
22059
13243
13177
28153
28063
48309
13051
13321
48347
13287
22085
13017
1099
28067
13305
48293
13069
22043
28031
1067
13061
28065
13155
22029
28077
28001
1035
4023
48333
28085
48099
13005
48451
1129
13191
13095
48475
48405
48103
48461
48383
48289
13037
1031
1045
28037
48403
48225
13277
48095
1039
48235
13229
48005
48145
13099
22079
48307
48411
13019
13299
48281
13127
13007
13205
28091
28073
28035
28111
28041
13003
48455
48371
28157
22115
13025
48395
28005
28113
28147
13075
22009
13071
1069
48027
1003
1053
13201
1061
13173
48351
13065
1097
13039
48241
48373
48331
48243
48313
48413
48327
48105
13087
13253
13131
13275
13027
13049
48457
48471
48053
13185
22077
28109
22117
22105
22091
22037
28039
22125
12063
12059
22039
12131
48041
48319
48299
28131
48491
48407
22003
22011
48185
13101
22097
12133
12089
28059
48051
22033
48267
12039
22103
48435
12073
28047
12065
48043
48443
22121
22063
28045
12079
48377
48453
48339
12047
12013
12077
12023
12003
12031
12005
48287
48199
48171
48031
22099
22047
22019
22053
48291
22001
12121
48021
12091
12113
48477
12033
22055
22005
48209
12123
22095
12129
48137
48465
48265
12067
48473
12109
48361
12045
12019
48245
48149
48201
22093
22071
22113
12125
12007
48259
48015
22089
48385
22007
48055
22023
22087
48091
12037
48089
22101
12001
12041
22057
48019
22075
48071
48187
12107
12029
48157
48177
48029
48325
12035
22045
48285
48481
48463
48271
48039
12075
48167
12083
48493
12127
48123
22109
12069
48239
48013
48321
48255
22051
48469
48507
48163
48323
12017
12119
48175
12117
48297
12095
48025
12053
48283
48311
48127
12009
48391
12101
12105
12097
48057
48479
12103
12057
48409
48007
48131
48249
12061
48355
12049
12055
12081
12093
48273
12111
12115
48247
12027
48505
48047
12085
12043
48261
12015
12099
12051
48427
48215
12071
48489
12021
48061
12011
12087
27031
26083
26061
26131
26013
26103
26053
26095
26003
26153
26071
55125
26043
26097
26041
26033
55041
55037
26109
55085
55075
26047
26031
26141
55069
55067
55083
26029
55029
26007
26009
26137
26119
26089
55073
55078
55115
36089
26079
26039
26001
26055
26135
26019
55061
55097
55135
55009
55087
26101
26069
26165
26113
26143
26129
36045
55071
55001
55137
55139
55015
36049
26105
26085
26133
26011
26035
26051
26063
26017
55077
55047
55039
55117
26111
26127
26073
26123
26107
26157
36075
26151
55021
55111
55027
36065
26145
55131
55089
26121
26117
26057
36011
36063
36073
36055
36117
26087
26081
55025
36067
26049
26139
55055
55133
55079
36053
26147
26155
36037
26067
26037
36029
36069
36099
36051
26099
26125
36121
55045
55105
55127
55101
36023
26093
26065
26005
26045
26015
36123
36017
55059
36109
36101
36013
36097
36009
36003
17177
17201
17111
17007
17097
26163
26161
26075
26077
26025
26159
36007
36107
36015
42049
26021
17141
17015
17031
17089
17037
26115
26091
26059
26023
26149
26027
42015
42117
42123
42115
42083
42105
17043
39007
17195
17103
42039
39085
18091
18141
18039
18087
18151
51143
51590
8014
