8.83370756950451e-05
3.19605155847258e-05
0.000154713317066684
2.47840216618716e-06
2.44210480339803e-05
6.18469712175027e-05
0.00625147616127874
7.76710599462292e-05
4.10393364193802e-05
1.79889589371804e-07
8.85706807643526e-05
0.0060907744488919
0.00414583979310981
4.70929773278555e-07
3.07426340727997e-05
2.82533386226707e-06
0.000223299533902453
0.000150642123848881
7.08033464094978e-06
0.000137214653696938
0.000155199840922175
0.000367366777479585
6.60855172177943e-07
0.000137252520147262
0.0416499498812833
1.01043599680835e-05
0.00312157565143091
3.93647547902488e-05
4.5987599514187e-05
0.000628491537171591
6.62082910105643e-05
7.44121602054141e-06
2.78343517979286e-05
0.000201086352721536
0.000107897423174881
8.62534238809018e-05
0.000119889525460386
8.23512320629277e-05
0.00013132386990767
0.000454025998558236
8.93577838355102e-06
0.000460218292386047
6.22358100369916e-06
3.54563503373056e-05
2.98624928479666e-06
2.68213172127595e-05
7.30105255701724e-06
3.42427251562239e-05
2.17861337718275e-05
7.39234209501872e-05
0.000154310995970789
7.81022514255838e-05
0.000344242021794663
9.16709656103053e-06
5.65102938898883e-06
0.0142654453425911
0.00108935935688278
6.01962690936059e-06
0.000202564495268843
2.31351088804523e-05
0.00901273374856712
7.25442935289607e-05
2.88755094915761e-06
0.000788670217358147
0.000663853688396651
0.00442409010649555
0.000202838427814574
2.81765320849929e-07
0.000843767732249076
0.000187740974924789
6.81280705307193e-05
0.00127073872506415
0.000361305220145773
5.00986397767029e-06
4.24761016681212e-05
4.88571919739241e-05
2.54845046402476e-06
7.79500254319832e-06
0.000586469131574846
1.86419449567838e-05
0.000209161593466968
0.00111817924917764
0.000101231598454144
0.00549580756661255
1.50767866263731e-05
0.000260161322868522
3.38033568085019e-05
5.16739755657e-05
0.000191519459152095
7.26330737719793e-05
0.000174614550759952
0.00143000706688487
0.00235078734685734
0.000294968617269895
0.000258487838494823
9.02008773166802e-05
8.57605603883415e-06
0.000234575400040213
0.000114363702141115
2.79517442236128e-05
2.94341980550956e-05
0.000701661166659884
0.000165584706726769
3.04330648187881e-06
0.000352221731028527
6.21613701522696e-05
0.000169001862353822
0.0020593184427647
9.04916458501803e-05
2.14673881397137e-05
0.00337526815749968
0.000414906228357592
0.000136104406334806
0.00106551295684007
6.27534127232208e-06
7.42220503201652e-07
3.84897953024231e-06
0.000390893809868027
1.48423707519654e-05
0.000631894089100178
0.00239033407139743
0.00167883986252465
0.000248725388260654
2.19683226574108e-05
0.00144902374395186
0.000156077601940151
0.00519535696752133
1.2501640976273e-05
0.00045664977915069
2.58249317194288e-05
3.19948477693206e-05
5.72090781215426e-05
0.000514705810720056
5.43841198255164e-05
2.89428167221679e-05
0.000321400100008955
0.000879459836278501
7.70312579628461e-06
4.91108343381719e-07
0.000408777712920979
0.00874697008760842
8.8051693282525e-05
5.52452370807725e-05
0.00313526902719816
0.000139558402705938
2.12579771727536e-05
0.000189579700070456
5.87154173119319e-06
1.99525079452658e-05
4.66513011468682e-05
8.8162533881048e-06
3.60085969738716e-05
4.52028394207647e-05
0.000252416076142486
6.68508433488945e-06
9.69774425226258e-06
8.47008184769996e-05
0.000193819299022834
0.000384891566456493
0.000472264198509234
3.32674059294349e-05
0.000238553058247274
6.42167557461604e-05
1.01236122338152e-06
2.26956607266078e-05
6.6415262942461e-06
1.39749523916161e-05
4.86573454387965e-05
1.58089915313921e-05
0.000173393401056658
3.69657589801253e-05
0.00236827533763941
0.00346705498112601
7.49400600629633e-06
0.00147948727722195
1.99917039671842e-06
5.34765028873605e-05
0.00198070822285031
1.07652340253181e-05
1.39068261638803e-05
0.000112255914070402
0.000887070039333772
0.000214440494335572
7.26119800879512e-05
0.0170245010019081
0.000430022928900042
5.45643258507659e-05
2.19129039873486e-05
1.35312635091333e-05
0.00122440817927815
6.47986448204358e-05
5.83619663553968e-05
2.81891299827548e-05
0.000122285134429862
1.82077762844891e-05
0.000221131981232976
6.45822543494924e-06
2.85766941827613e-05
9.19340396847445e-05
2.64040462680089e-05
0.00227909280347102
0.00262822028213355
0.00188704637125281
1.61960603709858e-05
1.7850973427059e-05
0.000380026490308052
0.00011412876284447
0.00124377022900624
5.92532116109968e-05
0.000218081406212208
0.000104040841585518
9.60347974337331e-05
7.15304780938011e-07
8.95484294599163e-06
4.31463196390546e-05
1.02301751276841e-05
6.31743334510064e-06
3.59338835791809e-05
5.96585412579338e-06
0.000170215099857974
1.58790697025546e-05
2.284609609497e-06
0.000593188670988447
0.00349334030372761
5.3499676571763e-05
5.39376133899777e-05
2.05721896292747e-05
0.000109189571510939
2.01865855392696e-05
0.000175825769876763
5.49515929893671e-06
9.63118423188257e-06
0.00451175327181253
0.000681253425457934
2.46190152348352e-05
4.39965248485067e-06
0.000177685094958595
0.000116178094632277
1.00876147018594e-06
8.91170816682056e-05
0.000140788304361769
7.4335281254668e-05
0.00123954678584535
3.87658196684435e-05
0.00169527223190554
0.000158555284290958
0.000464950611935235
0.000143316860169751
0.00010283398297321
0.000195400490198242
3.40941172476341e-06
0.00612130106221266
0.00175516740239318
0.00128945000384956
0.001036169500526
0.000355992119366731
2.86848748948033e-06
9.26432394879127e-07
0.000117886804533866
1.57550894260649e-05
0.00016038382082732
3.56120382533305e-05
0.000325982579735893
2.44876550689159e-05
2.46840949757751e-05
0.000161950384002727
1.06258040711798e-06
0.000152282487684709
3.16283783810564e-05
0.000462403010344035
0.000127671513081342
1.71685086530957e-05
0.000206866596621241
0.000119800317200068
0.000195154568685072
2.61537269595866e-05
0.000190366325251647
0.000138648474117027
0.00129011071279288
0.0207765328763523
0.000223992545407605
8.19469236617357e-05
0.000101524639650457
0.000414941599370641
0.000206721519856368
0.00263149666894062
0.00273679907423297
0.00245022048142958
0.000201493251963138
2.11732366742099e-05
3.45274639562406e-06
2.14561087030541e-06
0.000238673734310321
0.000320322089009339
8.91728499333619e-05
0.00729831527168951
3.32875117701589e-06
0.000763362639880175
0.000214498144607321
0.00164751429425061
1.69075046510933e-05
0.000188710799812454
4.3618316422841e-06
0.000917869715153757
7.28102254512657e-05
0.000164724763571748
2.48602400859348e-06
0.00028846081986721
9.00783479157229e-05
2.44808532029219e-05
0.000866746664480234
0.000813398004918601
2.70369453253091e-06
3.03151139971469e-05
0.000645640258365701
8.27398964531898e-06
0.000524026926710778
0.000592378304491613
0.00182717968533788
0.00179911099715097
5.10205325053108e-05
2.55717271849169e-05
0.000180881414293103
1.69197199872503e-05
4.17586582435761e-05
0.000227196338587565
0.00350148893234562
0.000237110373721294
0.00175768961970383
7.93935255969827e-05
0.000446525838852952
9.45269752794813e-05
0.00106983411664189
1.84455038410494e-05
1.76914994443686e-05
2.23071778653578e-05
4.36201048734123e-07
9.54758632404394e-06
0.0029654607259006
9.28212602068882e-06
2.40112920912637e-05
0.000280158461813153
4.65441083379563e-06
0.000159591515451927
0.00022460061548778
1.00927770032459e-05
0.000181753175642047
9.1678547303086e-05
9.62279513433898e-05
1.57420961565988e-05
1.82703906052992e-05
0.00175930181785617
0.000362449322085904
5.07878517659518e-05
5.74320662410152e-07
3.21899267209122e-05
0.000791908674818891
0.000428125352032149
0.0033114781096659
2.1823361110208e-05
7.01251038522999e-05
0.00102571713513088
0.000110918810599365
6.92682579772679e-05
0.00151296301215896
2.01222358947042e-06
0.00046439062151566
3.87207848864748e-05
0.000449285860718801
6.80223027680437e-05
1.48875380919636e-06
0.000619252942571008
0.00202121362263756
0.00010527189586615
0.00158702590282063
0.00196155344267238
0.00439463175667424
8.77572673113018e-05
1.59940021231302e-05
0.00035629239780438
1.10783291615886e-07
3.71148555495176e-05
0.000469880183021039
1.20070547702781e-05
0.000938606834629818
4.51932017774841e-05
2.46854608806258e-05
2.19730000167966e-06
0.00113892550489797
0.000165675561789652
2.62534180202803e-05
4.50016499366058e-05
1.49211280780345e-05
3.01326646019909e-05
0.00601652820863413
7.27388592810264e-05
0.000229670920594361
7.02688098386213e-05
1.19276522777668e-05
3.6956600983439e-05
5.10106141564871e-05
2.07678146708526e-05
0.000464185702237178
0.000302609229803
0.000678020590487689
1.89281671557968e-05
0.00314308057716695
6.4755941946879e-06
0.000213259732812741
2.89429873606773e-05
9.50717518359173e-06
1.41043740807139e-06
9.16250459103034e-06
0.000302124670543391
0.000145077423565265
0.000516491558547486
4.01823435644379e-05
0.000157276513108189
2.47969143846077e-05
0.00063901575970524
0.000665590310733222
6.87076012441655e-05
0.000605315548523603
7.13234761740474e-06
0.00119354116099747
0.00171739313076601
0.000241413207460363
0.00100682349058778
3.16731134375334e-05
0.00164578907987507
0.000504473858403898
0.0124322443734345
0.000502683531358577
2.54574239525042e-05
9.99560522886153e-06
4.40995602027477e-05
0.000864497865330978
6.56784550806071e-05
3.67959554380581e-05
0.000199942695670183
2.20262526879153e-05
6.08237667605472e-05
1.86888035677753e-05
0.00116193493054504
1.08637347752251e-05
0.00177030813158673
1.94065774641331e-05
0.000349141716949888
0.000134816105105515
4.85239196970129e-05
4.30493667489236e-05
8.31205214170135e-06
5.38036580578365e-05
2.07708407117667e-05
0.000176473766158887
0.00220950112082928
0.00112477271276854
0.000276562808590487
0.0002399747073842
1.37534489311989e-05
1.38907504054779e-05
0.000664835755266867
2.08250650628114e-05
3.14722376895583e-05
0.000874021143440765
5.33667793155252e-05
0.00256202979837801
7.04725089776073e-05
1.62023459347938e-07
0.000316715383501453
0.000319397677873987
4.99142903870231e-05
0.00135875194759374
9.21696867660187e-06
0.000530702309008232
5.09144821757242e-05
7.6214309317066e-05
5.98881537188065e-07
5.12199170370713e-06
0.00129587339294231
5.71888684147765e-06
0.00541170792820405
7.81863932515353e-05
5.35525954043014e-05
9.07192920133766e-06
0.000136969287628915
0.00068905488183132
3.55562455451896e-05
8.0090864184698e-06
1.07631213038239e-05
8.97471410121552e-05
0.00103610962969584
2.5278391279555e-05
5.52362843636363e-05
4.90121828345532e-05
4.06542687471618e-06
0.000306501143839875
0.000173459712748072
0.000186501357206527
3.3524788396763e-05
0.000101266631624029
0.00147271986969755
1.32180447918595e-07
0.000237971737147496
0.00150331891859226
5.35067940457154e-06
4.21975936530391e-05
0.000692266984197941
0.0172595785200017
0.000208920854096673
1.21586283194144e-05
0.000147688239130368
1.23683866537082e-05
0.00087108843527366
9.24397283052338e-05
0.000292434406823871
0.00576826595959902
4.21642442475322e-06
3.07205205233998e-05
9.99714534124256e-05
2.04364920601178e-05
3.7740961508281e-06
6.38566752366422e-06
0.0758501492191514
4.05411165425179e-05
6.27350593546715e-06
0.000482658721370905
4.86346204518862e-06
1.38696535754445e-05
0.000130249716876486
1.68806128605328e-05
0.000113099388853294
1.4345991946589e-05
0.000759454261548471
0.00703590142727114
7.21157131385864e-06
0.00042923729443782
0.000222002513927037
0.000921456434480606
0.000330161642632047
0.00200544950044422
2.58585943622541e-06
0.000179683713787731
0.000355127031393239
0.000147675634160717
1.19142206620944e-05
0.000495374790013813
0.00535729480444432
4.42967003767615e-05
0.000551618547047463
0.000337045432932828
0.0131067857623641
1.37516656725787e-06
5.46629858747687e-05
4.63069210555822e-05
0.000346519242747431
1.69634689271108e-05
0.00417549205809964
1.40802357139739e-05
0.00168904466522251
3.71871357067758e-05
0.000295567473396508
0.000279744157892004
0.00156093886868954
2.67346260452729e-05
5.61799937856299e-05
0.00278227888294252
0.00730053192464466
0.00124445044248638
1.34936643482306e-05
5.00214386880872e-05
3.97804093857304e-05
5.81924567282404e-06
0.00389936384018694
0.0306655741207857
0.000293410641361483
0.000316230326227165
4.39694123181038e-06
0.000982650070181663
0.00094780424673373
0.0187732573881282
0.000149742629604461
0.000787021229310029
9.57063406732611e-05
1.20651313468619e-05
0.000105826509568789
3.14521155551207e-06
0.00610138768023885
0.000205162380198208
2.26576989755647e-06
5.15024384307572e-06
5.44240372465673e-05
5.98812212831996e-06
0.0039880911058792
0.000910867170140637
0.000818629119563142
5.34613785981766e-05
2.97788442581568e-05
8.42145365442658e-05
2.16975662499187e-05
1.43473629536445e-05
3.91296098751272e-05
0.000985689872218405
8.49689573127398e-07
5.24592219507056e-05
3.1647078128112e-05
2.20409237035468e-06
3.34934285693054e-05
0.000129660151968086
0.00503928636775341
1.26244351202427e-05
0.0229182994440107
6.22015452648601e-06
1.54621423980579e-05
3.45345747273725e-05
0.000153649058620527
0.000104049678996579
2.6463625930699e-05
0.00158782107624413
1.39291889881605e-06
0.000878808974169404
0.000130557293963477
9.14433996024259e-05
6.21252568267676e-05
0.000574049831418069
0.000563157371722254
0.00189632582923466
1.00736853166018e-05
0.00209133363416796
1.97569845641128e-05
5.41109278287165e-05
0.000539343237880722
0.000999635152643758
0.153810235892358
1.81993733408187e-05
0.000173568720759577
1.68869800440811e-05
2.81017196758822e-05
8.28906432804342e-05
0.00132313096089287
0.00065295381043986
1.67322336058731e-05
1.27228971353508e-05
7.70354469590763e-05
0.000114267099968006
0.000224627723497974
1.77619740018082e-05
0.000209459175293945
4.00379815532807e-05
8.65581001570875e-05
2.78595582798125e-05
5.50498648769788e-05
5.95808547983207e-07
4.28564858864234e-06
0.00109455450820741
0.000196562775783135
0.000691895490705549
0.00190296291832872
0.0156177057077219
7.78277444604274e-06
0.000464349688861752
0.000583951630238247
3.12106222761899e-05
0.000634726086269187
3.5968857353757e-05
0.00120928022403701
9.05381027044429e-05
4.26054772436243e-05
5.40396789131921e-05
3.50863485109891e-06
0.000715649923417694
0.000355851648764314
4.48335626296946e-06
0.000191024654118295
0.000398072962214791
1.96645712300594e-05
0.00608019857926816
6.45245647905762e-05
3.12738678120371e-06
2.46348946402598e-05
0.000161490293761347
0.000275398119951479
1.25274577001684e-05
0.000209590584751924
0.000188234396292087
0.000220175159690381
0.00048233265335091
3.39600378782165e-05
0.000151599643583342
4.75391786909907e-06
0.000148895016583229
0.000637161449856596
0.000344555989420682
0.000286489137581287
8.69739559197406e-06
4.17785449943046e-06
0.000185222450164036
0.00154053401227021
3.92994240654874e-05
8.16825369305575e-05
0.000993277252063111
5.57293165075501e-05
1.40000725915368e-06
3.36034948342078e-05
2.71164816723169e-06
2.04367058157306e-07
0.00103314071660249
1.75835182221196e-05
0.000532476509938381
0.000386578809479194
0.000139907088357867
4.463848483209e-05
6.171736210173e-05
0.000129138187445338
5.96262943710231e-05
0.00331127052217574
4.20039564878906e-06
0.000111386019486541
7.65644828526988e-05
9.32710797828124e-06
0.00358030757948994
0.000107160293511958
1.38327274664062e-06
0.000579812230190181
2.93134818754015e-05
0.000364890512336067
0.0481869620885943
0.000542759975350411
6.36835481891347e-05
3.13225805011156e-05
0.00236094687783177
0.000437531726278568
3.01918753055687e-05
0.000139099555243713
0.000373865190896704
0.000285509215997553
0.00104528891823469
7.52967244909449e-06
0.0037564311938361
0.00227779767214806
0.0072693264455871
1.04195513471971e-05
2.83080348670996e-06
5.32783287515472e-05
9.91422176643895e-06
4.11970521763573e-05
0.000149485202403648
0.00020409978563366
4.69726984614017e-05
2.82483717356435e-06
0.00415757793986703
1.45982294894356e-06
5.91307009054614e-06
0.000153209690268782
2.51372465443529e-05
0.00445352537774817
8.57334623650995e-06
0.000495247412803773
0.000114305625075109
0.000578007697280348
0.00609165819037851
2.76331022387543e-06
0.00239364509035244
8.65857699119779e-06
2.3843451992759e-05
0.000620176651672551
0.000623210457392825
1.61232614327964e-05
7.64312715816867e-05
1.1676136664504e-05
3.76495339638126e-07
0.000150271277162763
0.000100220928553699
0.000109172990448815
4.24967589907745e-06
2.05510240197718e-06
0.000368202156507282
7.30313062824195e-05
0.00025494071529435
0.000315248470194758
3.41165390141934e-05
1.76335579496929e-05
0.00013943970465448
0.000104670816315362
0.000468115609294551
4.51719795247745e-05
0.000453492761150503
0.000145181981736562
5.26486509128337e-05
0.000522519604017254
0.00180477350394539
0.000271581259502054
1.14840168245152e-05
1.33855928345988e-07
0.000969692375957213
8.00399892450653e-05
8.07177113001948e-05
0.000230872911569919
9.64634007997021e-06
0.000291686254850554
2.35745576882787e-07
0.0011337932378656
0.000151451972096241
5.27291881497397e-06
1.72140878081777e-05
5.9203942270737e-05
0.00484480020996648
3.45680512011999e-05
9.02523032632629e-05
0.000373998440942415
0.000703150446918666
0.00037998583950228
6.19176771606548e-05
0.00479531589006984
2.11944486846776e-05
0.00010015537119854
5.57631685991564e-05
0.000293024058943911
0.000392183494670544
1.15651408143819e-05
0.00040475220936277
0.000287296243335719
1.08890368541657e-06
1.26031768742454e-05
0.00460634683182276
5.21036702552973e-06
6.85592099872775e-06
3.44178417863347e-05
0.000474327500579851
5.32295618315508e-06
0.00143056723557651
1.25692571246802e-05
0.000274106210643321
1.33595182562555e-05
7.99346622222516e-06
9.10796716968904e-06
0.000230005691876658
0.000330251878529512
0.000166919273228546
2.04008223515946e-05
2.20535842654786e-05
0.000194904405407305
4.92735355945827e-06
7.0932248968163e-06
2.46864126071592e-05
7.61373435416937e-06
0.000157236721609308
2.18134315959655e-05
7.15210833592139e-06
9.4133935423402e-05
0.0065368072867585
5.07020091731413e-05
0.000115653010417541
0.000694568824308006
4.70345467529255e-05
0.000131383038891609
0.000161502258246015
3.90635411968231e-05
1.7952514617282e-05
0.000199127470157066
0.000145040452045644
0.000423963917719175
5.12730327092322e-05
4.40316470565426e-06
3.68745978888744e-07
0.00015421795712362
2.08911475891689e-05
0.000403152124939118
0.000476893974850584
3.00876962128301e-05
0.000377149972605395
0.00893913354114012
6.32730618006887e-05
0.00018571415496662
0.00312981980977708
0.111463137141796
0.00510029318795226
8.08417463731087e-05
1.96346384662983e-05
1.18789276428829e-05
8.68438927712041e-06
5.32307982113294e-05
6.37439788650564e-07
0.00318645040536607
6.99003496341083e-05
1.49603920142022e-05
0.00960858533804675
6.03604614983271e-05
4.28865811888621e-05
0.00032801259466785
1.71804589149266e-05
5.96222263526285e-06
0.000161487398599645
0.000770127617400141
1.05847147290628e-05
0.00147057781507324
0.00120780224711544
4.87486323071119e-05
3.1421834012963e-05
7.96928170672818e-05
0.000502081394633254
2.12651997005079e-05
0.00010461879962822
0.000291341813111762
0.00145092115931253
6.25791543531971e-05
2.70506771593636e-05
0.000247176535577989
8.84499790864697e-06
3.17906744016875e-05
0.000436183058520975
0.000272529152035483
5.8496788927222e-06
1.02574643845563e-06
0.000223053742551036
0.000143164071692084
5.98847525248941e-05
0.000123370721000135
0.000269366886021253
4.33195390288425e-06
2.33596614381287e-05
7.51508115963279e-06
4.59430913953356e-05
0.000161372059027522
0.000821591169208143
4.27231130897971e-06
7.08700113574634e-05
2.0637959646846e-05
0.000140940380305215
0.00564329906128949
9.32622076503017e-06
1.92655500270119e-05
0.00111076283564256
7.53731107078407e-06
0.000278160259316477
0.000148581116188296
0.00013608983582334
4.28720867514374e-06
5.5259567261186e-05
0.000194835972043341
0.000100684621592641
0.000532851994289186
0.000125458806337764
6.42672544239366e-06
0.000311555308083413
0.000120049716946653
1.06542973644166e-05
0.000132113158559213
0.003191970943595
2.77948209658532e-06
5.3026339866049e-05
7.81312849203664e-05
2.16716449709541e-05
0.001071273889033
4.29747112578253e-05
6.57540323489844e-06
9.22765448098463e-06
0.000165255863375853
0.000203872414128832
2.77713938831358e-05
0.00277850775917214
0.000800997910006592
3.2417978627433e-06
1.43162315661187e-05
4.57242495694863e-05
5.39151374393893e-05
0.000171819132804067
0.00324958701249506
0.000206558440987683
4.33529929790951e-05
0.000224254755302158
1.82577493350924e-05
1.36086881501384e-05
0.0026892880639203
0.000386471855552988
2.28530578496115e-05
0.00036008025937031
3.54319840647752e-05
0.0023687353582982
0.000711533265186394
1.82363881169116e-05
0.00384667608274279
6.44300976157012e-05
7.52330205976144e-05
0.00146934906755698
0.000692196322124387
3.71144342004085e-06
0.000199106401696606
2.40791888842094e-05
4.89730909817236e-05
6.95891345550763e-05
0.000730230975044479
4.98221301035832e-05
2.03590190848087e-05
2.00269672096147e-05
0.00358132315224083
0.00150306225016353
2.71312746386341e-06
0.000271660052952422
0.0932013142884001
6.57971563751659e-06
7.60479495145351e-05
6.97073141699834e-06
9.4090847339559e-05
3.41811222285694e-06
8.25300500044068e-05
5.52363087887051e-05
1.10876154850383e-06
1.19862485830061e-05
0.000104298637441306
0.000854264738727267
0.000110490317394899
0.000202279295503648
0.000361180954794739
9.83145560105963e-06
1.43347534796147e-05
2.91075537466765e-05
5.57003809460908e-06
0.000303216399063131
0.000366790075442038
1.29419780985655e-05
4.72816442668696e-05
4.22355933643249e-06
0.00018525397741592
4.00967149150652e-06
0.000200981279409163
0.000256596255791824
9.07729520973526e-05
0.000227502793152766
1.15989243376602e-05
7.48871971141772e-06
2.74557551930731e-05
8.81763551717451e-05
0.000224976315414893
7.71342335267265e-05
8.9470171931235e-05
0.00266258538471146
0.000251156759417995
0.000369814093872168
5.46261116879778e-06
2.15347768281251e-05
8.33043575208346e-05
8.8057677429514e-06
0.00341739925509322
0.000110987796240026
7.82106595308122e-06
4.70400958413241e-05
3.1964955977868e-05
4.29822048237335e-06
4.47515135818284e-06
2.46217341770539e-07
0.00016505985502361
0.000166951697759015
2.47551614647645e-05
0.00152813581797468
2.82545036644796e-06
0.00499184151087816
9.77549575573045e-05
3.89931819075346e-05
1.06021555800988e-05
0.0105892981423776
0.0145373204015468
0.000100503981544794
6.15493434492036e-05
0.000430981650671426
0.000134122312130591
0.000138603602577171
2.67217979668301e-05
8.78086584818385e-05
1.22411923936392e-05
3.62615734867322e-05
0.00274289747291146
7.47325670610787e-07
2.85907252341764e-05
0.00229549894697005
0.000101457057584238
3.60344852558818e-05
2.36520302317603e-05
0.000900047440560429
0.0002794452225835
0.00152230209616682
0.000658487244764573
0.000100548462060637
0.000492999296988147
1.12750531699287e-05
2.8278787729249e-05
5.65906164912019e-07
4.60809688188875e-05
0.000248757496222647
9.38371824157324e-06
3.4275070741305e-05
1.5078138666663e-05
0.00113940606166469
4.64799232811064e-05
5.36651557814032e-05
2.05864362170641e-05
0.00104888931960671
0.000455127987363439
1.03831705591315e-05
0.000134958236677638
5.6780828027493e-06
1.76283439546082e-06
3.24269824458893e-05
0.000157836184359479
6.35181116010075e-05
6.2736809496339e-05
0.00021427690101393
0.000180267358071944
0.000417973621665128
7.56541986835989e-05
7.88958268311358e-05
0.0060867942051163
1.56925146501244e-05
4.2118869342218e-06
0.00049925383487392
0.00293393710633695
6.5444997574612e-06
6.10847169110822e-06
8.77845429549667e-05
0.000257931587445784
1.65664270257414e-05
1.261018393296e-06
0.00136164522892294
2.30600099400657e-06
2.53554825509963e-05
6.01599938070471e-05
1.38437975409424e-05
4.85594267938314e-05
0.000302920442221076
3.00500071463774e-06
1.32806304447682e-05
7.18248396357113e-05
0.000195220773191058
1.36366354681924e-06
0.000150183743690096
5.74867344535848e-05
0.000417826471178306
2.75979024319314e-05
4.40053298475074e-06
0.000146762857512274
4.50268877034484e-05
3.25401173083678e-05
0.0205454936016917
3.94514567726853e-05
0.000216139975436756
0.000409803065896654
0.000432306953301658
0.0022016960067868
2.09139494042768e-05
9.83688107827616e-05
0.00274745417088084
4.53306858105199e-06
2.12164274285355e-05
0.000883611587469271
0.00183629979909201
2.79791889706013e-05
0.000239559879372173
0.000231614428735373
0.000145286499724103
2.07805968938491e-05
5.0373393852202e-05
8.8089166516969e-05
2.38548635644379e-05
0.000864320532882326
7.55110321193935e-05
0.000168472182245743
0.000851538439938456
8.96732387769291e-07
0.000139656880231653
3.07861441347363e-05
1.32596002987492e-05
0.00185800815937906
4.12638349169693e-07
1.58823754623232e-05
5.67933720795174e-05
0.000217304367160212
4.26546071301384e-06
1.36412940856246e-05
9.06423859250931e-06
9.95688266961416e-05
0.00382047150340894
1.93121332530213e-05
1.39330432062231e-06
7.66953784357686e-05
9.05493663583568e-06
3.44278478279541e-06
0.00599436785384463
3.30292626047383e-05
0.000262872364949147
0.000347481097085654
0.000109197027458039
0.000550557755788105
4.60151757413974e-05
0.00010836805763328
4.09521353500693e-06
4.34281123859208e-05
3.07717838841088e-05
0.00424179760249593
5.92832247814849e-06
8.8457089230597e-06
7.68532849153592e-07
7.57652319212948e-07
0.00153965472896969
0.000383408374928513
1.40944633227511e-06
1.60251337371158e-05
2.71677840794868e-05
0.000139402354723077
7.04191904668324e-05
0.00384207782205288
0.000247482667732124
3.31215779752982e-05
0.000235378027383678
0.0019624638898762
0.000189053838020286
0.00333354368679232
0.000250842577884287
6.42052558257993e-07
0.00341422756233735
0.000857958573247144
0.000161845103929857
0.000398142615508656
2.66784558178045e-05
0.000556352686774006
0.000378453473780799
2.2733387895645e-06
2.87081662818081e-06
0.00434299645942478
0.387716886770864
0.000139913096023148
1.9242356383915e-06
6.54058411924465e-05
0.00017624408100585
1.85535447146123e-06
0.0028043592354167
1.4817735547343e-05
0.000141928841385603
9.21674323507725e-06
0.000135864338510317
1.15328845579831e-06
4.96643019602298e-05
1.5266574562029e-07
3.6536629742648e-05
0.000144314629656761
4.44004154134359e-07
4.65810425916845e-05
6.8657673678414e-06
0.000462705941070861
7.65615399571112e-06
0.000187251308255543
0.00392071911163385
0.000404092841801398
0.000232528349888776
8.45072406811161e-05
2.54795506405903e-05
2.11584674095676e-06
5.56834755512056e-05
3.35525472493205e-06
0.000186299518485692
0.00106419675313094
3.10197199493842e-05
1.22983497166804e-05
0.000166977289403484
1.72661291872205e-05
0.000300737122946037
0.000267440718698849
1.6098766617047e-06
5.49616777444353e-05
0.000699856368203641
0.000246102509806324
4.84025793003648e-05
0.000521275044522112
4.8721980132016e-05
3.05071929826258e-05
4.49667447063337e-05
1.26832564399411e-05
6.74371611351986e-06
0.00714005691521541
0.000227722648033262
2.34035718967351e-05
0.000275125055970324
3.45977382397748e-05
2.52084518830892e-05
9.77415023051768e-06
0.000138144790529013
4.08550260719136e-06
3.63183875835403e-06
3.13962048802376e-05
1.71770484188637e-06
8.03580876074391e-06
1.1521142031931e-05
0.000265415943556785
0.0280313789467074
7.67620497609075e-05
0.00151993166291042
0.00010031269635543
3.37259831538838e-05
5.43011483965101e-06
4.05188635731707e-05
3.52327438215853e-05
7.67160561118939e-05
0.00163800820039637
0.000700278763777156
2.25556960920325e-06
2.15987835352232e-05
2.12915242328265e-07
4.52603869814605e-05
2.79198232958907e-06
0.000147600088753008
6.40868203045829e-05
4.92747248618909e-05
0.000354171916813234
2.21364972390391e-06
0.000153774921088221
0.000189693615760865
0.000887585929842069
1.66177754960242e-05
0.00261553598908598
7.06335666395928e-05
6.03961972809615e-07
0.000187854585219625
0.00114972781563692
0.000128811371104068
2.59291402595621e-05
0.00039847684831639
6.96538730992266e-06
0.000190996328355117
5.37808597606059e-05
0.00646987576843769
1.18966927363869e-05
2.41291221315634e-05
0.000137345456642658
1.69306281623542e-05
0.000488807458720754
0.000152876543949152
0.00307252314986213
1.27583999482343e-05
4.47837725949446e-06
0.000160787451457599
0.000456986319303728
0.000798723935622179
9.77200807839762e-05
6.39898520514656e-05
2.63084842826591e-05
7.22707931663659e-06
8.58418580646844e-05
0.000211768165726969
2.01170616349235e-05
1.05627322967115e-05
1.83004786637748e-05
7.83735887780307e-05
9.09975048816096e-05
4.27867632405805e-05
0.000128493899524681
2.31718324452956e-05
0.000227894057292949
0.000636225984262646
1.26866886709529e-05
3.79530317851174e-06
0.000114409466174821
6.66657006159463e-06
0.0682576226071564
0.000104785855606657
8.69749752392778e-05
0.0154013875820616
1.21342161964318e-05
0.000126398465713133
7.24181411611722e-05
1.81101087437531e-05
1.11376542559418e-06
0.000854001192689777
4.48560522343505e-06
2.16134269245613e-05
2.45150721993313e-06
0.000608263610534567
5.91118084320812e-05
1.13674548160432e-06
0.00103539603371782
0.000197585265274702
0.000209191743764291
0.000170394566831308
0.000122791553062093
1.79719470722921e-06
0.00025366292749202
0.000727992656028515
0.000482698902794424
2.18649506508457e-05
2.20913952421564e-05
6.29443618035617e-06
1.76793168019505e-05
0.00034469445372516
0.000394584111603404
0.00193938498239639
0.000370265168921739
6.07740256524597e-06
4.576530754151e-06
8.8279842730792e-05
4.96863933394804e-06
0.000595979273714896
6.04302586028443e-05
4.27616348571531e-05
8.56802211307908e-05
7.87579025153535e-05
0.000136687823572749
0.002018019615111
0.00105772064958928
2.553030506686e-06
0.000295343996981526
3.10487775316844e-05
0.000245224847467692
3.22343655084469e-05
0.000143515126381524
0.000356203840493485
3.60965542339505e-05
2.09182613055842e-06
0.000101426101553715
7.02779082143105e-06
0.000891617995459001
1.34253941040945e-05
0.000152012176617604
3.58955160776679e-05
0.000136151286682327
0.00022867595539821
0.000124948238397443
5.89744701204993e-06
5.01779276431666e-06
1.16739385542185e-05
4.78030898484205e-05
4.54531324924195e-06
3.17939131373537e-06
0.000547206342191675
0.00028446661084646
0.00412513360222651
0.0013848590781168
3.93436971391644e-05
0.000164071204084145
1.1310232991064e-05
0.000522288676574591
2.89823822176208e-05
0.0024210525385622
8.7536093325663e-05
0.000553588780647057
1.74892810063033e-05
4.47730394152872e-06
0.00114819389963924
0.000387590600736854
0.0265714752890912
2.93990622543721e-05
0.000377423308425888
3.19151675610569e-05
1.7180135044774e-05
0.000811080776995714
0.000315416102439444
0.000144126020006287
0.000268771656492342
4.56269746022555e-06
9.0530606903598e-05
1.14469183248808e-06
1.6427192218753e-05
0.00292532452887297
8.47143165202232e-06
0.00157037958900876
7.28976006101518e-05
0.000139714082694794
0.000116138264798067
2.567921213814e-05
1.112425968007e-05
0.000146786173218829
4.66524098302828e-07
3.7507249889526e-06
0.0043872521250752
2.0700585218196e-06
0.00253291082065686
3.25370013976194e-05
0.000935026046263428
0.000687152635608159
0.000143975744247583
0.000216686807503816
0.00032092324058748
1.02990273594408e-05
0.000192424392848902
1.39292479643748e-05
2.89365975948532e-06
0.000145700398119251
0.000564499024941932
5.09241521015228e-05
3.31286458488831e-05
5.80229278540066e-05
0.00066899145848802
1.58773452920773e-05
5.41589877566715e-06
1.82249162162861e-05
3.24596903341418e-05
0.00250331356703989
0.000140813201348131
4.61235770553966e-06
5.92424771057383e-06
0.000597666424228308
0.00138518719752163
0.00352138766530031
3.38038508929055e-06
0.00151647375030074
0.000335945174960759
1.63425485847712e-05
3.49432571889586e-05
0.000100765992130337
0.000197064930570488
0.000191540439329233
0.00185668217903188
0.000292861365663723
0.000121534941138291
0.000359150056273885
2.07912889134738e-07
0.000268706731929199
1.22751788603152e-05
0.0021479524972764
2.44802272141626e-05
8.87277002154626e-05
0.000327627290858086
0.000727833739668576
7.83743728463368e-05
1.81909385302591e-06
0.00253769617429751
0.000893227860977913
0.0011275471629875
6.48580314847175e-05
0.00018761733575292
0.00369518206153561
9.39716337031157e-05
1.31954570759517e-05
1.58636953990147e-05
0.000554780425332236
0.000167925998739393
3.38422750564184e-05
2.6890123935351e-05
0.000238295948670034
0.000570220376980711
7.81614443891855e-05
0.00016503678879616
2.73825892732833e-06
0.000210386739964664
5.01084360206321e-05
0.00220196410568501
1.40510020930312e-05
3.34093372953452e-05
8.84660197733019e-05
1.35724462633347e-05
1.01150028078636e-05
2.0238701054451e-06
0.00101335400052798
0.00208261689042258
7.87171810063212e-05
6.55889803516046e-05
0.00264999921230954
1.11071244806357e-05
4.38625822925944e-05
0.000469182972034923
4.11519001116479e-05
5.68102955592681e-05
0.000158470988080067
4.62738300982925e-06
3.2336802570981e-05
0.000411321819317192
2.1293404290517e-06
1.40220122441153e-05
0.000662756047489776
0.000227342683366242
8.09540419465618e-05
0.00181592082384446
0.0229142722067406
3.96180643108101e-05
0.000237222918772719
5.22176799872992e-06
0.000457072225190025
4.41408548757192e-05
6.09696066255075e-05
6.42234234855114e-05
2.25202231246527e-05
0.000236923487431428
3.91354096608321e-05
1.27611677362755e-06
0.000117324254255883
0.00304309662719588
9.22145159888714e-05
0.000333015851923717
0.0055627101447279
0.000104169858311255
2.58389240036542e-05
0.000351893641398215
0.00298315003666317
0.00315002367172689
0.000214979163146396
0.000288940213721041
2.08968555941662e-05
2.37133748643759e-05
0.000153540998559335
0.00245974413832247
3.06269873718116e-05
1.94459888614023e-05
0.00316251852289363
0.00032084296625748
0.000583089107325965
0.00813938531640126
8.12246137309734e-05
1.0173815186506e-05
0.00146828556783118
0.000246761041020244
1.06419222762233e-05
3.00088328673842e-05
0.000461149304514214
2.28512322166973e-05
0.000221873179609807
0.00314997945146984
0.000230783233908349
4.43670101061367e-06
3.13934387876801e-05
0.000163257295944914
1.65652022342312e-05
0.0017864312630226
0.000200971477371123
0.000142829407498934
0.000196659064394603
0.000390705889540155
0.000242103972772186
3.17777967280213e-05
2.670219499664e-05
0.000495054128641945
0.0488155944434829
1.89524556057136e-06
1.89814991801072e-05
0.000641182920712349
8.61882887747162e-06
7.17162429173023e-07
2.30524915275232e-06
0.000293838353601257
0.000793750030307774
0.00201809082350192
9.97383974306689e-06
1.20880186946898e-05
0.000132630635622514
0.000840833496460091
6.45596332677601e-05
0.000112992814440438
0.000139313217608775
9.26402859730289e-05
0.000434556605774246
6.03988919515854e-05
4.37413762060703e-06
0.000400419216677711
1.85528992460937e-05
0.000349185497634378
1.32017552476909e-05
4.24964761618168e-05
0.000148812181848148
0.00158425811127894
1.55267884284408e-05
0.000625845699504118
0.00323170702796134
0.000247447151218771
0.00146943371849243
0.000870473887710671
4.44567810504443e-05
5.55366517355412e-05
4.56421008807399e-05
4.14759805356002e-05
1.21007237927359e-05
2.56139619655237e-05
0.000590201545929865
0.000792563681216923
4.20054808297823e-05
1.86639887748731e-05
8.76387183800376e-06
3.27611480131804e-05
4.2915657542945e-05
2.20298317855024e-06
0.00944093421203331
4.42051655735798e-06
5.11870163389222e-05
3.18156731172867e-05
0.000200416160589084
0.00475308963747093
0.002023090451062
0.000204082541578498
0.00762708105787518
0.000465625716012064
3.23395701411445e-05
0.000146134784342723
0.000143478703741901
0.00179350512152312
0.000940633508796616
3.77010940271986e-06
0.000196898908847162
7.01642541717544e-05
0.0027285049261502
8.2716640249001e-05
5.77891092559306e-05
0.000440625415905197
1.34795987259572e-05
0.00025795902368884
1.88089893197793e-05
7.28494084956054e-06
0.000211340355746933
0.00020973140259291
0.00108430298469868
5.19149812518656e-06
0.00376871574491826
0.000491213552322799
5.70483389630645e-05
0.000796582785910488
5.52819951106347e-06
1.54832822995762e-05
0.00137299996368285
1.83464580188632e-05
0.00124208045330427
0.000480332905545695
3.87659369668936e-05
1.50759327874496e-06
5.21940014686956e-05
0.00035083926783219
0.000142301586755822
3.29444549893112e-05
0.000337390541130796
0.000198858577615278
2.91087883203144e-05
0.000338222021319335
2.60910464455571e-05
2.14143973808288e-05
0.00364053572783639
0.000246551439948169
0.000629471735864035
0.000189670292706472
7.38090790288361e-06
7.58584719443914e-06
0.00034448680905404
1.28805714301873e-06
9.69775192533675e-06
0.000679509043805554
0.000211745975837641
0.000308685095402865
7.97940258476699e-06
4.2178500411282e-05
0.000116300469124325
7.8298081010848e-05
0.0109607226409319
0.000149136394905633
0.000570972668836373
0.000326826659557715
2.34200302249705e-05
4.34896229752466e-05
2.37764549681779e-05
6.14501759136222e-05
2.43635167040304e-05
0.00143947897265702
0.000572439211034065
0.000841588935404379
6.07757994211606e-05
0.000188225781977537
1.51924613592271e-06
0.00332687125346162
2.18448654610245e-05
2.71171110809597e-06
7.36618062532379e-05
3.18768328927043e-05
6.58961053398645e-05
0.000431781036426516
2.34652208752443e-05
8.95677789066423e-05
0.000767295459099256
5.59534454811743e-05
0.000120918747003657
2.28250047792332e-05
2.62267948793709e-05
0.000203978453612054
0.00010733589450668
0.00315708153337305
2.10510025966985e-05
1.10155032270634e-06
0.000415003317786729
1.44495451914192e-05
0.019266977046027
0.000156467210591663
0.000103331590665907
0.000820687411010964
5.29443597749538e-05
6.14152771244752e-05
8.79969484868555e-05
1.76621229790518e-06
0.00101127539860608
0.00352190972416334
0.00161806496891937
5.21350357108709e-07
8.45036782301242e-05
0.000494889620202841
0.000362450127382225
0.000202694920948701
6.40534102357063e-05
0.00851856738563434
0.000731107015796996
0.000643121916074553
0.000997672721386018
0.000808737733941381
1.12878304021202e-05
7.82931697803925e-06
3.31463372425774e-05
2.14202825657616e-05
1.58979952612145e-05
7.31988953767973e-05
8.22228816133905e-06
2.4817920856334e-06
2.00917124719941e-06
8.23368902962068e-05
0.0485840116393823
5.4684861845682e-05
0.00439392345147389
0.00314452828574557
0.00452387101186542
1.21693942522283e-05
3.01652107194145e-05
0.00241947176667733
0.000361071861358477
0.00200192186217075
0.000699847158026046
0.00034796916977533
7.69224343930215e-05
0.000168878369852594
0.000113651482064318
0.00052676575422714
0.00156712076265549
0.000267092994206689
9.87091879014617e-05
0.000119161259493539
5.55636588639969e-06
0.000145009671939685
5.11266117053221e-06
0.000970549899552326
0.000194133713121307
3.68486289146109e-07
0.00117625613584985
0.00259239520328714
0.000149281872093892
0.000352472549596901
0.000104370157756111
0.000295467462099068
0.0116056514057184
1.70514670004811e-05
0.000202670239685174
0.000196589384193656
7.21824927956771e-06
7.89875203031916e-06
2.44107170300057e-05
0.00339360908251163
1.89854052157326e-05
8.3303278554478e-06
0.000880369055281218
2.24269265437378e-05
0.000161233809489828
0.00018310345611669
0.000196510559992289
0.00666556547492173
0.00209442138863999
0.00043507305951511
0.000306809193820084
0.000325824369385059
0.0037626629641277
0.0466609306293688
0.00063258598996255
1.94785739402746e-05
0.00026756374477885
0.00136920878691587
0.000350351457568235
0.000235508693025115
0.000667178236185593
0.000986814134671863
3.93354882524423e-05
0.000168970283105442
0.00151904534260003
0.000153477585187329
0.076293371994067
8.24166269939057e-05
2.05647103474067e-05
0.0033974036274789
0.00262242849466924
2.05844043240152e-05
0.00110412552093626
0.000586118773073264
1.87274939084955e-05
0.000360495243247506
1.99511147628529e-05
6.10450627971688e-06
2.44427205538457e-05
3.13003458360977e-05
0.0157808875029522
4.65115730683565e-05
1.32010784749422e-06
0.000321938415723935
0.00142173805303748
3.6929702648648e-05
0.000205413513097957
5.64211183133221e-05
4.63093631658604e-05
0.000231357275982203
0.000297001272041315
6.54457556462004e-05
0.0005461664181192
9.95725594344154e-05
0.000762233193672023
4.13505434337427e-06
5.98536091522959e-05
0.00148943084184646
7.5979283397876e-05
0.000113813234479517
0.000843126004505697
0.000114253635978709
0.000206098714703473
1.13748200151462e-05
2.81365400017096e-07
1.16355803293547e-05
0.000123061458405926
0.000713239861845993
3.60739091347086e-05
4.46272847109336e-05
1.44982445446815e-05
0.000326651392119797
3.53217612627675e-05
0.000228382198785378
4.82371480426854e-05
5.18532095228673e-05
0.000195841991083247
6.19107531477141e-05
7.26879622080721e-05
7.55354407661635e-05
0.00163521202584535
2.86851418328104e-05
0.00231175863843724
8.55225656310283e-05
5.40182380172638e-06
7.60897677210472e-05
2.47167003617857e-05
0.016699870589493
0.000398407116543361
2.36711768543519e-06
9.27513148730985e-05
5.20945197792947e-05
0.00134966648567664
0.00010149430247414
4.47358398619984e-05
0.000295239499660722
3.93711029828917e-05
1.91009605377865e-05
5.52771783907841e-05
0.00430781120557373
0.021296180946457
0.000581928925298035
6.65156297675629e-05
0.000136898090951755
2.4131810057758e-05
2.69017366523853e-05
0.000288275395196596
0.000211767489926218
0.000532814276274017
0.00259905076653142
2.17845322152764e-05
0.000184375471783009
0.000179694105283711
0.000111106780325829
0.00034520834246398
0.000191184859558508
0.000539385845598302
0.0101033343124948
0.000223402409651799
7.71572674193655e-05
0.00080457507919409
0.00934489264056473
0.00189057760452871
1.39090446356217e-05
0.025758058055979
0.000118975410286584
2.21443316662955e-05
1.07771120277938e-05
0.000990163973043096
0.000254769256439612
2.48438853558371e-05
1.30264588660064e-05
0.00411879685645502
0.000171744688467151
7.09389224893884e-06
0.000852800570597148
0.00158677294550094
5.46945887018576e-05
2.53164401274662e-05
1.91735300929354e-05
0.000286658933755299
5.18701081218058e-05
0.00132409504046489
9.61010166778414e-05
3.4668310857992e-06
5.21177096859336e-06
1.53267841676514e-06
3.408469733484e-05
0.00010456312490524
0.000301679067792003
5.322449384621e-05
0.00129024406119669
2.2475439280562e-05
0.000335287588671202
2.74265955472234e-05
0.000461616827156409
0.00174115329668907
3.43402395518137e-06
9.26199114613504e-05
9.66315698822402e-05
2.02967421179562e-05
0.000173221021311786
0.000247838109971432
1.37047365859305e-05
0.000510851721958427
8.85233775242689e-05
0.000513849290916043
5.83358430488426e-05
0.00738727706021889
0.000163038067320394
2.92725588557782e-06
0.000404705373592607
0.00112461250143826
3.49940987090634e-05
2.28608970048814e-05
0.145343542989148
2.21931067798472e-06
4.3450386412728e-05
1.19521784473636e-06
7.71673130146619e-05
0.00118188554026086
0.000480006632139976
1.07731094812689e-05
4.96644360201361e-05
1.10556504671423e-05
5.30623984998572e-06
5.3820624636993e-05
1.78014567055094e-06
0.000531779084867565
2.60449810875411e-06
6.68403372423958e-06
0.000345063703128584
1.02050735720271e-05
0.00046629539987366
0.000100232493621596
0.000216167935944249
1.69583479908216e-05
0.000335203448061881
2.46574710529418e-05
1.75047591593776e-05
0.00185511231017421
0.00236439097691999
4.63315332946975e-05
0.000237496231594033
7.52041819507378e-05
0.001143567632392
1.64328074788824e-05
0.000172698289209034
0.000464546587339961
0.000899575066793137
6.64820932786586e-05
0.000442355049275874
1.40375233621621e-05
3.12398737143903e-07
3.34602320385965e-05
0.00299332871631654
0.000111235598398038
0.000154707823975245
1.91273833170453e-05
6.79790819764132e-05
1.18186738795438e-05
6.84610146783944e-05
0.000275562939667539
7.14099559716046e-05
3.01429461715827e-05
6.07239820083106e-05
4.95902528005031e-06
1.1395687839881e-05
0.000399179183451848
0.000201373658676339
0.000736537468749841
0.000128251135938093
0.000535602362251312
5.22132373682292e-05
0.00232998625690532
0.000614748243177601
6.95403266477878e-05
0.000620552353060318
2.6665040781822e-05
0.000263606575214827
0.00119930297182888
0.000104680142240164
0.00123095985864135
0.00774148006854066
9.57163660439369e-05
0.00014916493942407
1.797950613598e-05
1.08269914724695e-05
2.00083936779832e-05
0.000514807549904332
7.57423437057592e-05
2.63424076395621e-05
7.96355421851892e-05
1.19786787476097e-05
3.60521277623867e-05
0.0166037681397835
0.000146138504282549
0.00398190183947287
0.00118756775887307
3.5025661293598e-05
0.000264073588553858
0.000243845655408702
8.27926232777292e-05
0.00608842804270212
0.000247852957810402
4.44528965877983e-05
4.48595604561966e-05
0.00015538202365577
7.33542805750494e-05
0.000488489894983749
3.53749886618481e-06
2.29640553067344e-05
6.86751325034304e-06
1.11312738935992e-05
9.15249068553787e-05
0.000169213593923221
1.85317257467156e-05
1.62645762536435e-05
0.0064802097980253
0.00301770339604667
7.94930474718656e-05
6.9555700048821e-06
0.000445678011875299
0.000931658751674698
0.00141124185931255
9.20831044326232e-06
0.00251462544480711
0.000150976476578771
0.00010733060642133
0.000402522370952072
0.00155996423853499
0.000101209825661442
0.000258062044872703
8.45185218475983e-05
0.000135415768581167
4.90470251691697e-05
0.000213290504274997
9.53313692936945e-06
1.8136767966464e-05
9.07364914115578e-06
8.5648477803039e-05
0.000430098517798785
0.0159789006829242
2.31869577257345e-05
6.19695630754443e-05
0.00011879492293886
4.49277221107551e-05
5.96953282017607e-06
0.000112299658917435
2.14134701381068e-06
0.000442219769468845
7.38772532213937e-06
5.44296300785466e-06
4.63005082902756e-05
2.67495229753179e-05
0.00024465955101957
0.00114662291466823
0.00215909527875991
0.000800581704497249
0.00348353816904619
6.13129199959062e-05
0.000524417387400228
0.000594852986906464
2.9093127773463e-05
0.000220941972355835
0.000463337976968555
3.65320039942698e-05
0.000645870695625332
8.65698358244011e-05
8.9240443144772e-06
0.00215579535743683
0.000103977523335436
1.14256949966573e-05
5.37396574647774e-05
0.000555055199304766
2.8189425517469e-05
1.27475681066745e-05
0.0151029333272439
5.16594239952634e-05
0.00739683648878374
6.80865897240274e-05
0.000880129524306687
0.00149288936543889
0.000542460540262711
0.00321475967234593
3.87878599392194e-05
1.19160613574784e-05
3.70775021753097e-05
0.0134453930657077
0.000244718960226063
9.26527424107314e-06
0.00148975617639871
9.90626360098148e-05
3.42437089802764e-06
0.00277886481271579
2.05606512594677e-05
0.455185253458239
0.000212243198646417
1.93602481127422e-06
0.000307985754298996
3.85069510500266e-05
0.000849191240829956
0.00122071114864581
6.61130928338648e-06
0.000150974420917333
1.138585958676e-06
0.000606287937787783
0.000107789882291661
1.30018976491932e-05
0.00019985368631439
0.000751080848775645
0.000118901925243243
0.00542007723146207
0.000211207634032606
0.00119726789210545
0.000188494245139231
7.73614595476962e-05
0.000105582461284211
0.000143692577359349
1.52741846718252e-05
7.08436645318479e-07
5.0018167355416e-05
0.000102553210853939
0.000411100810757121
0.0058432264493683
0.000185865720138596
5.00079589503006e-05
0.000579993750793707
1.71811497633766e-06
1.76607876443048e-05
1.91481811925771e-05
0.000160779852962768
0.00759461374886249
8.31555132279225e-06
0.000594690924127085
0.00133853894465684
0.000123628354100304
9.09901805353911e-05
6.231175389111e-07
0.0012562697602442
0.00122672548847069
0.000334854099616935
0.000182507666787608
0.000386782278922812
0.00164875022950561
1.0796472865332e-05
2.78434461579972e-05
3.99595318156331e-05
0.000457174915146203
0.000132118395052463
0.000173286393704827
0.128907303400129
1.95360920227916e-05
5.15281295272535e-06
0.000107814919419433
6.64253321259661e-05
1.80806700865903e-05
0.00013502039731724
2.63596261226019e-06
0.00124825020027805
0.000258060662067863
6.04867002923124e-05
0.0001541520480195
0.00283125849297453
0.000948031269764443
4.23057325381564e-05
7.18713105257381e-05
0.000332563647015908
0.0130998556807079
0.00189412537659316
0.00114640728100982
1.32968606574361e-05
0.000142915814844709
9.27164405486801e-05
1.8872582984549e-05
0.000158552416865314
0.000178172988071322
0.00236101885097881
3.28976028603515e-05
0.000219302801366766
0.000784245470176575
0.00142375132203055
1.69496709378105e-05
0.000777777270538615
0.0094561094137076
0.000169875273907256
2.01665371772841e-05
0.000978152585959608
6.80998945173866e-05
0.000433891454496437
0.000180211546870383
0.00128584193155543
4.76682408227985e-06
3.39297659559587e-05
0.00116231728524121
7.89042636462672e-06
0.000134029272329491
0.000199351851868982
4.94314677216915e-05
0.000124547708787188
0.000181183830433119
8.20285732866447e-06
1.03045328891726e-06
0.00152601837640915
5.00971920740619e-05
3.2129021738282e-05
0.000850722879577051
0.0029042743480646
0.000849965689512337
0.00217726167645824
1.11485330421433e-05
1.02981821743755e-06
0.000365775541766446
0.000608288495556677
3.9955312962282e-05
0.000221257140752394
0.000395139137844028
2.60570635432179e-05
0.000107891275414732
3.67079194976891e-05
3.68091442118041e-06
0.000127817251283578
0.0024075173929198
0.00116626444378155
5.26343609931522e-05
0.000913990718993129
1.88100020957933e-05
5.91072742405187e-06
2.08042069875425e-05
4.19332504530459e-05
2.07053621759655e-05
1.44350435709145e-06
0.00632928351671053
0.000311563349664604
0.0136790490336846
5.85331764015769e-05
6.44061025322122e-06
0.000612793173305662
0.000217068795579462
2.96708573598561e-06
1.85392996947285e-06
1.55743524063148e-05
0.000299247041570066
0.000474505562985151
0.000323888155672609
3.29669995808237e-05
1.41685066436591e-05
0.0033641671295776
3.6307695314176e-05
0.00128645683855178
1.78829750465732e-05
0.000988674713521329
9.72054638686174e-06
9.97446596233216e-06
0.00017600861386954
0.000534043816908382
8.44319392417097e-05
0.00232172024481159
0.229354016168755
0.000149676681234236
0.000837297415075147
9.18820381299417e-06
0.00011623142917621
0.000218047119611106
4.46068599887968e-07
0.00288331600811212
0.000118570834407058
5.48134735804565e-05
0.00271881664280776
6.0049229545027e-06
0.00118757389565093
9.13488079976171e-06
0.000146418454175149
0.000101037801537212
0.00281141481083214
8.91770742368819e-05
2.42354072313395e-05
6.48710875382255e-06
0.00109656077980505
3.03228245747151e-06
0.000394954328877655
5.45039733287045e-05
0.00165263667611204
1.86700285264555e-06
0.00074655783071483
0.00854600944823606
7.79274802494986e-05
7.07565195588352e-05
3.49478736458872e-05
0.000300182946722478
2.27637616264145e-05
0.00121242931997855
3.1886453050788e-05
1.36434283957492e-05
5.49489149205997e-05
1.3795203861226e-05
0.000768090820710365
4.52231330200835e-05
5.75814504327539e-05
4.41379158371223e-05
0.000108532535913279
0.000273339095358795
0.000220784286334012
0.000259857983820551
0.000256045997082728
6.62941864529142e-07
0.000461582970661346
0.00026796031362858
0.000152479938845321
0.00112439020692882
4.65090708940302e-06
0.000354416925007192
0.00011189315263362
0.000521032200164961
0.00325703479594514
7.96249361865658e-05
0.000145307088122411
6.12135181440645e-06
1.10778046109031e-05
7.99340729824282e-07
3.97934113889978e-05
0.000414685356105012
0.000182702931120202
9.32177699154038e-05
0.000539946967259587
0.000448136680234351
1.71432596486711e-05
0.00409892129250177
0.00116553237560598
0.00039357999991458
7.76498748830032e-06
0.000229787854826865
0.000214306628356888
0.000210048492398251
0.000268727662851186
0.000871038431900348
0.000292042939667289
1.28926088099648e-05
0.00142356513900805
2.38406142739423e-05
2.81395721649114e-06
1.15751224525158e-05
2.00190499912644e-06
6.02942895026406e-06
0.000398679625036155
0.00251970361687094
0.000155440222835686
0.000337481613745364
8.87419576008362e-05
8.40738531331381e-05
4.60893135823132e-07
0.000160481844527744
2.51451683257604e-05
4.25815827216836e-05
0.00296427575056151
4.64361119138352e-05
8.99174755311881e-05
0.000136380707429778
0.000126043346448313
2.29965908604254e-05
0.000130791699825593
9.92939461366855e-05
0.000138805800034789
2.1758608263691e-05
0.000323591278678973
4.68799467783716e-06
0.00016122856583944
3.687071380743e-05
0.00124644903160878
0.000271745531412893
0.000541018788786453
0.000618905554760034
3.06817368431695e-05
2.94430053868992e-06
2.74244208235409e-06
4.47884879076608e-05
5.48431571948405e-07
3.14381717236024e-05
0.000306818838214182
2.10575361740802e-05
0.00891414460825822
0.000142141925314197
2.79387734323714e-05
0.000784889298231053
0.000182467066468904
0.00173879804971924
0.000147963537180464
0.000147115234397761
5.34807242719999e-05
0.000383808181711707
6.066282995531e-05
1.69386952219996e-06
0.00112685905883542
2.27879854688308e-05
0.00137827327368353
3.6795553671901e-05
0.000118924254703531
0.000415520988988869
0.000174264515300474
0.00136267958553119
4.70671117085547e-06
0.00258452514937868
1.01360360116196e-06
3.02330684420739e-05
0.00146374856981383
9.22862385527416e-06
0.00189145340172237
0.000101632974223846
8.44313153635126e-06
1.91168940029167e-05
9.16078857770616e-07
5.54744693943237e-05
0.000790447551223013
0.00017732948031388
7.98403376597032e-05
0.000156972479505809
0.000103020317806093
8.07449006046303e-06
0.000134688709283454
7.36334569613782e-06
0.000110714215195859
0.00016296105897744
7.24659719314683e-05
4.06644380500047e-05
1.55303410580066e-05
0.00045450154363162
1.32709764566114e-05
1.63406613832163e-05
1.72653607173971e-06
0.00020450263800075
5.92720917713822e-07
0.000225117898718301
0.00021666162867947
0.00314424832477546
2.97232470222747e-05
0.00766769890803658
2.35255005773436e-06
5.18293020015685e-05
0.000385448471789963
8.26784399130354e-05
1.23250860732187e-05
0.000393974442362491
0.00010104092631835
3.23785574446207e-05
2.84286475951517e-05
0.000256171749995547
1.06351576270674e-05
0.00311026574162452
2.25374107994663e-05
8.33032157230934e-06
0.00474977983684989
0.00390448901168441
1.65410050069598e-05
1.80044696695226e-05
0.0287513864877355
1.83621064026363e-05
8.61395108893261e-05
0.000338927862064529
0.000135644317896221
2.51346263420368e-05
2.23343858825603e-05
0.00152402351092134
2.89840944676842e-06
0.000166048564995346
0.00534284000511704
0.0115208481094497
2.37519716134062e-05
2.31634744907559e-06
0.000806238025273187
3.1755618192115e-06
0.000578544579851191
1.23866288524543e-06
0.0051277411154269
8.52684787135713e-06
6.5860145298059e-05
1.18504442178403e-05
0.0193381220567686
3.47334608641182e-06
0.000863022060750416
0.000120620677461094
0.00552864519027831
1.54378265553656e-05
0.00105330832327909
0.00128794964442564
2.09220268459544e-06
2.54435114984252e-05
0.00026594905732174
3.96878185250215e-05
1.28812516176034e-05
0.000191836833632018
1.02241492163832e-05
0.000157013458982613
7.48222564888756e-05
0.00132554738656613
3.63855231543698e-05
9.07662254678221e-05
0.000149844289083551
3.64988235545045e-05
0.000392423400452851
1.03324572585763e-06
1.45800031634746e-05
0.000162557979022156
1.95670280244837e-05
1.34297363717106e-05
0.000353738201992667
8.80980866797246e-06
0.000154219460616082
2.32785436384636e-06
3.34992483596673e-05
0.00067294762388751
3.44310095667309e-05
0.0011794054738621
4.71245166341091e-05
0.000200255836427444
0.00331848239109133
0.000204440010335596
0.000624067893939958
0.00409509763390513
1.55732609669441e-06
0.000466557907264483
5.3167441997066e-05
0.000270743386011883
8.24191170340665e-05
0.0017303259617084
0.000767626783356484
6.25885902624155e-05
2.57569662761187e-05
2.49799948080175e-06
0.000115901655320033
5.78123814231729e-05
1.18522643042219e-05
4.41111686512916e-06
6.24622056137867e-05
8.91206203674669e-05
0.00157560521291978
4.14141684093702e-06
5.25166083317458e-06
0.000321568721613937
5.36141055276013e-05
0.00197142471612886
1.58197547926643e-06
1.41632994873614e-05
0.000470254187844279
0.0026321392734152
0.000101411917002968
5.82139859863439e-06
0.000716958535219214
0.000534230049783958
6.5737737320853e-05
0.000116325014092315
0.000284416678969454
5.18906197583874e-05
0.00118373182845431
7.34974853272983e-06
0.000600409946448729
7.91522979494703e-06
0.000175541723581
9.31673838592296e-05
6.59730603259267e-05
8.4231501988519e-05
0.000186017896028284
1.96393788495599e-05
2.17183321422847e-06
1.38179643647514e-05
0.000743209136526185
0.000137213850810723
0.0011038550342332
0.000208775568177016
2.15084707119731e-06
6.1711671993064e-06
6.23459656201236e-05
4.97834957332162e-06
5.24084571772647e-06
0.000740053153041276
8.10245784658166e-05
0.00282164415163283
0.000290002287908629
0.00151554466476783
1.07327630546938e-05
4.62380679585227e-05
1.35812949927873e-05
0.00201860966032783
3.98510491641004e-06
1.08874116086638e-05
4.93556422564592e-07
7.26336797724431e-05
4.86313688364424e-05
6.41809979537042e-07
0.0303631107734822
0.00303155409762635
0.00186861120188196
0.000218755074206085
0.000169936485798089
0.000134599110883423
0.000704860966813327
0.00177331348690711
9.82296084590406e-05
0.00294683462524642
0.000153341138315791
7.02501986281281e-05
0.00199569969415957
2.07440467199584e-05
0.000636069980849008
6.26885920995721e-05
0.000100270400612017
2.387384614656e-05
0.000388900674630996
0.000130522551013544
0.000133399730734938
6.11050307732358e-05
0.000220808644145779
0.000350949288209271
5.29304674580804e-07
6.69148446164161e-07
0.000102264524713196
7.83882320762586e-06
7.22750167062355e-05
0.000125885694000498
1.20267474216317e-05
0.000653366942682456
1.93193856251949e-05
0.000395382988967696
8.26380028017069e-06
0.00204713256305848
0.00229578416436975
1.49568873694299e-05
0.000372651561944939
0.000626975021131016
0.000515338390179629
0.000291069281098326
0.000100555803771016
4.3283809795303e-05
0.000670809898567939
8.43269339084777e-05
4.74642681871317e-06
6.16079068730128e-06
3.10360013871116e-05
5.38114988901291e-06
0.000214989012386398
0.000838903050070296
0.00205513667724368
0.000157133912285082
0.000187056899381447
3.14610141057408e-05
0.000650060988115531
5.35292317379485e-05
2.11369478206251e-05
1.93248657336736e-05
0.000227886325289137
0.000275037909709042
4.36036381841869e-06
3.19743936084457e-05
0.000413284308624985
9.91053422651546e-05
0.00635235939500311
2.44026846673162e-06
6.52302574684817e-05
1.87436575113784e-05
0.00208076592359959
4.16956376215036e-05
2.69276802633621e-05
0.000322328336053263
0.000165962787583984
0.000100695001501721
0.00161804836727202
9.8409360280914e-05
0.000683788413289217
1.29961572850855e-05
0.000723058259623482
0.000493225292298724
6.31287950087296e-05
3.62127421882965e-05
7.69724651316055e-06
3.68113392126263e-05
0.000113154057152931
2.69835103519751e-05
0.0015011829222783
1.81366562100432e-05
0.000406864597129034
5.02755662695948e-05
0.0104508550728862
2.34000306629564e-07
3.53977104046395e-05
0.000627489072613778
3.36199563744674e-05
5.18419514377406e-05
0.00010517571135887
9.86210156665137e-05
5.91243119394419e-05
0.00222742044274075
0.000575826653773809
0.000451187953268123
0.000208623150779782
0.000706299821678824
0.000166128958875503
1.96356597852626e-05
0.00226383601905306
2.61328667448756e-05
5.31574240153691e-05
0.000235294579520354
0.000231503363508048
0.00127901524308618
8.14142616570692e-05
7.73486478891472e-06
0.000525633435105993
3.24843488628211e-06
0.000254969086231945
0.00028960517035923
0.000156822439510247
0.000173362826404131
5.19161254169124e-05
0.000242302663920536
8.71107088695671e-05
0.00548560459273965
0.000127375685979691
2.03826901509435e-05
0.000111050837348339
1.86480533984489e-06
0.00115830826860218
0.000111010540481137
0.00171586234164258
0.000137545973258509
4.57753963531008e-05
2.55153818396298e-05
0.00052155019064805
7.00485191127975e-06
0.000194911251604897
1.97375554093286e-05
7.9162640286037e-05
0.000100669225178545
8.12958341406698e-05
0.0001061988173334
1.38617665357453e-05
5.6128255838112e-05
0.000118620807008617
0.000931237221519191
3.85034392323543e-05
6.06804415841378e-06
8.84178734104196e-05
0.00195712797739688
4.58727662646791e-06
8.3724078739458e-07
2.22533298086341e-05
3.04011175044794e-05
3.13182515148391e-05
4.273109124154e-05
9.94593441355294e-06
0.000110060380242679
7.19338949572094e-06
1.9566064511706e-05
0.00125496232970143
4.87032759111197e-06
2.30777252620854e-05
7.48556965235237e-06
0.000586140030260588
0.000309641455284571
0.000493175447161248
6.29999622191132e-06
2.16398726858066e-07
0.00134728570830489
0.000119373631842598
4.1453904448441e-05
0.000219869586109481
0.000226930319222143
6.87115644476184e-06
0.000166999684178612
7.7811850076546e-05
4.99199485469081e-06
0.00060931710177715
1.50925161173881e-05
0.00585048221107872
4.64067797066706e-06
7.96522414742716e-07
2.28769336098984e-06
7.08294387154061e-05
2.33080543119353e-05
0.000139495476819698
7.56791463588842e-05
2.15912928362886e-05
8.14603627093346e-05
0.000124354304512435
5.45278584540502e-06
3.46426433989864e-06
1.15776465125602e-05
0.000134877157289047
2.03361517185758e-06
0.000281838899794226
0.000718816061373011
1.28895106139567e-05
0.000236047805371149
7.29142943354799e-05
0.000422174305364714
1.64468666244707e-05
0.000814881787185847
5.76587614184316e-07
0.000205811068609101
0.000128948262301597
0.000128403256582859
0.000713929843723833
1.512742888947e-05
5.05905329218039e-05
5.31248209098914e-07
0.000190098137342101
3.97253584330079e-05
4.37017500648754e-05
0.00122365101343975
7.89524289007326e-05
0.000206039679406211
0.000445485763191625
0.000298228131064202
3.76741681624274e-05
9.36807619600662e-05
5.51950202378081e-06
5.40805909703273e-05
4.39101279799986e-06
0.00117744553193355
0.000279373808524847
4.08435071363137e-06
0.0117141857186507
5.29969610453411e-05
2.06552075064566e-06
0.000109300581803055
0.00070068072622247
0.000589116965330638
6.85198764396604e-06
0.00023625776679809
3.48656715388915e-06
9.84075071137991e-05
5.50072290079716e-05
3.61759601777582e-05
2.82518346640313e-06
2.42564574090221e-05
1.32419294612902e-06
4.93320531305793e-06
7.45616894593599e-05
0.00284199957381466
4.20098240622988e-05
1.51168477373565e-05
1.9626370088502e-06
0.000197372560270717
0.000126910876316129
0.000283258781373937
1.75470771968263e-06
0.00376423802063206
1.78582766010539e-05
0.000196519088195
0.00080082097411652
0.000112712677918931
0.000277359152673903
1.01799551651114e-05
5.45132402614903e-05
0.0044911697562128
2.09499710617982e-05
1.42152825098817e-06
0.000217533206145138
0.000219450660978783
5.31702463247288e-05
0.000128752629548613
7.68757267504143e-05
0.000106278968112908
0.000100803859216216
0.00106059979501343
4.17655287777672e-05
0.000623647277260608
0.000353696013108396
1.16362576203055e-05
7.75914017988338e-06
0.000136716625881623
7.79745809469275e-05
6.7348200248526e-05
3.53928491692298e-05
0.000215739874181195
3.23090266856619e-05
0.000607862074842573
4.69972107656487e-05
5.32230640760764e-05
9.56310357688455e-05
3.527200897095e-05
5.1164364595672e-05
0.000190419714899226
0.00467789380723194
0.000758709976053212
3.02649376800995e-05
0.00014458662775797
5.1756714243442e-05
3.51881463059652e-06
0.000103233108872272
0.000330399339545166
0.000305863088958224
0.000202991700039675
0.006605451615786
1.05805105730066e-05
0.000280916642428473
0.000268695883236061
0.00558781162593485
8.16631123215769e-05
0.00013454591722093
7.51127431813865e-06
0.000124788626181169
1.71786486730907e-05
8.70268009819494e-06
2.54230694865675e-05
0.000158614731386852
1.96868646172756e-05
0.00602343456878622
0.000309574960080529
0.00146679839742112
9.91366382923224e-07
5.94721325873106e-05
3.37039705745253e-06
3.37057715573767e-06
2.27411754772209e-06
0.000194965878435899
0.0297672697691468
2.54678931153088e-05
0.00553942822230687
0.000249440932561075
1.16378148423785e-05
1.80059391924451e-06
2.31259792322909e-05
0.00027845427381702
0.000404571027656603
6.83610143349526e-05
2.60352204422728e-06
0.000644374044609386
5.35054798410579e-05
4.73835622788339e-06
0.00016878975184562
1.5689222207282e-05
3.81681011681875e-05
8.97298264371252e-06
0.000260637080835731
0.000161777003184244
4.46716971775087e-05
1.27166206953106e-05
4.49187037100875e-05
4.74847119175763e-05
7.82434495686592e-05
0.00228430212588047
6.92348836159859e-05
5.03907763028837e-05
0.0199849524582145
3.48262848244586e-05
4.01888472387825e-05
0.000140543563163259
0.00375541765069217
0.000186135174060671
7.3900544695744e-06
3.06907563345672e-05
4.30296255676391e-05
0.000621503737815512
5.8873082833297e-05
0.000912494399118955
0.000233267856026746
4.99111242052884e-06
1.07216873149555e-05
0.000512538982481308
0.000397597844997274
0.000224376241725151
0.000176698619394244
0.000330753045036309
8.92689499105522e-06
8.64902669768214e-07
7.12873022842941e-05
6.72774122359908e-06
3.18578029388758e-05
7.37544745237425e-05
5.08297759520071e-06
0.000304912090866427
0.000927499122647327
0.000212752445768745
0.000887200224740753
6.36357163932265e-05
0.0678906760684758
2.44819635179851e-05
7.725966428185e-06
4.23973248347918e-06
0.000662637223157805
0.000303271718301892
0.00642860825802654
5.25294141668593e-05
1.31791699977169e-05
1.62649627559907e-05
3.45389028637093e-05
6.48326671528535e-05
0.000187724203771696
0.000328928687857577
0.00379547797469409
0.000790350455716041
3.90193810545192e-05
0.00165831141247898
0.000654726580738475
0.00141544217565522
0.000188500794082551
2.36916846373158e-06
0.000185733942299651
0.000595770546903974
