.0013311712144030707
.0006104234435468925
.00034587357069426616
.0004476153613381939
.00021006022021197168
.00019983727753469793
.00020589537189152907
.001906907171260741
0
.00022601375901842857
.00026053732413799935
.014852040074117667
.029040443789028814
0
0
.0006849051498249992
6693471122787287e-20
.0001058079233899889
3044522094342028e-20
.0002582951085514651
.0001791461393594318
6505299663217556e-20
.0006546514152319105
.0003389754940030798
.0001131246587675605
.000326642114842457
.00043297291909993874
.0004797393064137623
4241395799908787e-21
.00011478120281083193
.00019088298714109442
9141383451094498e-20
.00014963081039809367
.0002207600581556335
.001556689696826652
3458800556188635e-20
.00046555513254986636
.00014284580586831908
8441381838508732e-20
744385076245635e-21
.00010922788762002256
.00023739801825684026
.0001060279808910991
.0001184043383517519
.0019017623437349584
.000154837124668461
52412990072525645e-21
.0003897946062210167
.0007436506518274655
.03568135608998091
.0009971199530269814
23171183201498025e-21
.00012537769437415136
.00016253757954132197
.0003990105725080184
5483775595394036e-21
.00023014966154732974
.0008184026664821431
.001052538219539656
.0001519806562555459
.0006979649552647516
0
8731613471013588e-20
18565112881674395e-21
.09258003576132978
.024778770734002364
9294004627236063e-21
25364872001887306e-21
.00013555871487369586
3573201834683459e-20
.00029045874644850755
8017751557076735e-20
.00014903374975006045
3583794202199897e-20
.001354766933246765
.00017074384585669122
.0001253779106065167
.0011305969087374024
.0005456715176990201
.0002626007709665146
.0002794840390123454
.00010688854455054297
.008010246246669794
.06191512975300384
45497176884623514e-21
.00028387539150287466
7983744174566709e-20
.020264504745568956
.008670323123197932
6685948315521273e-20
.014749390987617517
.015451895639188251
.00013982704454917894
0
.00900183646348296
.06939011361595249
0
.023091246123556175
0
.010265667453211336
.005646604784857345
.011535228862840086
.025309537830992213
.020360965395241237
.00022027978164373962
0
.00013339724148409005
0
.004768677338375937
.00041360508811294494
.08387958212099988
.001752184305615856
0
47746312645813305e-21
8501453115172808e-20
.00014730400033613478
.3110944574377186
0
.06769508209757191
.00010364890415814898
.023995566415123903
.012624798454965003
5293639266312766e-20
0
.07120662218827079
0
0
.012982395465968466
.01673003693821329
.004238210063249426
0
.008004760519042975
6290853676205188e-20
.048301036638008554
9524431732188532e-22
.02641503666779954
4346579487446434e-21
.0037174666125849853
4333083055030329e-21
0
.001708500409364433
.09501998758949526
8951592434414124e-21
.03207376623231539
.1478063267837939
0
.00010461677381101708
0
26634868248720522e-21
6866646641867646e-20
24528564793513397e-21
.054342454015738895
0
0
2049121420100164e-21
.0035572121935842915
0
.15963760189805498
5746903553927041e-21
.015756632802094828
.1142116715004704
.0037830750410421388
.024311397248027333
.08290168297770606
.000118952945001638
.00021159344413490544
.19553849349006214
.020175933246605382
541480042954845e-19
.00011114114307986256
30225400564631855e-21
.13516206142190867
.1237906816056693
.00018392518663290502
8245413195595575e-20
.007873012126538015
.07109050958479202
8057827506036119e-20
.004424525477475072
.0001283010955859254
.16141072776650844
1625725377607523e-20
2574007271505252e-20
.0007140541457886229
.0005801936871847602
.0002839866502313271
.015770614491628976
.02439682139663546
888620484289504e-19
.0020108814245247686
.8111752989537422
.03961289387365241
.0011016384698052661
.0003056479629464093
.00034994476645522354
.27970194683285854
.0003799297920039635
.0004366322360453978
.00042945644368330704
.00421917140909045
.0018130771781699195
.047685690294485994
5714856031602267e-20
5366199962963947e-20
.10174350644763308
.0009179975892124048
.362596799872108
.11231831105419587
.024060623043055784
14480280782436239e-21
.11628507972790203
.0077763135233794856
.001247664991311126
.16254485205854508
.13417150954825274
.0005542105615177206
.0001284235591754168
.0020395400499637617
472624743963479e-20
824810095423345e-20
18410164052795608e-21
1730614604866787e-20
946816445548393e-19
5483887939305987e-21
2423696314224344e-20
9387522840142992e-20
203940551841697e-19
6003594462811179e-20
1443055933236792e-20
9667906876131838e-20
0
999668515078156e-21
.0014555507870568363
.00014421408604903263
11701650743489722e-21
.00030259194589632443
5568681473278048e-21
3142724142435327e-20
14211978509592882e-21
3026895475954916e-20
29317211513557595e-21
29470271044829133e-21
4356122516924188e-21
59284087967625965e-22
.00021795519484157921
56658057729919165e-22
20781453933693683e-21
.00016131193473256644
3957615980709761e-20
13782858719224578e-21
411415402012949e-20
3816098271158808e-21
6579973859643928e-20
47936587748154125e-22
10948994528803269e-21
78660947337994e-19
3663564754674553e-21
8094034186001409e-21
.00011636973300710451
.0001820642650187665
3643108757955815e-20
6762012645822324e-21
41227530552134795e-21
23040140632701878e-21
6728083977236565e-20
1825739585115116e-20
1639979531375957e-20
6670925193930088e-20
22994858099423254e-21
16166537989192875e-21
13750044445259846e-22
194720163619877e-19
3441154562011661e-20
.00019224530579720067
.00012130003500487874
69121824211038074e-22
25880474627371086e-21
1844598094180583e-20
.005752600571469202
.0014950320923929894
.00020064887927162545
.00034654442968928834
.0009159433531635841
.00011691658990287124
.0004902849745747062
.00044537193780058715
.0007309297652113855
.0023948633767361116
.0009165699199087385
0
.0014498403111957714
.00012690326538233876
.00011058299008936956
.00033223816414817975
.0004971842073331345
.00926486690998729
6228254633811048e-20
24880483380229634e-22
.001014185360332931
.0009233169433855437
.0005781064548386894
.00024650643305790254
.00018700748411504264
41416649324332866e-21
.00794662465405338
.004263293376254751
.0008136881792637496
9985836278758597e-20
.0004505086673276537
58611209169612266e-21
6545942112268222e-20
43102137951223085e-21
.0027431110448077334
.00016141473788877647
.00022566227345066636
.0024753099880996388
.00037698325714075054
.0030271191434678713
.00012226515279678551
.0004014798130640429
.00014205889114293768
704517072449562e-19
16564473256153178e-21
.002055274358340853
.001221453596016886
.002313381083808963
5970592212634074e-20
31660556800261475e-21
.00014322547899325855
.0008247197536945805
.000978729119651689
.0006190920996829163
.0077617758054486785
0
.0028704350527846145
.0010706272654061877
3890722521759926e-20
.010284635038416923
.0012379786452214603
.003829844806773508
.004076356363384548
.0013984832946078996
.0029224868521282588
.0003376572883269091
.0008766504455621771
.0006548208704799663
.0007259122364189352
.0006086979191053388
.008499231754271364
.0014934411157838667
.00021208081872714502
.0017997957553461674
8550518086281045e-20
.001978673880586257
.0002263987707067372
.0004573876017843759
962089455356363e-19
948394185371626e-19
.00013016378755992264
.00016623992230790918
18349303076092838e-21
2395750225048232e-20
4108646591305387e-20
.00016054851893443356
.0001998716114144372
.0006812447057740201
991071955525058e-19
.0005644582476520554
.00010963484591286488
28651501239096433e-21
.00010617401430579321
.00030895698607480426
.0003853083187834727
7800486562814513e-20
3690889516860807e-20
.00010166140256728795
.0003263899944698778
.00010511844280358673
6357648932464599e-20
1643090523373303e-20
470841611246442e-19
.00429709227131525
722685077079177e-19
.00016855920500802313
626770139291466e-19
7498215911994066e-20
6881389883517386e-20
.00010727025716050775
33691421734260985e-21
.00013946524894947743
.00031182823610720334
.0004613267102655527
9719403929864256e-20
.0004624457141488847
5867788721047873e-20
.00012101883902460031
.0007943011308100267
0
3236951937424237e-20
.00018590502612880755
6694578844701482e-20
.00012203174631508773
.0003292360007520756
.0023915237321432414
9560477056425043e-20
.00017783703177087773
7613704696041168e-21
.00044219491269359423
2282605838388463e-20
.00020421116936120143
.0006056674173038346
19068837687541418e-21
.0003107027135484941
.0001163570620263954
.00015983574058964223
.00012422640016040987
26977411039297294e-21
.00019188477868681275
5174262112461747e-20
.004687865370541999
.0004846070724369156
.00019602948862029734
.00015377055670739992
977834100410746e-19
.0002181181912987995
.00011938737311822933
334590732649076e-19
1696750037183392e-20
6208350286840414e-20
3324369554036366e-20
12411939323442311e-21
.00012588644592881337
.0038334530171368897
7799996572543932e-20
.0001400424586677218
6432893424346275e-20
.00014325750616706046
.0005503325528053438
5301317574435416e-20
992555512624449e-19
.0003510368038348588
28729105849834013e-22
.00016834675056998094
.0002713491719390504
.0003025570438097702
.0013999623210452228
.00022201480025785258
.00011898805766463738
.002734297904979144
732619491401465e-19
0
9953895016678871e-20
.00022091839566940052
.00010281527194422324
.00013946828508437648
1901369880386028e-20
5081636561499181e-20
.0005132794532158869
6441744224616741e-20
.00010254620021044047
3763697570491331e-20
.0001201237289905066
.0001352739083557708
4780381205193862e-20
.00010598969791431045
2415496213359347e-20
5604698131378427e-20
.0009280144870587037
.00022023894720746284
.00012754591318753228
7056661902993255e-20
.0004652189679319463
.00032515650198661206
8584832524149988e-20
4655095678174348e-20
4391334685749371e-20
9292935914118061e-20
.001775839676980695
.00010103576323672314
.00013679262208654563
.00021977785644367032
.00012069158260885615
4279757285985397e-20
4927166416734963e-20
5872936654327532e-20
.0004952399241773264
.0001338874868821449
1366452451634359e-20
.00012681327913810492
.00011951330709791819
.000174346481117027
.0002513645327297809
.0006496733871301785
.0011162491566238941
.0004302757996725859
5898119832181692e-20
.00016877189563047068
1556271560332334e-20
23933887334237625e-21
.0008244460327802017
.00017687584818304458
7823508686044534e-20
.0006269899353696928
12942375107627413e-21
.0002357768942005123
.00012290493640421118
.0012317865221831426
.004903435644180831
3300841171949287e-20
3200357515709129e-20
.00020278400360496107
3852029696815862e-20
3772262711265739e-20
67566028292276314e-22
.0015994335776241542
.00011517894189694289
.0028272925110002234
15200395644399123e-21
.0007835267393119238
5952214847582127e-20
12939073265272327e-21
.00018128029039132798
.0001607211050185242
5039997859057621e-21
890020064048258e-20
.0008477295187105938
8773521699367848e-21
8365292586631767e-21
2474039447974974e-21
.0015656617714512322
.00011517078206679798
.00013117780429183767
12400598194517443e-21
772488114364478e-20
8217905289598093e-21
654266644346535e-19
.00017653578571241724
6928002160577762e-20
839912580516966e-19
.000296870976626451
7596844739055086e-21
.00014873131115678007
.00041582068308798625
.0009223736850785258
.0002885237116032613
0
4785204035329116e-20
.00010846667471753335
.0006644785433707057
.00029250246117840106
.0002550030900465572
2887961322528554e-20
3051899682304793e-21
.00032531013756909033
.0001117578086677895
14384536981992824e-21
.0001421891795985175
.00047066049931743237
14301599080113192e-21
4347706308749366e-21
.0005655252301721703
.00022403220560818227
167375788322488e-19
.0007988596361769851
8689055903232656e-21
.00019863619486670814
8283521691510032e-20
.0003777727100953143
.00037839652034676874
.0014742613472549237
.00014621751537902128
.0002104526794113326
1136891697228748e-21
38189097352869794e-21
7012525327354524e-20
.0004072150504015326
.0005903713958019807
6615716955593598e-20
.0006746385849538683
.00016474306710279052
9469009155793628e-20
.001129923476582917
9753448544813637e-20
4794117927531261e-21
1112212189013917e-20
47842037176337726e-21
.00032280078572455295
13611632439847199e-21
41738598795859616e-21
.0007434333251552516
9479868631956379e-20
.0009959344808834203
0
2294395143564998e-20
.0003498782012485435
.0007389011593943451
.0003317145912689057
.00010401393126358016
53176364360751904e-22
.00015112039105247277
0
.00016562760278304722
.00032615839506888733
1989436636051778e-20
.003810032033371158
.00015592450631629617
.0013217629449968626
23733950811788418e-21
.00047087621183550255
.0005914665647281936
.00019406298264357247
.0003017431440639484
9391893054555567e-20
.00025359677839276173
.00010131446842365222
.0018617072942959112
.00028217720590362205
.0003563041211833706
0
.0029694052820445904
0
.00032152145118402586
.00015349345405013537
.0014549534311640855
.0001455432564370085
9012257189056072e-20
5365018319025694e-20
42127277765757754e-21
.00024534089095595846
.0001642781442683372
.0005471744909755216
.0025999427529370678
13139283367991084e-21
.0006110638178853378
7609865909330438e-20
0
6304655489941524e-20
.00021699633090577208
6347116725180513e-20
29503894580784618e-22
.0012196659246512809
6653313610627265e-20
.00013803013935387298
.0003177597909882479
.00010282374346104461
.0011151834858935672
7993463081845675e-20
.00010368263043858406
.0005460987831042985
.0026493225168877643
.00016314014808926913
.00010188415514278404
.0004552387005247738
.00023102872414426656
0
596931303675774e-20
.00015637693186931756
.00030122475467919685
.002733393411077145
985204991224009e-19
.003171878905391168
.000224316375195599
.0004868094879526552
.0003793618743799243
.0010676937997260438
59098875269114615e-21
.00038691120157352543
.00022452306956211032
0
.00021780855651343245
.0006035589353388104
.0031724633830236826
4148657649238885e-20
.0005664784167294101
.0002974415371568284
.00081998939012351
.0020023275578608946
.00014157672860903858
.001002158143577958
.0004422983383420842
0
.0015925949746105061
.0005409198183059516
.0004480002794196025
.00017443321223709063
.0003576901135886601
.00018405941912646995
.00048771150667903385
.0005906186902677746
.0004390917439707209
.004036814076030737
.0005877245378798079
.00029847374958080763
.0005511384964904664
.00041781715839306344
.0009990137967292867
.0003979399803739625
.0005111118730951603
.00014359860153945192
.0001876506231752728
.0008429805547507385
0
.001677322401803849
.00039018652898903383
.000663501286780388
.00013805869484428968
.000627975582673912
.0002925045150874439
.00018546690141363342
.0016597331551082561
.005738660874214929
.0002872709998200662
.00012389754961361632
.000363563830660496
5191801733417378e-21
.0004246056684849009
.0014460716777620064
8204472617023839e-20
.0003811277242817823
.0004518654923941767
0
.00018308306579228883
.00013525383110390976
.0002777925071058007
.00024104030559612966
.00045122078478243566
3692155632961658e-20
6388832667880706e-20
.0006746825364416509
.0002590987493249486
9532169315207284e-21
.0001607657437148191
.003514103510951827
0
.0006557650869751797
.00027130529977625883
.00011114872440032286
.0002268136487089123
.00015165509890380235
.00047069896024254376
.0031656405519271402
.0001884956576532204
.00010342617227365736
0
.0011645672899476267
.001478897722677175
.0005656025130491571
.00010199259874354993
.0010130002453507814
14468102250475567e-21
.00047400800637831253
.0006113764768116425
.0001133488265310234
.00036022324830753405
5429819634628075e-20
0
.00012399253891715034
8066421023045223e-20
4334459535471069e-20
.00010402680095467076
.00281814974732697
.00022522358877097304
.0001846806825085423
.00016394759080640142
.00046649362717232634
.00016977189906697276
.00010264813938931638
.0002518312899724151
.000125683875396021
.00011101328360041407
.0006971390365606567
.0003774588403047119
.0002132704594828283
.00015332649770982698
.00022283944976209114
8957826231892341e-20
.0011058142206792354
.00034195824237315264
.0003437647502124719
0
29021362024650443e-21
.0001954936873147517
.0010286138955706292
8061751498189551e-20
.0012311554215074239
.000167117148450302
.00010731041668066155
.0002800442616148757
6140474008020647e-20
8060175730406627e-20
.00016636506572353937
7658820469202965e-20
.00013862855621482595
.00013034594931582433
8012193856643535e-20
.00033250566747256016
7456751518475357e-20
.00026047952914609596
5185312124922348e-20
.00010661039009107753
.00024713480985383285
.00012540548821959874
.00010108584486090422
.00040425057301263223
.00016619374730453274
.0008130393185439289
.00010732974845950594
.000125201276603093
.00012383538457072518
.0015663391361044887
.0037021087870527936
.0002455058699268875
0
.00026885297219791937
37037579957655e-18
.00022624892297073984
.0002638905161660432
.0005504517219634408
.00014417865781979344
.0001694076858598237
8325891585059253e-20
.00021758120243475787
.00018338812331819554
.006007601374676597
.0003138730864691297
.0003943326749009657
8773754201740758e-20
.000127507725835585
.0002435320659799345
8395679766692865e-20
.0019305095078721024
.000883915924930534
.00014483901701112245
0
.00012277610603916855
.00039452392867644903
.00015076821929937978
.000574840793277076
.0007938527777326954
.00027799722722932074
0
0
0
13468654429971139e-21
9870155251689994e-20
.00013652605278480223
0
.0007052119919137567
.00016744995168949117
.00010443221860612084
.0016513040108634414
9961803496594257e-20
.0002558233021829892
4965473992513125e-20
27437666716423337e-22
38149606197634967e-21
22447715053885986e-21
.0001301246437535042
25060929118581043e-22
59722553828578384e-21
11441215988838849e-21
2608511047696993e-20
165601058199627e-20
.00013910940042194397
15490972586462703e-21
12490915409557601e-21
8631869300756989e-20
8104869712610707e-20
4897243243817684e-21
13068375441349644e-21
.00015698957109577805
.00036069466922583615
12915326703222263e-21
.00011217003599028885
3351115879013378e-20
.0002159607509071293
16367056897337307e-21
0
.00013473520768592095
.00014481366759167003
.00028664833084235397
.0003650046015231112
6475224054725004e-21
.0009146677798526071
15613694760219232e-21
2005582647512938e-20
.00012665840755232693
3675764698130024e-20
10407023513181457e-21
0
48338452067753224e-21
398831777648212e-19
.0008109580232407154
48561286462245334e-21
6940857158355129e-21
3001930032553446e-20
.00014481357138151907
1127348986784682e-20
.0010824305119854216
2737343914560597e-20
3561397826779e-17
1766752062337673e-20
8174194192633877e-22
15261203362371134e-21
.0005077240462014743
15561353066573247e-21
0
27615182617068967e-21
0
.00029851695858340577
8956379387470292e-21
8434757668851489e-20
27606302019478335e-21
9044708662031553e-22
9650632193825004e-21
0
3797699307028779e-21
61676788554621e-18
.00010166323431803903
29567723800028034e-21
20161657388939602e-21
21064709525120406e-21
7416447544983384e-22
26265050777851684e-21
30344625130851455e-21
5850256832573564e-20
5099604006630898e-20
.0004013756500000909
586772531647739e-19
9595487522773283e-21
.0004586729911792986
1832357876097035e-20
.0001980416192655099
.00028240434771475975
4179671709714228e-20
6555528098761698e-20
7122738239218052e-21
.0003041990155310259
4335158950752316e-20
.0005761333413758507
.0003429509326196012
.0005245256567860679
1581146602092076e-20
396863737108788e-19
21427295560982884e-21
16086541890558692e-21
248120633514759e-19
5882739650076019e-20
2469763504464595e-20
46373920795872436e-21
25569074100673106e-21
1936209226016672e-20
7957112348577766e-21
4633746746662837e-20
18101535523840084e-21
5570170301893995e-21
0
.0009399773837515113
2589102678030031e-21
15172880551972412e-22
26135652433367795e-22
.0017906952727173575
2135491897092834e-21
0
0
5204251861812281e-20
36618057777104696e-22
.00010544337202134102
0
.0003551488071025233
646765973044694e-20
.0001476852252721983
0
0
0
.0005953587085940626
334884565234006e-20
.006972290052999597
.006664177959919471
0
11977228240311888e-22
0
16738453453513102e-21
0
51978675230657245e-22
0
0
.0024286812124216794
0
4764292211234533e-20
4177246381686928e-21
5608891328279242e-21
.0001945113871641979
3372880220808838e-20
0
.04321764791569649
.0003874555571599103
22819960321385224e-22
0
.15081620442853705
0
18486546338181142e-22
.00018375653181124108
.006826079593096779
.000705741877183641
.00028281639922056456
0
25553331255423473e-22
0
0
.005319031798336482
.00012807096678102425
15407144786649951e-22
.0032715963466500853
6118887938555417e-21
0
0
.00015886825042343844
13768484166121198e-22
0
36097701467951993e-22
0
0
0
5983887258764753e-20
.00011854743232220244
0
.00013411934588702934
19168553677673117e-22
2913585787212014e-20
.00016523644239896385
0
0
0
13814800695399754e-21
0
.000973046545084344
0
.00023182666332388635
.0012964311331415956
2592497324371834e-21
21075874343523537e-22
0
0
0
13910549370166336e-22
0
37766905336411583e-22
0
6267901326850733e-21
.0011469449401602105
0
0
0
.0002882767578284984
1556934887503303e-20
11855939888505418e-21
31536467446358074e-22
0
671327221368756e-20
0
0
1309291528173162e-20
0
22576773943683293e-22
0
0
14158833423039141e-21
3327486169268923e-21
.0010286503960088567
0
29250108042333522e-22
0
11026788087065142e-22
30219825077892892e-21
9595128915407258e-21
0
0
.0004734169035600644
.00030668334500205674
.0010508546910159566
.0012521915669339023
.00025961665352269847
.0010417904802721978
.22976847400244083
.07176392079857408
.07462614983046478
.003260017368120316
.008077953138126759
.00010695818777151089
.008628924148069927
.022854716496283345
.00014288049591471008
.00023453434353370994
.016038668529233746
.015589289652041316
.0003514017549974824
.0006017284619304064
.0148185693395817
.012567843654323951
.0007382308001524507
.001402432602162662
.03704158129198731
.00017971739043787238
.00039884824876423863
.005039081848096316
38384420605552805e-21
.012020350192074147
.11997981149934844
.0009008655416522515
.011746348449548805
.02476039956184195
.005263940099609954
.000286594097602233
.2079317991277776
0
.0008025582773285578
.08587168800880818
.0001658649938462986
.0289867998554314
7335594713708815e-20
0
.000547355335996258
5475753953021467e-20
.0005856956557295234
.002060917989098243
.0006936516507494161
.00032039309330400556
.00010253764376955132
.0010143771695823034
.0010116266083315395
.0036783402842957003
615394840508543e-20
.03051843588605152
.00027488709366707553
.00027181563686440313
.002034764719155646
.1501269959175886
.0022500092423882734
.022305833320160673
.0005714696612102443
.009314713739001945
.0001632376325488849
4081711236381125e-20
.00021136363656637513
45931668822163374e-21
12294191122919074e-21
.00019083529844010627
1400077729840632e-20
19840905224555172e-21
7336790530132475e-20
6468767959688648e-20
11950641820135388e-21
6203799004822486e-20
21258252559164248e-21
.0001089332254053943
24910193516802792e-21
.00017575580463358165
3973655044831048e-20
.0032379332232892466
.0004565359411543568
.000425464594329128
.00044066225753169874
.0003573383790467233
.00021720851380280237
.000470793311777129
.00021669920266731424
.000469572709903332
7164550221716581e-20
.0005697186138746702
2106922025291169e-21
.00015624290658422524
5476160291095766e-20
.0002729083636268115
.0001850349844687571
.00024589242589456717
.00012420735997409338
.000384049054616753
.0001290872725405734
.0009924082847589943
.0008290143882732082
5799815028240118e-21
.0011106507610634253
.0001833296875730639
.0010681630161002431
.0002762011877450732
.00044399734254341183
.00034188147378699796
.0007163199053934477
.0006315879524692036
.002214123856703054
.0003076722988595293
.0034734483287195417
.0014689137001653307
888159995326987e-20
.000932390440326003
23852515909084104e-22
10047651514355493e-21
.0001683195666686288
0
.00010734770714293518
7843114673278251e-22
0
.00018041250126543673
0
60867121177921035e-21
.00015494931588477812
.0002886743869368047
.001368962227630277
.0001764452696306762
.0005133467808207115
5848977656341958e-20
20576265541194516e-21
9743223513680732e-20
.00015610320846803916
6729809864225444e-20
6702501011091044e-21
.0001882519716787101
.00024140054695465096
.0002051960746456416
.000317238515933127
4242589477598813e-20
5388126919569913e-20
.00024593439908926484
.00010180394684766725
.0002840825855798812
.00011449024128751262
12742194698489584e-21
.003538142654079479
.00040681295415367913
5649270065077872e-22
48044644657352364e-21
.0002707810225075491
.0008021007900822497
.002479385942038448
3648270741507531e-20
.0005332974281060388
26844919887025753e-23
2602988654132332e-20
25773844569698667e-21
16445089784156153e-21
.00019913046101294185
.0006000827062138114
14236687050583896e-21
0
.00011129172949608801
9005166658937469e-20
.0001758509795450891
15039401546346198e-21
.00020188827214440153
5186292625580791e-21
2527472555868826e-20
32562874110908524e-21
.0011383721225968202
.0002532976662479314
11386253760292675e-21
.0001817337211633685
.00014373908219056375
.0013545565186205977
7481048589852435e-20
4271355206242333e-20
11417239562661052e-22
.0002552454974562579
5604181112062179e-21
.00010247471496427352
2028927389119417e-20
1058300098577547e-20
21169729805592397e-21
2747976624561943e-20
26166802413740697e-21
.0007674622512325868
48016802608685794e-21
5667501454809099e-22
.00026548078331245506
.00013786261406778522
.00018956678644599378
.0004670520181093707
0
.0003645925563091623
7224298357755288e-21
.003487269604448784
6797258959068131e-20
2638126649401329e-20
.0002895161621694342
5155555862756955e-20
.0007189527490396586
.00010013463257507738
9698131192692472e-20
.0012959666701846118
11720786361024693e-21
.00011353588352847055
.00024134760650440512
6897518103698985e-20
11924445374233983e-21
4795912360577859e-22
.00022719399984794109
.00015648788863131813
.004623982008993721
.0001457375207678524
.00014829804804605828
.0001382937331300127
8607957782658104e-20
.0003000365812511063
.00022575356365450716
296864098459082e-19
.007536098251748058
9009880704979878e-20
.0001126967838871451
.00018912384464897514
384729290345831e-19
.00010317748598254184
38013740393694206e-21
.00032749904644902017
24671549127219805e-21
16926746582157648e-22
.00012763380030378357
0
4813270962245042e-21
.00032901565629117613
.0001080537169713125
.00036618831546775255
.0005882286826590644
20149260450352813e-21
13546263602393083e-21
.00017562092369871607
.00011343496588267499
6892928433899215e-20
9859192748251644e-20
.00046366976867773246
3710027608860855e-20
.000520444364539685
.00024382484649265734
2374852685704809e-20
.0011862937930260387
9455705509253676e-20
34540912139391367e-22
3312144113465365e-20
.00022112946129482225
3073165441946912e-20
5136973244646015e-20
.00658866045549189
8393840961673504e-20
6478526579201116e-20
8112749057431756e-20
.0006084376247343926
.00018912056343367567
22587496317783007e-21
3315546125293167e-20
.0022506779060336157
.0006095791528082373
.0001946948995623643
.00033954006123337876
.0005112259120352292
853721642073424e-19
92268557793318e-18
9265789219625731e-20
18225585833420155e-21
.00028363398003250495
6879426413775036e-20
.00035511794401088537
.003121857380875781
.00020639575512859665
21321657129647065e-21
.0005042660644392072
.0006756844996544942
.00012870645419127413
.0007588431345908475
.000782134014613689
8173014347789831e-20
.028922585782140686
.04826252287129762
.022904853034788175
.00015799356638979134
.02529459410840218
.00022763051896390607
.3903297881052481
.008440608553655693
.017560854212433696
.00036061225789296714
.043878539016816376
.03652414132602644
.0004400370104775675
.1752172193803858
.0015792639887024507
8854552096693169e-20
.00015233013598958678
.00044792737261900584
.17781863345592797
.0006242207068538619
.0016325136239885296
.07127644482045525
.0057898242865803695
.008248608515941669
.0014153757991266502
7902643692148104e-20
.0006104183024291387
.02431087363993356
799908296897911e-19
.0007007131702749803
.14458096095370365
.0001245903133764159
.15937756988640217
.0006657009674313485
.16921016119226806
.00029648038979246394
.031773766973344664
.0004818369396559774
.04521744907520997
.00037759687974414646
.0013531342632973065
.039573744092479046
.0003405919225372145
.10044977383992659
.0011270728480070602
.06804912101742389
.07092775565934062
.02488447131730709
983879732530113e-19
.0006183232103182945
.12045589126930167
.0003605179495309585
.00013630100509942622
.0009034593396819446
.0003622945407641964
.000450638831807737
.04135867514747815
.040483405508894066
.027914115166538522
.0026523130581495025
.02947546687778413
.009599895325322905
.0003574403943247262
.009845157654524428
.036059165398029336
.07108309610217134
.0004828593472296916
.0003254737147386777
.07325128912839318
.0002983675198606761
.0003788767420331851
.04176032280497566
.06417521577094476
.03189955614044493
.00017533809806025147
9625346939401425e-20
.00020826725166500637
.07718968125959691
.027285191483770177
0
.00233155806540708
4658154018954974e-20
.0001992006156115167
.00042252485060600975
.000117202975360442
8151881232265623e-21
7236069795624189e-20
20626129028755713e-21
.0012454821158769391
.00014419952002242553
.0001084564330824378
19881685986433695e-21
.0002709183562785711
.0002990906105679869
.0015187953999884485
.00011265230470769438
4719713132317338e-20
10639612838758694e-21
9421602651116245e-20
2506576637983926e-20
.0005728758777792109
6780067845113535e-20
.00446777489800354
0
.0005432773834286309
290770268804863e-19
.00010910748490289279
4218255588739339e-20
4818969452458077e-20
5722915622641267e-20
8776268870747117e-21
57313635082323344e-21
3342440660958346e-20
.06212187211087894
.00043940162385069925
.0001058706223631134
3365749239492288e-20
.000533179917837856
0
3380756976412158e-20
18954156317363413e-21
4538523245400938e-20
8399404698877788e-20
5094964006957525e-20
.00019724725027003842
.00027754509154931384
.0032695117241416938
.0007684081119805342
.0006453603861302781
.0002870594845063579
8426856709320418e-21
.00029056770445379243
4512026252712076e-20
.00026372478856728776
3762612965374501e-20
.00024257101948421678
11169250129228203e-21
.00018536911811395385
.00044416870157704125
0
19312125232318067e-21
35260419409155475e-21
.00022710329032804566
16422890340095364e-21
7474346193703241e-20
.05165443907597478
.00021794895404525505
15932701842302777e-22
8273893421062439e-20
6694931585116137e-20
.08227080142540899
.00019085453956790843
10946500111685964e-21
5935369232190624e-20
7346274016128973e-20
18379430500203853e-21
.05447963191426197
.00010254912939444694
.00032439860365229833
.00026126776765522663
3898476549579755e-21
.00043155148939888477
.00014127800844221383
.00030203881838986035
0
662058540825683e-19
0
.0002316171904226394
.0003415329120741717
6761737355986952e-20
.0021125733983922146
15208972953928424e-21
.0007247954800106982
.0006458093455421476
.00020619161894330773
.0002478208657663572
0
24305621337816774e-22
.0007296155315543729
3030952137805798e-20
31884434577023057e-22
.0002769117492675832
.00021949435044632537
0
.00038997534701934455
9643233937595141e-20
.00028134505345178695
.0003000040006213567
9592335283059583e-20
4827934282047863e-20
.00010430016314444401
40017462907826484e-22
8127585735451248e-20
0
19163083734952124e-21
5216711898015092e-21
5541785796481236e-21
4740710632233913e-20
48412463598879185e-21
7972346622864279e-22
2539927032785272e-20
10151885646791925e-21
11259520249495836e-22
8607836228691212e-21
20609655848602415e-21
.00016062287232898598
12170406506584186e-21
17916806470452684e-21
.00015255138561087733
.0001549650850307671
44053741277139125e-23
22501659756812842e-21
45384240365820006e-22
12322159790301157e-22
8971054953121893e-21
476315979796027e-19
25685905029604328e-22
8038505325203005e-20
4701144622742959e-20
8115925737683938e-21
23968959069975426e-21
2785957178730314e-21
1541105342539595e-20
37898747820008793e-22
.00011260012345815085
.0006447288110535965
7704577058120776e-21
5104401641631284e-20
637917281665068e-21
5941163735201371e-21
10092485950963237e-21
12950616365969836e-22
3524593823556188e-20
0
7228927431413013e-20
2842868696006917e-20
22081163891130018e-21
9027076274037427e-21
20283491323880298e-21
10952267501807e-18
.00022051355674079787
14496323615276197e-21
177763646860285e-19
2701362032553334e-20
3073013407117742e-20
0
36914913579266795e-22
13082923075558028e-21
4199331186782729e-21
30230290306576535e-21
.0005089327070066929
30279262709598243e-21
0
18220814723690637e-22
1439910860767668e-21
48748611753524074e-21
5731081632376345e-20
9740655020351596e-21
10332429781101382e-21
.00035548683625563626
9453528722858096e-20
445780399047635e-19
.001406641931652075
3917966399313855e-20
3093452329494539e-20
4646070351554954e-21
8856475182028589e-20
6959880732892998e-20
.0002812755854897375
.00012306450875243513
23054447609638373e-21
.0007666114038613614
1819634553612559e-20
.0002510257811820793
5712966515147855e-20
7148792407107862e-20
.00016255673083520605
.0012618711442113906
1194843438412363e-20
56896679900830804e-21
29449680987170268e-21
994776898011196e-20
3413298327714642e-20
.0001889797175742558
71203812126441335e-22
13743060094384418e-21
2393862720140305e-20
1628848053769616e-21
1528454436083848e-20
.0008964950190275545
6421281049284744e-20
21860262513939688e-21
3120272225487497e-21
41217839857665695e-21
3419697549134071e-20
105749057581761e-19
38266336744641194e-21
4842290714890396e-20
.00012895824738734518
7476468293532434e-20
37332522538235935e-21
29013230218311037e-22
2982395066197796e-20
23977147083797945e-21
6244644760045048e-20
7991037513477295e-20
6642495307573881e-21
0
0
.0003526011078278657
.00010682176416310085
3551430127402e-17
4455468898356685e-20
.00011730607316451369
3487626017673051e-20
.00019750074442015375
4315868820015112e-20
23269465998509986e-21
859791202358906e-19
9589997021208774e-20
.0006244205571519501
4258718004024331e-20
.00011480342505976182
.00010011863099634866
5219839479764232e-21
.00020728044355422526
.00560575249174633
.0020430477327098018
.0005621179668082732
717243905938858e-19
987707927890824e-20
1815176041475297e-20
12340548565248355e-22
2989828210786527e-20
3682868560161978e-20
7108956268098154e-21
7914226847560712e-20
7179807522561532e-20
2962395184624711e-20
7223147807877695e-20
17452607082191207e-21
6720700312712324e-21
.00014107442498811906
352794009330637e-19
.00036764653589216323
.0007606698316209304
4571279281151419e-20
1338758210067681e-21
.0024790845858291277
8888835581899457e-20
.0006022101914737732
6123208038388839e-21
.00021627103934918068
2072216481963096e-20
.00010734013247315488
14078394912075964e-21
.00010935040411652608
.0001756942242536752
.00022106789802478488
.0035480619228991372
.00020052422904370815
.00015869383939559611
.00023211868389694246
45517198600464326e-21
9368066228887528e-20
.0007270212866501424
.00024392544219153933
.0006372017096367699
.0008008094594629256
.0001025209426472884
.002735202019820804
.004867557125777466
.0019346904307013801
.010964490465212862
.0012055640294192926
.0017687565661077542
.011152727075611324
.0038443667429248762
.0003255845445835348
.0005504222540508863
.0028689053989126023
.0055730629709671575
.001673869749325263
.004918388731951495
.0030397049761177186
.0017578182713151591
.0007699884148166802
.0008633450622426153
.0005341320668890148
.006093445792089369
.0016007655696199663
.002699576149979066
11557076220469753e-22
.00010563540635644131
59949670330183835e-21
1133422088628322e-20
.00016130415743020876
4853964860274118e-21
.0005198234632217691
.0002439969104024442
.00014169153268994705
840801116552825e-20
1205419977168276e-21
1952065868238151e-20
.00012785022683203806
27183673026343058e-21
.001763940538566544
6787375252770289e-20
6370915981790404e-20
14633313455192365e-21
30127271500646202e-21
207942746968115e-19
19286304322463366e-21
39536653751781614e-21
.00024395342984462332
4530539342795237e-21
10033383858853995e-21
.00022742133164399547
19029894318123297e-21
17022909617026016e-21
.00019229327466518953
23775700057626636e-21
4862760064838767e-21
.0003153393235351132
.0006857359581573519
9857958588099791e-20
0
.0006073606238885532
.00020224754777586895
4327012413796183e-20
.0001967975536558697
.0006173369252735483
.00016991161020030177
7930249167031889e-20
.0002124720055292073
.00042367491474237795
.0001458878068518743
.0005892751903786575
.00017623878555639294
21731259764123934e-21
8869209963791036e-20
2604844861764377e-20
.0010024063008273743
3894218176014874e-20
12993921231441163e-21
.0001058254610484255
45993299494284656e-21
0
5380282061651087e-20
9422366842670726e-20
3390797373015175e-20
.00020038839795688546
29922698061568553e-21
.0215667106373445
0
44502296660198226e-21
53486629610688396e-21
9874019137612322e-20
.00021515113849090994
.0005722977710433952
0
.00015136329029985518
2890771696684169e-20
6720837426144044e-20
0
6579236806203426e-20
0
.0044592078860290485
40303867265834015e-21
.000528931637930441
.0060656373403844555
17047657649982284e-22
6082156383513393e-20
8887855558725732e-20
.00032509642747413636
.0029180307578684506
.0002078243774690236
.00032876969342510165
.00010100534316848098
9888580687800186e-20
.00020344021619678188
6122034588429415e-20
7257013045602889e-20
.000150552178382668
9669503275233637e-20
24151362566726675e-21
3192873279544983e-20
6074792025856368e-21
.00011284569286829083
0
7337690824726906e-20
.0002699272807547004
.004624908213827439
.0009874399270728418
.00021483458604620864
5085376244551298e-22
8006396268456228e-20
9328369884542553e-21
.0002490215809842766
2476271933460339e-20
.00015144844337555696
.00027676668149467787
9973108660688013e-21
.0003770763584469705
7671561253630443e-20
.00012697098902947346
.0003203695508631199
4597555403051956e-20
3648464524985684e-20
.00014499507150844693
.0010482160262910156
.00026354286528373905
.00031530126777568057
.00025659085264351233
0
1998850473228231e-20
.0005594273001747752
6989977488558452e-20
.0003298179029656012
7244217709967415e-20
1943319213637551e-20
.00027859342176839164
.0001467150696612407
707890042406234e-20
3980413595172649e-21
.0003687410924442247
9498219034753674e-20
9491983703924234e-21
7546848944173234e-20
12513700639260605e-21
6260269917390815e-20
.0007141023254462198
.00047766865540666004
35240872350073005e-21
.0003345091169251191
7988555020688182e-20
.00011274752917245223
9251000334131732e-20
20609673143212603e-21
.0006401386374648155
4346933404519859e-20
.0002142674039475878
3492790141024216e-20
59130003208451853e-21
.0002463975715443212
.00016233978772106639
21634728071262543e-21
6702803423763726e-20
.00033128336355048305
51147621633163e-18
.0015518428282064178
.00025597977635527513
.001079638470145028
478774058478848e-19
.00011492281024061413
.0006252865458691304
.00010302118926119874
.0001720233915989411
26424122552271e-19
.0003261189169307954
.00010295194414311482
8116140718072984e-20
.0004672167208070732
.0009341471803310242
.0003896542800134739
44852995515043403e-21
3113512080687997e-20
.00024477167787040344
.0005083393380260759
1318725850296687e-20
45697267395894414e-21
.0002110405934558912
3949933216063073e-21
.00010522843807336812
35039288391658374e-21
4173947843355563e-21
23743516692320554e-21
.0004900830841876314
6015334562903263e-21
.00011714093780312851
8345757115080232e-20
.0007161769072610014
4231937111853767e-21
.0001499924067189795
3638137648920292e-20
13638343929756047e-21
10799384426718461e-22
19049253694447543e-21
9642721288116718e-21
0
4560731792224715e-20
15553473360796488e-21
22226579147854864e-21
32961047899959794e-21
9150037378446996e-20
388924388516898e-20
39732081901888705e-21
11550067029020283e-21
10513146662560757e-21
7211027410392035e-20
20599335300630628e-21
26412193705027676e-21
5326000689365173e-22
6675730124072743e-20
0
3278768747350114e-20
0
5588693355207397e-21
13916350951603818e-22
5279389391432687e-21
29883972139543857e-21
1341739984184187e-20
18848415550110076e-21
3669198532918472e-20
7438297046746811e-20
4665162578021409e-21
35471094790295865e-21
28577090603221222e-21
12412424325702887e-21
54272800895205364e-21
3502164874191749e-20
12311527513020337e-22
8282466758657847e-20
837213287496752e-20
.00011966850685496411
818422595756374e-19
1909108566167106e-20
5308788146862753e-22
1419560305748746e-21
8758046021739574e-22
37445481211761944e-21
1343151750177185e-20
.0001270844011358463
10252198276106128e-21
3404367892301252e-20
12788858796852764e-21
.00015762023316767682
22341762857536196e-21
39520921987445945e-21
.00024314555869864307
.000776828806678509
.0003590008042237969
2107547375373997e-20
.0007434152797998195
.001121118631502327
.0006036363727162097
.0003884089518635392
.008804197050736207
.00012044360556728861
.0004968224395440757
.0022918353844403327
.0014282440280055653
.00013984884688511556
.0002316454950204161
.0010621389061924447
.0001484821777353318
14144147030492604e-21
.0002706038811908229
.0008623120281043839
.0003758928941834938
.00025670660052412586
.0009993846749125623
.0001954377499231441
.0032444341957500455
14420849893781451e-21
.00043054272013876016
.0003870445026876723
.001218419555868877
.00015057178302413377
.012309496315978663
.00027210854972281595
.00035277699903701887
2989283146348498e-20
3815649598948312e-20
.00020003845774851925
.00018399417901093784
.00028331859738273124
18341701107260633e-21
9372191777856642e-20
.0007950608576692275
.0005503741163579434
0
.0005837612056041053
.00033780090363677573
.00038087216401549995
1734611586812207e-21
.00040586100683981385
.00023682940532410157
6276575660990602e-21
.0007160405616133403
.00036220874484627075
.0008877333499839324
.0003924375704400518
.001168979291989558
.00028359011155032476
.010920520959871283
9999517489234222e-20
8914926124248268e-20
.0008342509360943495
0
.0002682778758611448
.00013256007923700963
2459110883989979e-20
.0010486696438789522
.0006649663364441949
.0009299299096738878
.0003079603042550616
.00024472393144492344
.0006437478057534918
.00228564992468705
.0008844415917650394
.0003032630699379979
.00024047897080947678
.00044847981610018905
.0029676469498269853
.0012607770061094925
4444957752980372e-20
.0022963684794206074
.000975188574244612
.000318687421426489
2573005797046335e-20
.002288532593880177
.0007941360473040504
.0009022205875623968
.000398742252144757
.00022886784768161306
.0007781144545333518
0
8359369853394583e-20
4853831924833685e-21
13380779812166566e-21
.00015592015760290678
.000113167717614715
6164814929832119e-20
8151743206497031e-20
.0002322724727861214
6595293156408388e-20
13754472547589103e-22
41397406505438994e-21
8422722004297611e-21
.0013335105884806353
4096081113402761e-21
.00012020393596401391
23285630319946904e-21
20297223599641256e-21
6825964204892898e-20
.0001672898235796083
34364733025427086e-21
10114733397514897e-21
3564657415466854e-20
.00024022923994948542
51176851002310286e-21
.00010146920475051502
5372882108645172e-20
9124190455622738e-20
6541346344590693e-20
22681753481634814e-21
0
2555105776025357e-20
27216741131042e-18
4207091173213939e-20
.00016951180626278983
.0006711759017719032
.0001638117110900339
5438698181592372e-20
0
5310418558224228e-21
28748026878133714e-21
9553433807241163e-20
.00010328690662220197
.0002916634768297399
0
16489358841909052e-21
.00034163322591496126
575226776220461e-19
46864535079294e-19
.00019592129615375597
32422207752347276e-21
790880316969833e-20
0
3056184429794939e-20
.0016468707046612963
0
36611557320043175e-21
.0002864302696394816
40393240610114844e-21
.0001309845163746104
3874737615205959e-21
.0001214652664600635
5652297672043005e-20
7504223447085678e-22
25506021234633636e-21
0
.00018088346860167803
7475642007648275e-22
6468573985785042e-20
.00010699982937012464
21252904971902353e-21
13641945074027717e-21
0
0
6297668892329966e-20
7863489167903026e-20
.00015793631206406644
39240494132286585e-21
33828764443910586e-21
.00014547720194002522
14277574479137911e-21
.00015201880304971382
14777590649828198e-21
2752226542668268e-20
6954197974096132e-20
.00039934258332152694
3951710525029739e-21
1571704149228026e-20
7308048381560184e-21
10702089923597669e-21
5106532685772436e-20
1695953976366127e-20
21165207115814155e-21
13656950912377397e-21
7987798798581025e-20
12136002567331161e-21
.0001755882154839128
4159073404252922e-20
4231288288281121e-20
8817503811542338e-21
.0007006383251138004
3414059949591319e-20
.0009081344385606371
.00013635502260456178
19268986875431438e-21
8051597254166154e-20
.00017165696056054003
.00011104184903842906
9147258595021412e-21
5683293318270444e-20
7790332746537842e-20
34237989723351347e-22
.0001233718204645129
.00046042054817974076
.00023663310734889365
57099573808727655e-21
.0017685954941981663
7822430005433034e-20
.0013961010104566185
.0007343576857010703
.0003503912123932196
.0018165777587171306
.00011621267609029928
.00021858905226679326
0
.0004065477349115554
.0011224686931825545
.0010203096344838514
4552242324962208e-20
.00011473577706055949
714267074926056e-19
.00034962711018238224
.0002840434126767377
.0005297013324394584
.0012873858282631545
8403037355719789e-21
33354633004023526e-21
.00013053631536763532
.00010700063343449528
4588455284704196e-20
.0004497183113869596
3534291242601739e-20
.00022076134216320042
7504371183131298e-20
.00011134485286845575
5039604799605968e-20
56981181842274964e-21
.00021933221019310167
.0012720047251946198
.00010008646383141695
.0004874812525628158
.005647794717532406
.0002544889152318319
.0002596741933444946
.00040031522836159183
.00016033160876816055
55354306127242126e-21
.0005457568057920525
.0022486244392183607
2017203101445375e-20
.0013283166974673577
6819871701679858e-20
7591886247837465e-20
.00011971084812500976
.0002684198593954079
47387803874698875e-21
.0005803782527067369
.00027698525383357264
.00016446920707835488
2123740527792961e-20
2566265162329273e-20
9109418608943542e-20
856804129369948e-19
.00039013914462771027
.0006796993868931622
2046416943812801e-20
.00018208054926560635
3143248173387292e-20
.00010017120342808994
.00033531199549940993
.0003579036690268822
.0005079909747109923
18727008836094683e-21
.0009215270524691732
.0010141271734056545
20895632957262933e-22
.0008398890006020565
.00042718122564622263
11982256737042007e-21
.00019300190902526992
.0003123184674791446
.0007417793202506573
.00015591780066870342
.00016595113815753848
.0001761230426353677
3494812754922805e-20
18215946937516492e-22
.00024117873057605266
.00016193085214410985
.00012625008317002084
.0009400233363265897
.000565924521879424
.00021695746110594882
6321764033145882e-21
21809765328839603e-21
.0010196148128329696
.00014757422343336657
36940648797667563e-21
21911706923560814e-21
.00019828944101618617
.00023524442553934932
8015422980633957e-20
.00018819671251435466
0
11800905681980112e-21
.0003037868727346904
.00032128340659198784
0
.00036409760774347433
.0003641518207473382
4123908709630086e-21
22987507563243526e-21
.00012164673645997937
15639893348406986e-21
.00024074820152009124
809213722163804e-20
24763406301531177e-21
.0012194670594283252
6207464366525528e-21
.00017946937856549994
70588685872508e-18
7490325799608399e-22
26170036861117296e-21
10501332738499514e-21
0
.00043442591658049423
3701132716571465e-20
6306976843006851e-22
.0003962398331367467
4711198144491391e-21
20777579265995882e-22
6498023537915287e-21
4635176199485613e-20
.00023415481270205873
.0002143948577923993
42209236283952123e-23
16778551795937346e-21
12219009732916675e-22
10275350732058541e-21
19288227292690863e-21
6549838538205677e-22
24621162282301157e-22
4638058328509942e-22
19533985238240348e-21
0
26400909149515428e-21
11945449342576353e-21
0
17859597292613216e-21
0
12262511731364611e-21
39872212198588386e-23
.00017268380102564151
3933152228796644e-21
0
1718931067884455e-20
20045167730131652e-22
9842851626729043e-20
.00015452005561655824
8075483108882509e-20
.0003075251346871255
.000259659550678748
0
7126080211605768e-20
463616530055333e-21
.00012168800132883462
1977392466301353e-20
29830095300553694e-22
18669171879537316e-22
.001734401666794838
.0002695965743555462
.0002496543465042578
20320494940051503e-22
0
44655108368374385e-21
7486649465704431e-21
3708652300815629e-22
9194097856379813e-21
17594368841855612e-22
0
59092741189203934e-22
28489964654099253e-21
.00015298210463754458
.0001108592434206912
17924343055142344e-21
9027952273754636e-21
0
4180559822941632e-20
30359885997199854e-21
29372008697237106e-21
6693920497014005e-20
5653936696603523e-21
.000433283541198648
8573690220714525e-20
2009307394246207e-21
.0003781096079080726
.0011656346877089163
0
.000188561932688458
38689075651632265e-21
2058583220332366e-21
4578050497627828e-20
.00011179942593741998
.044155038195668794
26505769511686594e-21
0
20123952239714527e-21
11359344696870721e-21
2173218973666735e-21
.07063565963471774
.004929453805232242
21400716434527567e-22
.00019380180523853596
.06956387155679522
12229366006977216e-21
70604109367877754e-22
9409412783156768e-21
13305429661158996e-21
.0005162594164147549
.0014211767513501172
0
.0001951115462617281
.00022562174309825878
.00019875975374361587
.00855112600817165
4365356704738588e-20
.11047317180384653
0
41271525191177716e-21
.0001304234315142594
8354296653578785e-21
.0007830589899526785
.0002416113811420928
.00012385666173031495
.04748446329458034
.027543322170856754
.00026348526149888585
.00028348240979880757
.00019550646788957238
.00012517537467715556
.00022482502910747826
.0003125886359072183
.00041008339286463524
.001365670440861777
9588348171973848e-20
24127606707224913e-21
8846135878570749e-20
.0001871942142770422
6708591361359595e-20
.0003799143860021559
7777631104488592e-20
0
.09653007139306169
12277740111699131e-21
23987481938547717e-21
0
.00014724866660742464
21219116575821317e-21
.00015234923279194845
.00014192278636926403
8963992328858694e-21
14543450916448819e-21
0
0
2679547144168737e-20
.2143861570651211
16408180556481966e-22
5522711835226346e-20
4099929745393638e-20
0
.013018335948913773
0
.0005124310266637622
.00018793780306225472
0
8610259229158146e-21
.0005649535099081504
232229118921623e-19
.06501537184865924
0
10974314676559516e-21
.0001830840099330544
.0002912034398008245
6986322239654896e-20
.0007847168977406227
14155990868403023e-21
7499674367750231e-21
1048958469596073e-20
.00027142305272320755
17080551558024126e-21
.0003399498074649898
4752141452968317e-20
.00031953091789205246
3791921855622604e-20
6367687362285324e-20
.00011385730412882822
.010063379519849036
4564743751700462e-20
11016167835720125e-21
.00016295123359100216
6362723283359628e-21
.0006840227760278594
.0027567725229857842
30175710037383396e-22
3227542237027592e-21
8825749354457457e-20
27336617037576616e-21
.0001380413561662408
.00012912150120314436
9659592134880768e-20
13441431320870834e-21
12439620562076925e-21
.00010288826234727821
.0004098026068248828
.0009283437299956177
.03408296523821264
3596538617500755e-20
.00011153249739948023
.00027643842922486783
0
36810583310398215e-21
17539968172997078e-21
6328303868485818e-21
12498684469619548e-22
.00023678149010208926
6504130549700449e-21
.0003043057852067932
.00135957074942894
23660586762730418e-21
20415997923350915e-21
.00022105064995514567
53550981434113964e-21
1125040093086227e-20
8629265840909284e-20
23200706252168857e-21
21456532088848235e-21
11061068519779838e-21
4526599590093383e-20
687458181545253e-19
17623006321798584e-21
9613908130035043e-20
.0002516365971985124
.000553491675901796
.00015421211863042572
6036279827981161e-21
.0001232159187054549
1951024313484595e-20
666003263205539e-19
1374912957885499e-20
8128592706135862e-20
4785004023233341e-21
.00034385514308610254
.0005081198194005765
.0001454935015914316
3173544499190939e-20
.00016808255979583464
9177758154521598e-20
10064697022471591e-21
11615568794809406e-21
15087976805716607e-22
.002192561196523002
3622301946393236e-21
.0003190106330777098
.000100246787354763
6902405872466488e-20
23216915550960948e-21
4737874487403815e-21
.00011917705390374067
1784888106826088e-20
24849504711710324e-22
.0005219714256412544
4580104008766739e-20
.0005163276470199207
.00032524898266217406
.0001072274808535667
.00033609328050943077
.00015940915813672518
37792136122760667e-22
1531935023990627e-20
33888512774638e-18
5362708705547448e-21
7792029353481666e-20
.005994161915538143
.00017781191019139442
31913185139842426e-21
6451566264331632e-21
.0006729161340075507
359325438452629e-19
.00023531777198115833
.0002954512412713939
7095053307182297e-20
29700642372176844e-21
.0006721839963717002
.00011784978022433279
.00011570550535111579
.0002132836355457357
6656144137195952e-21
48422754403532053e-21
.0008619917949772571
19798832241235687e-21
8877285260666667e-20
.00010903377439319684
.001913728425336103
3795478671975161e-20
.00047646237555909465
1879553138905976e-21
2274834741911036e-20
.00030602146014757636
51271493646254385e-22
.00015799040936315123
6081310640126958e-20
.00013205310101227496
30180916326116858e-22
59127383735813055e-22
.00012101917872087142
42669557842600625e-23
8767922783192716e-20
32850833434849847e-21
7982067178602392e-20
6240624827569263e-21
5721497871036263e-22
625400335110271e-19
6730151071110413e-21
6359756476115308e-20
7866929962574432e-20
.00044370139845284484
.00014623678998759715
.00023418268021657695
.00018536461404039528
27836684800774947e-21
4404075949082653e-20
12713103743067222e-21
11833864718369114e-21
.0007013315758932492
12701067269915711e-21
.0002869723274017133
.00042247382579319037
27229233836578715e-21
.00022601146115164283
4699586030199043e-20
18379748301100562e-21
44097594880554425e-21
.00011157462085975567
7439125482733289e-21
.00022122526586088043
11242296082514258e-21
8327944193098347e-20
.0007309749642132601
0
8277009986557005e-20
4665727051644808e-20
.0029626559008306685
.00034135189927297915
6397395500812308e-20
9348272428155724e-21
.0002644363118946558
15240309920727668e-21
7328659670235993e-20
.00010864967774182333
.00016672079800628126
6716850896282267e-20
13228846320600951e-21
.001077508226742907
16793398501135925e-21
.00032241689345369196
.00028920148081112984
8076164557024867e-20
46386518448571223e-21
9622280211374346e-20
13123340821152851e-21
15230094774665304e-21
.0001031319733044711
.0002015638304442291
44489792728086286e-21
190641684412185e-19
3081765746060228e-20
4283770434199141e-20
3001339064212516e-20
.0005559410431317247
.000996982405183644
0
3030212695875889e-21
.00029355873664371757
4166181182085893e-20
3515287176014681e-20
22106189263126907e-21
9954407497048123e-20
23448185316965464e-21
1914457580198814e-20
2000097084930985e-20
9329875553021338e-21
9211103029826972e-20
1778096705606913e-20
.0004974914512558826
.00029760045902094134
11727839520858652e-21
5156345726220479e-20
69370188811035405e-22
63815990358762065e-22
308338236010286e-19
9422483650212143e-21
.0004733440966191438
9291817221424026e-21
70184778877546705e-22
15259629449815293e-21
23326472415874377e-22
5769701333235844e-20
6861630498633531e-20
.0004983809436822639
56081450168221636e-21
.00015292314910198002
.0002558554241005595
44722343290004574e-21
.00017194859103142335
.00013277998381511225
.00013104454031065416
4624928999419353e-20
.00024312368699952458
.000285587295806522
.0003187244131765965
8243153261844327e-20
.0005567124161558468
.00010049419522317748
47203646772686625e-21
8769710196077085e-20
.00014249132922827812
13614519787097379e-22
.0006861418802230901
.0003420865649843563
6744929836699498e-20
.00031942799657258547
.0004151458609413794
5799264759787093e-20
458821281767996e-20
2018385188762295e-21
.0001152453315285129
6570579503772933e-20
.00013304538580882763
.0015301366857585208
.00011183937181158399
54816222885278876e-21
.0016791953878936283
40008662807622386e-21
27817014299102993e-21
91229673273574e-19
47971581153660736e-21
.00016496129522636238
794603092089119e-19
37943324628031405e-21
3463818647730932e-20
.00013720197206623652
.00011573801587871912
6880059667935257e-20
.004989127142550842
6998832645876973e-21
.00014591608456271388
.00013998024677164267
.0003302008748988783
.00010837077373082593
.00014054313733424806
.002342795286949695
.0003652146391743827
.0006566992391725535
17099588831115398e-21
.0019536776168678216
.00012095022538005651
8114528851876912e-20
690136002390318e-19
45689112823765754e-21
1897399836536806e-20
5014847718598503e-20
27424511884532876e-21
.0001473737638093553
694072653288913e-19
.00011400582094722722
.00010058361648646041
6371898530233011e-20
367925288742299e-19
.0002279172687025266
.00011206914869887896
5881925559947376e-21
71806118484119e-18
5509678679516128e-20
.00023524526949358915
35088594998455847e-21
0
.000365681485519076
9886906417477803e-20
6940175140357496e-21
5952922506935465e-21
.00010170685496291298
18752782722231132e-22
1059608152331748e-21
9148553203885967e-22
6103449911165626e-20
9645850649064869e-20
3353192610688893e-21
20911593139771867e-21
1229812929182117e-20
5375995151268853e-20
359187916387782e-19
14533307393094219e-21
3209880895838069e-20
5343182380102007e-21
32001017444827085e-22
3157828274424901e-21
7653423737963294e-20
10513190858318922e-21
.00012214896882767334
14001756483139616e-22
3679979134574296e-20
24759761231507582e-21
.00018887470103834403
.001956734357960954
37077086815884286e-21
58930441994675675e-21
21548375443103396e-21
6804830448459143e-21
12590919482136087e-21
6435073146349168e-21
7662008434294876e-20
15259118910648795e-21
5555678995960989e-21
21824793890345973e-21
.0022571483629860722
.00042593079187724925
13089533183574531e-21
.0002559041732439482
.003702700554768512
.0001776500385375357
7689352619877354e-20
.0001260052494131969
43891136428442223e-21
29633543064733203e-21
9951961473575466e-21
5297199683695908e-20
14147952114740292e-21
17731594283532104e-21
9600551848620853e-21
.00012156244034144947
.0001696199985730118
44978923853022934e-21
5233682250604943e-20
33784083086629835e-22
31106040552231207e-22
.00029576508309503424
16482308879517404e-21
5457819298726463e-22
24419575666456694e-21
9052786111851674e-21
6250996348455828e-20
36769166214867255e-21
0
7997198409270823e-21
789606911411056e-19
.0003229798682298224
.00016256843778705843
.001009739123432496
9294484898703104e-20
9911498892734016e-22
.00038567858328519833
.00035883478251719225
.00035365217773630775
3866216673031886e-20
0
2408630602701578e-20
7257977230779034e-20
0
17242367860603736e-21
.0002971253670267515
.00021948369051472127
2503167704048792e-20
42512213497047924e-21
9642657381903064e-20
0
0
0
.0008648899414822608
0
6847256393882617e-20
.003483340301400517
0
0
0
0
0
0
.006713372714031607
0
0
3916896346822796e-21
0
0
0
0
0
0
0
9014604199819587e-20
9973755592795897e-20
0
0
0
.00015994482392045484
0
0
.006259629496625507
.004112364028401316
0
.0006308084488040322
4293826947332491e-21
.020476838371266126
.005001424365545404
.0005771599707884434
.00021799202158945263
.0003700043706089673
.0009506578962827916
.0001246466819395664
.00012653955302255326
.006479076477390322
40339350903195736e-21
4898295171074096e-20
.00019608784126035061
165555207551904e-19
.000233731065009124
4757364877150394e-20
.00047547691087856947
.00013392365566744502
.00039005737437491916
37415174872990065e-21
.0015327438043755137
.0012924193754884072
.00015263713294189074
.00010429834992464748
.0001422200346610225
47696775311578676e-21
.0002565182882818817
6318332427213136e-20
42330002429480373e-21
3296344588932243e-20
.0019139087780217778
3266539943069802e-20
28638121492008395e-21
2029199866626641e-20
.0002627676928455003
.0037773154301561362
.00017356256053346897
.0018145469242938361
14872149122879819e-21
.00035303296624533687
.0001531157931111693
.00013778316071011432
.00029694832835502893
6228647777106744e-21
.001580566831293595
7002308468884166e-20
3102289340972675e-21
.001222653886472358
27803953173588525e-21
3804139751650837e-21
31055376297217663e-22
29985376670538244e-21
7748287330855419e-20
6279380997398221e-21
1556189306484157e-20
8858713472648105e-20
14079147021561766e-21
.0012987247495317433
14614644754828987e-21
3588889667582862e-20
.00014149676997021743
.00024969728504231625
7208797224222963e-20
10961077336446579e-21
6086241967295791e-21
.00010780104804553048
.0002764681501474797
2913405411675285e-20
.000668730842320997
.0004441738622062985
20303212508565593e-21
681084529077225e-19
705165141141606e-19
846305685797688e-19
5297700728590371e-20
9998056634685781e-20
12237121367775217e-21
979403729530759e-19
2523498976358951e-20
.0017339464079526579
11337048974269237e-21
754023143088034e-19
15236100821880427e-21
.000114773708801863
2310138351901969e-20
5883546094764824e-21
2207363650086336e-21
0
6077788853531274e-21
12679261217840576e-21
.0012819504452608044
24078837398633368e-21
23977423552423716e-21
11517673755179203e-21
.0002733415437461417
0
.0030394074024684414
5425754577004227e-20
7753583224712202e-20
10712951933555814e-21
.00026340837432314856
167352560680456e-19
.00041446668249989216
654560360828782e-19
3093228090733646e-20
.000367047752646954
.0003194173153815427
7008563876809148e-20
.00035950590287825435
.00014344478337591227
.0019483722712436702
.00041024140031709067
37164451228477446e-21
10824089855532293e-22
.0001989964894022478
.0007198287275969051
8584546918655178e-21
.0006455217447154382
17858184378383157e-21
.00015113783523190705
.00031787940081073884
.0010528654476189558
8412046635442039e-20
15101502782499665e-21
.0001264924766957165
.0008117023956657476
.00012815129259990954
3327767132077497e-20
6154580985651137e-20
.0017909601118617502
7655962390629156e-20
8658569639408142e-20
7239953217208495e-20
696784842375564e-19
.000440968217432669
4374285815345047e-20
45993794785204045e-21
5705021357016449e-20
6373048587704488e-20
.0001687053172645392
7296203548889935e-20
8811566961242079e-20
.0007056575078365768
.00024345219785004701
.00012880444882057418
.0002922514120342612
.00014178410424392496
.0011194550341286913
4802443007179136e-20
.00022039143331653577
.00011958464692440884
.0014094758221006032
3211679968728731e-20
.0005355565654241445
.0005032857797147017
17792207330558085e-21
.00013736162344457625
.0002112443993951274
4121649899957447e-20
.0001906714886104055
7062417300573998e-20
26750296328259537e-21
.0007111392452543441
3941545645602673e-20
.001099063749094853
.0019144394242687213
.0003118677717139917
56954491086003145e-21
.0005591838872049948
.00031263069429599
4724842757930503e-20
29407132657865986e-21
.000460933328170654
14479747235895957e-21
9346274206833982e-20
3484251071483868e-20
1215741434634765e-20
5649325601808641e-20
718425958723401e-20
16625182439611308e-22
.0001242912092465076
47189906808853266e-21
7359094009018463e-20
19393003142909038e-21
7585795643194615e-21
4554962870884083e-20
1267564869067428e-21
11681861593615395e-21
17454661971783025e-21
6622241733111878e-20
13042686774156209e-21
3713567743091062e-20
39150358432493704e-21
