59.68706582024153
104.36270564917359
931.0079438115692
372.06979346959344
1814.02984945738
81.9646645766702
41.8441305160522
-2.166940717943144
-85.02665560022808
128.88013823467134
287.4920510186483
1213.667823788398
164.18166983554724
188.65513179602524
522.9717676255236
192.6252159861009
11.389305849541499
77.02935071703654
90.37613953817277
72.14960058918136
238.97962508541377
330.408723965122
185.16817389886234
1468.1933429694748
52.58652349682973
1028.6434601004278
163.54900878032532
521.9165051651004
637.5142231320864
141.97507295130566
51.302364959348495
1521.4686086953293
1362.5982157022827
178.989531020111
245.52099755377375
334.3320044121505
467.2518214855815
313.84913570020365
18.344933400924383
92.19715506568483
585.8777756143588
247.63312192135777
350.98143266516314
1672.4039533408356
233.07773424623736
138.68995035320955
258.1510179897798
285.8763362485623
434.0524823937268
