56733.45293
0
2184.71498
0
0
0
414.8193
1341.24907
0
0
483.95585
56360.11556
27958.82082
0
0
1562.48603
96445.48725
0
0
69.13655
0
3124.97206
0
44703.69323
1064.70287
0
48575.34003
12734.95251
1521.0041
0
0
41.48193
27.65462
746.67474
235.06427
12320.13321
691.3655
152.10041
0
83115.96041
0
0
0
0
1092.35749
25884.72432
0
110.61848
10688.51063
64172.54571
69.13655
112568.13071
0
13.82731
0
0
39476.97005
6153.15295
0
2806.94393
34111.97377
0
3968.43797
0
15237.69562
25317.80461
0
0
82.96386
27.65462
27.65462
235.06427
0
0
3111.14475
82.96386
12333.96052
0
138.2731
0
1521.0041
304.20082
0
84139.18135
0
82.96386
0
719.02012
13.82731
0
0
193.58234
0
0
0
4092.88376
9720.59893
0
0
331.85544
566.91971
0
22344.93296
0
0
0
0
2405.95194
373.33737
152.10041
0
55.30924
815.81129
54272.19175
0
248.89158
48879.54085
0
13.82731
0
0
0
126837.91463
0
1023.22094
0
0
193.58234
2627.1889
0
0
0
0
0
0
0
0
0
0
0
0
27.65462
0
428.64661
0
0
0
0
0
0
0
13343.35415
0
0
82.96386
69.13655
0
1244.4579
0
566.91971
5558.57862
235.06427
1161.49404
4618.32154
0
1230.63059
14532.50281
373.33737
663.71088
1659.2772
124.44579
3401.51826
4258.81148
1327.42176
0
142794.63037
6319.08067
387.16468
0
4632.14885
7784.77553
0
41.48193
2986.69896
10439.61905
110.61848
25041.25841
2779.28931
1866.68685
7273.16506
23381.98121
5558.57862
63619.45331
2516.57042
0
31636.88528
5475.61476
359.51006
8794.16916
17256.48288
9623.80776
20962.20196
622.22895
3166.45399
8407.00448
20422.93687
22165.17793
11863.83198
2475.08849
691.3655
22220.48717
2115.57843
14117.68351
1092.35749
1686.93182
0
0
13.82731
0
0
0
0
0
0
0
0
0
0
0
207.40965
0
0
0
27.65462
0
0
7577.36588
0
0
0
0
0
0
0
59319.1599
0
0
0
276.5462
0
0
0
0
553.0924
0
13.82731
0
0
898.77515
13.82731
0
0
0
0
0
111171.5724
0
0
0
0
0
0
0
0
0
0
0
0
6485.00839
73658.08037
1562.48603
1161.49404
4894.86774
1493.34948
1202.97597
1438.04024
165.92772
111337.50012
21183.43892
0
0
0
221.23696
27.65462
801.98398
0
0
27.65462
1037.04825
0
0
0
677.53819
0
20146.39067
72109.42165
0
0
27.65462
221.23696
55.30924
27.65462
0
124.44579
608.40164
6291.42605
55.30924
11850.00467
0
0
0
0
0
1714.58644
124.44579
0
138.2731
0
732.84743
96.79117
636.05626
857.29322
1769.89568
0
43721.95422
0
0
566.91971
0
0
1009.39363
55.30924
37845.34747
30558.3551
0
69.13655
1244.4579
96.79117
0
483.95585
2226.19691
54631.70181
27.65462
857.29322
967.9117
0
0
0
553.0924
414.8193
0
13.82731
0
539.26509
2143.23305
0
27.65462
20201.69991
0
0
82.96386
27.65462
0
318.02813
0
0
69.13655
0
27.65462
0
0
52281.05911
0
7342.30161
4397.08458
0
0
0
69.13655
1327.42176
0
1576.31334
41.48193
0
0
0
152.10041
0
0
967.9117
0
0
138.2731
11476.6673
0
151409.0445
0
21058.99313
0
1341.24907
2074.0965
0
0
35743.59635
0
0
13.82731
1963.47802
96.79117
56996.17182
82.96386
0
0
0
0
290.37351
0
0
0
0
0
0
3982.26528
0
663.71088
0
69.13655
5710.67903
0
0
0
0
0
22275.79641
0
12389.26976
1396.55831
0
12430.75169
0
0
0
13882.61924
138.2731
0
152.10041
0
1161.49404
0
0
69.13655
0
1092.35749
0
0
0
0
0
0
110.61848
0
1783.72299
732.84743
55.30924
0
138.2731
235.06427
93707.67987
0
0
2502.74311
0
0
0
0
359.51006
0
0
41.48193
0
0
0
262.71889
0
0
0
262.71889
27.65462
0
7148.71927
0
359.51006
995.56632
0
165.92772
0
16620.42662
79963.33373
0
0
0
0
0
0
17422.4106
0
11449.01268
221.23696
1216.80328
41.48193
511.61047
5060.79546
2143.23305
0
1465.69486
1811.37761
152.10041
0
0
6402.04453
4770.42195
4203.50224
318.02813
207.40965
276.5462
0
0
27.65462
248.89158
2641.01621
41.48193
884.94784
2862.25317
1078.53018
304.20082
0
124.44579
2198.54229
2571.87966
2751.63469
5752.16096
0
27.65462
566.91971
1617.79527
82.96386
0
4355.60265
27.65462
331.85544
9720.59893
0
0
608.40164
0
55.30924
0
3028.18089
2322.98808
3277.07247
0
0
0
0
0
100967.01762
6388.21722
0
0
0
2281.50615
41.48193
0
0
0
0
2018.78726
0
0
0
0
6070.18909
0
0
0
0
1382.731
0
0
0
0
0
2461.26118
0
1548.65872
0
387.16468
0
12776.43444
4051.40183
0
69.13655
0
0
0
1839.03223
0
21003.68389
0
49847.45255
0
926.42977
110.61848
5240.55049
0
0
0
0
3539.79136
0
2571.87966
174984.60805
0
5143.75932
0
0
0
248.89158
0
0
15514.24182
0
0
0
0
0
0
0
2834.59855
64144.89109
0
331.85544
0
0
0
0
0
27.65462
30751.93744
0
1202.97597
0
3498.30943
1756.06837
41.48193
0
912.60246
0
0
2530.39773
1852.85954
3761.02832
0
0
981.73901
3830.16487
9278.12501
0
5420.30552
1673.10451
0
940.25708
0
0
387.16468
304.20082
41.48193
0
2060.26919
2129.40574
8351.69524
13.82731
0
829.6386
345.68275
248.89158
580.74702
0
719.02012
1202.97597
0
0
622.22895
857.29322
4300.29341
235.06427
1552461.23025
27.65462
3249.41785
2751.63469
10619.37408
345.68275
331.85544
19192.30628
1590.14065
940.25708
2447.43387
0
967.9117
0
0
0
276.5462
2253.85153
0
568108.85866
11919.14122
331.85544
3028.18089
2060.26919
0
0
11130.98455
0
27.65462
0
0
55.30924
0
0
21335.53933
13.82731
0
0
5987.22523
2696.32545
1603.96796
179.75503
756561.26665
0
3263.24516
4908.69505
13.82731
1037.04825
0
0
788.15667
0
0
0
17035.24592
0
0
788.15667
1631.62258
1368.90369
0
373.33737
0
0
1451.86755
1977.30533
1617.79527
0
13.82731
719.02012
13882.61924
1866.68685
1714.58644
0
0
1659.2772
1534.83141
774.32936
8088.97635
13.82731
345.68275
110.61848
0
235.06427
1465.69486
0
553.0924
27.65462
331.85544
2959.04434
0
0
0
0
2170.88767
248.89158
0
0
0
69.13655
0
0
1313.59445
18846.62353
13827.31
1852.85954
0
0
0
0
0
1659.2772
345.68275
1299.76714
0
2447.43387
0
34900.13044
1479.52217
843.46591
0
594.57433
539.26509
0
0
1811.37761
0
0
41.48193
1645.44989
0
0
0
1341.24907
0
0
0
1120.01211
0
0
0
3124.97206
539.26509
138.2731
14947.32211
622.22895
2115.57843
732.84743
0
0
0
138.2731
0
13.82731
13.82731
0
0
207.40965
0
27.65462
0
0
0
0
0
0
0
13.82731
0
649.88357
0
0
41.48193
373.33737
5185.24125
6111.67102
0
27.65462
82.96386
0
359.51006
13.82731
0
0
13.82731
0
0
82.96386
0
0
0
0
0
0
124.44579
0
207.40965
0
0
0
0
0
0
3650.40984
13.82731
41.48193
0
0
0
8033.66711
0
0
0
0
0
0
0
0
0
0
0
0
0
0
11449.01268
0
2461.26118
96.79117
0
0
0
27.65462
0
5392.6509
3000.52627
5600.06055
0
179.75503
0
41.48193
0
0
0
345.68275
0
0
0
0
41.48193
276.5462
0
636.05626
0
0
2157.06036
42283.91398
0
0
0
0
0
44247.392
0
594.57433
0
0
4438.56651
0
0
1438.04024
0
0
24225.44712
0
0
1949.65071
0
0
0
0
0
10882.09297
0
0
27.65462
0
0
0
373.33737
0
2018.78726
0
27.65462
5530.924
0
0
14159.16544
34471.48383
27.65462
0
0
0
373.33737
0
0
0
0
63633.28062
0
0
0
0
0
0
0
0
0
0
0
0
0
0
1424.21293
13.82731
22206.65986
0
0
0
0
96.79117
19496.5071
0
4120.53838
9928.00858
0
0
0
0
0
0
0
2004.95995
0
2018.78726
0
0
0
0
0
0
0
331.85544
0
0
0
0
235.06427
0
0
0
0
138.2731
0
0
0
0
0
0
0
0
0
0
13.82731
179.75503
210700.54978
22593.82454
497.78316
25151.87689
12555.19748
456.30123
55.30924
216245.30109
0
3788.68294
0
0
0
23810.62782
121210.19946
0
0
1465.69486
345.68275
96.79117
13288.04491
557295.90224
2876.08048
8890.96033
124.44579
13.82731
6249.94412
27.65462
359.51006
138.2731
0
331.85544
17560.6837
2599.53428
32756.89739
108834.75701
6637.1088
912.60246
0
0
41.48193
349651.18797
701611.53671
41.48193
245227.34285
84249.79983
2018.78726
165.92772
6180.80757
345.68275
1396.55831
0
331.85544
165.92772
2143.23305
13.82731
24612.6118
649.88357
1908.16878
0
25857.0697
1023.22094
2074.0965
16330.05311
6720.07266
49156.08705
13288.04491
400.99199
207.40965
179.75503
43929.36387
52101.30408
566.91971
69.13655
45229.13101
788.15667
33697.15447
649.88357
52101.30408
165.92772
6028.70716
69.13655
221.23696
221.23696
55.30924
13.82731
1493.34948
3802.51025
55.30924
815.81129
13.82731
110.61848
1092.35749
41.48193
359.51006
13.82731
27.65462
1216.80328
82.96386
1009.39363
69.13655
13.82731
0
5973.39792
276.5462
0
3622.75522
4106.71107
871.12053
0
3968.43797
0
207.40965
138.2731
0
3429.17288
0
6291.42605
3097.31744
4521.53037
82.96386
96.79117
566.91971
663.71088
3802.51025
318.02813
1507.17679
290.37351
9637.63507
1562.48603
22718.27033
179.75503
1133.83942
0
663.71088
138.2731
52128.9587
28525.74053
13.82731
124.44579
41.48193
0
110.61848
622.22895
0
2129.40574
0
0
138.2731
207.40965
41.48193
0
0
677.53819
32259.11423
0
1645.44989
0
0
13.82731
442.47392
677.53819
69.13655
55.30924
9070.71536
13.82731
40859.70105
32162.32306
24640.26642
1037.04825
3387.69095
5821.29751
0
19150.82435
0
0
17118.20978
0
746.67474
995.56632
0
27.65462
705.19281
0
0
1382.731
29839.33498
0
0
22026.90483
5987.22523
179.75503
6277.59874
27.65462
0
1175.32135
2613.36159
441851.69105
1783.72299
0
608.40164
0
69.13655
13315.69953
41.48193
5434.13283
248.89158
7563.53857
677.53819
0
359.51006
0
0
0
0
1451.86755
2613.36159
15970.54305
470.12854
276.5462
1023.22094
55.30924
691.3655
345.68275
0
6775.3819
0
1977.30533
290.37351
9513.18928
1078.53018
0
691.3655
0
61006.09172
1921.99609
0
0
511.61047
0
2115.57843
3498.30943
0
0
2737.80738
165.92772
0
0
4397.08458
0
456.30123
13.82731
0
1742.24106
1963.47802
0
0
0
124.44579
41.48193
4756.59464
0
207.40965
636.05626
732.84743
0
0
4507.70306
3443.00019
871.12053
1023.22094
1756.06837
27.65462
221.23696
594.57433
746.67474
0
608.40164
0
1645.44989
7065.75541
82.96386
0
3180.2813
290.37351
0
2585.70697
0
0
0
0
1465.69486
138.2731
13.82731
0
8116.63097
0
0
0
55.30924
4867.21312
1894.34147
2585.70697
1396.55831
0
0
5364.99628
6471.18108
3055.83551
10771.47449
2322.98808
179.75503
912.60246
0
27.65462
52861.80613
4715.11271
0
5157.58663
2392.12463
373.33737
13.82731
318.02813
41.48193
48243.48459
1465.69486
0
746.67474
331.85544
28677.84094
0
41.48193
82.96386
16869.3182
0
27.65462
0
124.44579
0
622.22895
0
27378.0738
1811.37761
0
0
248.89158
788.15667
2046.44188
0
13.82731
0
2392.12463
179.75503
0
69.13655
276.5462
0
0
0
262.71889
17837.2299
276.5462
0
0
0
0
152.10041
11310.73958
0
0
0
788.15667
2184.71498
13.82731
0
0
0
27.65462
1382.731
0
0
0
0
20298.49108
539.26509
0
0
0
0
0
0
5129.93201
0
0
0
0
0
0
124.44579
0
0
0
0
124.44579
0
0
2060.26919
0
0
0
0
497.78316
0
0
13.82731
38647.33145
884.94784
898.77515
0
0
0
0
55.30924
0
0
0
0
3678.06446
0
0
82.96386
1880.51416
13.82731
0
0
0
0
0
0
13.82731
0
0
0
0
0
0
0
2876.08048
0
5268.20511
0
0
0
0
262.71889
0
0
0
0
2018.78726
0
1797.5503
0
13.82731
553.0924
0
0
0
0
0
41.48193
0
1092.35749
13.82731
580.74702
0
511.61047
0
0
0
0
0
221.23696
456.30123
27.65462
27.65462
96.79117
179.75503
27.65462
1230.63059
27.65462
96.79117
27.65462
69.13655
69.13655
96.79117
456.30123
8904.78764
2903.7351
13.82731
345.68275
82.96386
55.30924
69.13655
428.64661
0
553.0924
1686.93182
27.65462
18376.49499
27.65462
165.92772
165.92772
3788.68294
29189.45141
82.96386
400.99199
0
41.48193
27.65462
0
82.96386
27.65462
1341.24907
1175.32135
13.82731
82.96386
483.95585
41.48193
3290.89978
124.44579
152.10041
69.13655
207.40965
27.65462
124.44579
27.65462
0
14352.74778
3387.69095
0
0
0
0
0
0
0
0
3014.35358
0
0
1534.83141
0
0
0
0
0
2696.32545
0
0
1037.04825
0
843.46591
0
13.82731
2558.05235
290.37351
0
0
0
0
400.99199
663.71088
0
0
0
0
0
1410.38562
0
0
0
636.05626
940.25708
0
0
0
0
732.84743
0
0
0
0
82.96386
110.61848
0
0
0
2087.92381
0
649.88357
0
0
0
0
0
0
0
801.98398
10564.06484
0
27.65462
0
0
2240.02422
221.23696
124.44579
4728.94002
0
0
0
0
0
13.82731
0
0
0
13.82731
0
0
0
1202.97597
41.48193
6886.00038
13.82731
0
0
0
0
0
0
207.40965
0
82.96386
0
0
0
0
0
967.9117
483.95585
719.02012
8158.1129
912.60246
7853.91208
940.25708
2433.60656
1673.10451
318.02813
3194.10861
5406.47821
1507.17679
4977.8316
1977.30533
11034.19338
884.94784
35702.11442
525.43778
1050.87556
525.43778
5185.24125
2530.39773
2945.21703
11932.96853
1161.49404
13979.41041
1603.96796
1783.72299
1949.65071
5282.03242
1327.42176
0
82.96386
3387.69095
55.30924
0
0
152.10041
2599.53428
0
0
0
967.9117
331.85544
0
0
13.82731
981.73901
0
41.48193
0
0
0
3774.85563
1147.66673
0
0
0
69.13655
0
0
0
414.8193
4217.32955
691.3655
0
1410.38562
359.51006
0
691.3655
829.6386
1603.96796
1590.14065
1244.4579
262.71889
3042.0082
40306.60865
70505.45369
23354.32659
871.12053
0
10978.88414
1216.80328
0
5406.47821
1313.59445
0
4231.15686
235.06427
0
20893.06541
0
0
0
119122.27565
8158.1129
1894.34147
69.13655
13.82731
0
2737.80738
13.82731
0
0
373.33737
0
0
9374.91618
31706.02183
22662.96109
0
0
6014.87985
4853.38581
0
0
0
0
55.30924
56913.20796
2848.42586
262.71889
11531.97654
12693.47058
69.13655
55.30924
0
0
0
0
1839.03223
86863.16142
3954.61066
17325.61943
6803.03652
0
0
0
248.89158
0
55.30924
0
0
345.68275
0
0
0
221.23696
47980.7657
21183.43892
0
0
0
0
0
4549.18499
0
0
0
0
1175.32135
0
0
0
0
124.44579
24253.10174
0
41827.61275
0
3456.8275
0
0
193.58234
110.61848
0
0
1382.731
1147.66673
0
1825.20492
0
0
80958.90005
9126.0246
0
0
0
0
7743.2936
0
0
0
0
0
0
0
0
345.68275
0
0
0
553.0924
13.82731
566.91971
0
2184.71498
815.81129
0
0
152.10041
0
0
0
2765.462
0
0
0
0
0
193.58234
2862.25317
41.48193
0
0
0
0
0
0
0
82.96386
0
96.79117
1603.96796
13.82731
0
69.13655
345.68275
179.75503
0
0
0
0
0
0
0
13.82731
0
0
359.51006
0
456.30123
0
10895.92028
1175.32135
1659.2772
0
801.98398
359.51006
0
0
0
0
4065.22914
0
0
0
0
0
27.65462
0
3290.89978
0
0
0
13.82731
0
318.02813
0
3636.58253
124.44579
28415.12205
0
179.75503
0
0
37513.49203
110.61848
1189.14866
55.30924
0
0
41.48193
6609.45418
0
98104.76445
857.29322
0
13.82731
10093.9363
0
1202.97597
663.71088
0
0
0
511.61047
0
121058.09905
0
0
0
9305.77963
0
55.30924
525.43778
0
0
38356.95794
0
0
1396.55831
304.20082
456.30123
32798.37932
51741.79402
0
2281.50615
13.82731
0
69.13655
276.5462
0
2046.44188
15348.3141
27.65462
0
3332.38171
0
1285.93983
193.58234
0
6844.51845
0
414.8193
0
359.51006
138.2731
42131.81357
8711.2053
3470.65481
1216.80328
442.47392
8946.26957
4715.11271
108558.21081
11614.9404
5503.26938
152.10041
0
304.20082
649.88357
1783.72299
387.16468
0
0
0
0
0
0
13.82731
345.68275
0
0
138.2731
124.44579
0
0
0
55.30924
0
497.78316
0
0
0
27.65462
0
96.79117
27.65462
0
0
760.50205
0
0
0
0
0
0
345.68275
0
55.30924
7093.41003
13.82731
0
0
41.48193
0
1479.52217
0
13.82731
124.44579
0
0
0
0
138.2731
11739.38619
0
0
0
55.30924
0
1673.10451
69.13655
0
0
746.67474
594.57433
13.82731
0
0
0
0
1839.03223
0
27.65462
0
0
0
0
0
0
553.0924
3014.35358
967.9117
14477.19357
38260.16677
35550.01401
0
0
0
0
0
0
0
0
0
0
0
0
0
0
23216.05349
15154.73176
30655.14627
0
276.5462
0
82.96386
0
0
0
0
27.65462
0
0
27.65462
0
12168.0328
1603.96796
431854.54592
110.61848
291548.83135
331.85544
4355.60265
6941.30962
6097.84371
54120.09134
1880.51416
13.82731
0
96.79117
580.74702
4964.00429
235.06427
0
5102.27739
1161.49404
483.95585
248.89158
39739.68894
110466.37959
21224.92085
7397.61085
0
0
110.61848
13.82731
13.82731
0
0
13.82731
13.82731
0
3263.24516
553.0924
539.26509
8780.34185
27.65462
1673.10451
7010.44617
18459.45885
5530.924
470.12854
4659.80347
0
12292.47859
7632.67512
13.82731
48810.4043
0
0
967.9117
27.65462
13.82731
0
0
2295.33346
110.61848
331.85544
11725.55888
10729.99256
0
2585.70697
15127.07714
43417.7534
414.8193
1382.731
138.2731
7176.37389
1285.93983
1382.731
78359.36577
2986.69896
9513.18928
0
1576.31334
138.2731
17477.71984
76036.37769
38896.22303
2281.50615
124.44579
0
13.82731
0
25027.4311
0
1258.28521
0
0
28180.05778
71252.12843
276.5462
13.82731
732.84743
331.85544
0
4314.12072
82.96386
0
0
48672.1312
0
0
36642.3715
0
0
2240.02422
470.12854
41675.51234
0
0
594.57433
1258.28521
1410.38562
42892.31562
0
110.61848
0
705.19281
1880.51416
207.40965
0
0
96.79117
0
428.64661
0
248.89158
483.95585
0
0
138.2731
0
0
41.48193
0
0
41.48193
0
290.37351
0
0
0
0
0
0
981.73901
0
0
0
0
0
0
124.44579
304.20082
331.85544
0
0
0
0
110.61848
0
0
3470.65481
165.92772
1410.38562
0
0
304.20082
0
0
0
27.65462
0
0
193.58234
0
0
871.12053
138.2731
0
719.02012
0
0
0
0
5268.20511
0
0
2447.43387
179.75503
0
124.44579
0
13.82731
290.37351
1272.11252
0
0
32189.97768
13.82731
193.58234
0
732.84743
636.05626
0
47469.15523
0
0
0
2032.61457
0
0
14200.64737
0
0
34568.275
884.94784
82.96386
0
0
0
0
97178.33468
55.30924
1742.24106
55.30924
3650.40984
0
0
0
0
0
7853.91208
85660.18545
0
483.95585
1189.14866
0
0
165.92772
0
0
1728.41375
1023.22094
0
3567.44598
0
0
0
3263.24516
110.61848
0
0
0
179.75503
0
0
55.30924
47413.84599
0
0
674288.77215
0
0
0
0
0
0
13.82731
0
0
27.65462
0
0
0
0
0
1797.5503
0
0
0
0
138.2731
0
0
82.96386
0
0
0
2378.29732
0
0
0
940.25708
208322.25246
1880.51416
0
0
0
0
138.2731
0
221.23696
47565.9464
0
0
0
6720.07266
41385.13883
69.13655
0
27.65462
0
0
0
0
0
221.23696
0
13.82731
414.8193
0
0
0
0
0
0
0
0
0
0
179.75503
0
0
0
0
0
0
0
207.40965
0
0
815.81129
0
2903.7351
1161.49404
41.48193
0
0
82.96386
124.44579
0
0
36255.20682
0
0
0
0
27696.10193
0
0
0
0
691.3655
566.91971
0
829.6386
152.10041
871.12053
1382.731
0
0
0
0
41.48193
103179.38722
10716.16525
0
0
124.44579
0
152.10041
940.25708
0
0
0
0
165.92772
1852.85954
0
0
22123.696
0
0
1742.24106
54147.74596
0
139918.54989
0
0
110.61848
0
0
0
0
0
0
27.65462
636.05626
0
0
0
0
0
0
0
0
96.79117
0
677.53819
152.10041
0
0
1078.53018
0
0
414.8193
0
0
622.22895
0
0
497.78316
0
0
4286.4661
0
13.82731
0
0
39822.6528
0
0
0
954.08439
5005.48622
34734.20272
0
41.48193
0
69.13655
13.82731
3996.09259
0
0
59761.63382
0
0
13.82731
1921.99609
221.23696
23285.19004
0
0
0
0
0
0
0
0
0
0
5904.26137
0
0
0
0
0
0
0
0
0
0
0
0
0
442.47392
0
27.65462
0
0
0
0
0
1147.66673
0
0
0
0
110.61848
442.47392
981.73901
0
0
55.30924
0
0
0
207.40965
28345.9855
262.71889
27.65462
0
359.51006
0
41.48193
0
0
69.13655
0
13.82731
41.48193
41.48193
0
815.81129
0
0
0
663.71088
1120.01211
1216.80328
705.19281
41.48193
0
2516.57042
0
27.65462
41.48193
622.22895
566.91971
138.2731
0
1272.11252
165.92772
0
0
9015.40612
27.65462
1050.87556
41.48193
0
345.68275
5171.41394
19455.02517
27.65462
138.2731
0
22068.38676
318.02813
373.33737
235.06427
497.78316
41.48193
1064.70287
165.92772
96.79117
69.13655
138.2731
1327.42176
345.68275
2488.9158
705.19281
2530.39773
13.82731
40700.8265344671
0
5088.45008
13.82731
0
1078.53018
1064.70287
16371.53504
0
110.61848
0
428.64661
967.9117
69.13655
5046.96815
0
55.30924
0
62831.29664
0
0
152.10041
0
0
0
13.82731
69.13655
0
0
0
0
69.13655
84332.76369
0
1064.70287
0
27.65462
1493.34948
13.82731
110.61848
0
110.61848
0
18542.42271
138.2731
0
400.99199
26437.81672
41.48193
0
138.2731
82.96386
0
0
0
0
0
30295.63621
1382.731
608.40164
207.40965
3733.3737
27.65462
0
0
373.33737
13.82731
0
82.96386
22414.06951
110.61848
1451.86755
0
193.58234
27.65462
871.12053
14892.01287
0
0
3470.65481
0
4853.38581
0
0
27.65462
27.65462
0
0
0
82.96386
0
55.30924
0
0
0
0
193.58234
0
483.95585
14594.5861555329
0
0
0
0
0
0
0
0
0
13.82731
0
152031.27345
0
55.30924
0
0
0
276.5462
248.89158
0
0
0
193.58234
0
0
235.06427
96.79117
0
110.61848
55.30924
4590.66692
1189.14866
138.2731
3069.66282
0
91937.78419
13854.96462
0
101022.32686
69.13655
169412.20212
2834.59855
138.2731
2309.16077
0
4175.84762
1645.44989
0
0
8586.75951
138.2731
1521.0041
1272.11252
3525.96405
0
12223.34204
1839.03223
691.3655
1299.76714
24875.33069
138.2731
0
7798.60284
77432.936
50455.85419
138.2731
5226.72318
0
26603.74444
10605.54677
0
8088.97635
331.85544
24750.8849
248.89158
954.08439
9679.117
20948.37465
82.96386
262.71889
82.96386
1673.10451
926.42977
954.08439
2793.11662
525.43778
107161.6525
11877.65929
7687.98436
1645.44989
3387.69095
498903.17211
788.15667
207.40965
1382.731
124.44579
7494.40202
153206.5948
16302.39849
4189.67493
2032.61457
1258.28521
13689.0369
304.20082
857.29322
2240.02422
4922.52236
276.5462
20326.1457
732.84743
1963.47802
11034.19338
2931.38972
2931.38972
857.29322
1050.87556
221.23696
82.96386
677.53819
17560.6837
2516.57042
12154.20549
414.8193
539.26509
82.96386
76050.205
345.68275
248.89158
248.89158
345.68275
179.75503
124985.05509
470.12854
235.06427
2018.78726
12790.26175
55.30924
2184.71498
0
4162.02031
1742.24106
995.56632
815.81129
1534.83141
1258.28521
0
2585.70697
0
193.58234
1396.55831
9015.40612
622.22895
152.10041
1700.75913
3553.61867
387.16468
152.10041
566.91971
2834.59855
27.65462
290.37351
15085.59521
7342.30161
43874.05463
3747.20101
387.16468
0
3028.18089
3512.13674
2212.3696
11435.18537
65071.32086
1424.21293
221.23696
2129.40574
663.71088
16385.36235
12195.68742
1880.51416
13.82731
1576.31334
1852.85954
3069.66282
1064.70287
69.13655
7107.23734
2682.49814
82.96386
221.23696
27.65462
55.30924
1009.39363
27.65462
967.9117
14214.47468
276.5462
179.75503
23381.98121
176837.46759
82.96386
400.99199
290.37351
82.96386
55.30924
55.30924
179.75503
55.30924
55.30924
27.65462
1479.52217
69.13655
331.85544
0
1756.06837
96.79117
96.79117
0
3581.27329
69.13655
221.23696
55.30924
276.5462
