13675.20959
0
2184.71498
0
0
0
414.8193
1341.24907
0
0
483.95585
0
0
0
0
1562.48603
290.37351
0
0
69.13655
0
594.57433
0
193.58234
1064.70287
0
2032.61457
0
0
0
0
41.48193
27.65462
746.67474
235.06427
0
691.3655
152.10041
0
0
0
0
0
0
0
276.5462
0
110.61848
9720.59893
165.92772
55.30924
0
0
13.82731
0
0
1272.11252
0
0
0
0
0
1023.22094
0
8503.79565
0
0
0
82.96386
27.65462
27.65462
235.06427
0
0
3111.14475
82.96386
12333.96052
0
138.2731
0
1521.0041
304.20082
0
11614.9404
0
82.96386
0
719.02012
13.82731
0
0
193.58234
0
0
0
3996.09259
0
0
0
331.85544
566.91971
0
4480.04844
0
0
0
0
0
359.51006
152.10041
0
0
0
0
0
248.89158
48879.54085
0
13.82731
0
0
0
0
0
1023.22094
0
0
193.58234
2309.16077
0
0
0
0
0
0
0
0
0
0
0
0
0
0
0
0
0
0
0
0
0
0
2419.77925
0
0
0
0
0
1244.4579
0
290.37351
4383.25727
235.06427
1161.49404
4618.32154
0
1230.63059
14532.50281
373.33737
663.71088
1659.2772
124.44579
3401.51826
4258.81148
1216.80328
0
142794.63037
6319.08067
387.16468
0
4632.14885
7784.77553
0
41.48193
2986.69896
10439.61905
110.61848
25041.25841
2779.28931
1866.68685
7273.16506
23381.98121
5558.57862
63619.45331
2516.57042
0
31636.88528
5475.61476
359.51006
8794.16916
17256.48288
9623.80776
20962.20196
622.22895
3166.45399
8407.00448
20422.93687
22165.17793
11863.83198
2475.08849
691.3655
22220.48717
2115.57843
14117.68351
1092.35749
1686.93182
0
0
13.82731
0
0
0
0
0
0
0
0
0
0
0
0
0
0
0
27.65462
0
0
0
0
0
0
0
0
0
0
3691.89177
0
0
0
0
0
0
0
0
0
0
0
0
0
898.77515
13.82731
0
0
0
0
0
124.44579
0
0
0
0
0
0
0
0
0
0
0
0
3180.2813
179.75503
843.46591
414.8193
3512.13674
41.48193
55.30924
456.30123
165.92772
3028.18089
8462.31372
0
0
0
221.23696
27.65462
801.98398
0
0
27.65462
1037.04825
0
0
0
677.53819
0
20146.39067
40956.49222
0
0
27.65462
221.23696
55.30924
27.65462
0
124.44579
608.40164
6291.42605
55.30924
8185.76752
0
0
0
0
0
1714.58644
124.44579
0
138.2731
0
732.84743
96.79117
636.05626
857.29322
1769.89568
0
43721.95422
0
0
566.91971
0
0
262.71889
55.30924
37665.59244
331.85544
0
69.13655
1244.4579
96.79117
0
483.95585
2226.19691
54631.70181
27.65462
857.29322
967.9117
0
0
0
553.0924
414.8193
0
13.82731
0
539.26509
1576.31334
0
27.65462
2378.29732
0
0
82.96386
27.65462
0
318.02813
0
0
69.13655
0
0
0
0
25912.37894
0
0
27.65462
0
0
0
69.13655
788.15667
0
1576.31334
41.48193
0
0
0
152.10041
0
0
967.9117
0
0
138.2731
11476.6673
0
525.43778
0
1120.01211
0
1341.24907
2074.0965
0
0
193.58234
0
0
13.82731
1963.47802
96.79117
56996.17182
82.96386
0
0
0
0
290.37351
0
0
0
0
0
0
3982.26528
0
663.71088
0
69.13655
5710.67903
0
0
0
0
0
2765.462
0
12389.26976
1396.55831
0
12430.75169
0
0
0
1106.1848
0
0
152.10041
0
1161.49404
0
0
69.13655
0
13.82731
0
0
0
0
0
0
110.61848
0
1783.72299
732.84743
55.30924
0
138.2731
235.06427
2945.21703
0
0
2502.74311
0
0
0
0
359.51006
0
0
41.48193
0
0
0
262.71889
0
0
0
262.71889
27.65462
0
7148.71927
0
0
27.65462
0
165.92772
0
16620.42662
79963.33373
0
0
0
0
0
0
17422.4106
0
6581.79956
152.10041
290.37351
0
0
5046.96815
871.12053
0
41.48193
1700.75913
0
0
0
6402.04453
3387.69095
3581.27329
318.02813
0
13.82731
0
0
27.65462
41.48193
2641.01621
0
884.94784
2862.25317
345.68275
207.40965
0
0
2198.54229
138.2731
2433.60656
912.60246
0
0
345.68275
1451.86755
0
0
2115.57843
0
27.65462
9720.59893
0
0
608.40164
0
55.30924
0
3028.18089
2322.98808
3277.07247
0
0
0
0
0
4314.12072
3456.8275
0
0
0
0
41.48193
0
0
0
0
2018.78726
0
0
0
0
5987.22523
0
0
0
0
1382.731
0
0
0
0
0
2461.26118
0
1327.42176
0
387.16468
0
1009.39363
4051.40183
0
69.13655
0
0
0
1839.03223
0
2917.56241
0
36089.2791
0
926.42977
110.61848
5240.55049
0
0
0
0
3539.79136
0
2571.87966
20464.4188
0
5143.75932
0
0
0
248.89158
0
0
10978.88414
0
0
0
0
0
0
0
2834.59855
21681.22208
0
331.85544
0
0
0
0
0
27.65462
9319.60694
0
1202.97597
0
636.05626
954.08439
41.48193
0
456.30123
0
0
732.84743
1852.85954
110.61848
0
0
0
3664.23715
9278.12501
0
5295.85973
96.79117
0
940.25708
0
0
359.51006
165.92772
41.48193
0
373.33737
2129.40574
2793.11662
13.82731
0
829.6386
179.75503
248.89158
193.58234
0
719.02012
179.75503
0
0
622.22895
0
4300.29341
152.10041
4355.60265
27.65462
0
746.67474
10550.23753
345.68275
69.13655
13.82731
55.30924
940.25708
82.96386
0
470.12854
0
0
0
276.5462
2253.85153
0
580.74702
0
331.85544
2405.95194
0
0
0
11130.98455
0
27.65462
0
0
13.82731
0
0
21335.53933
13.82731
0
0
5987.22523
2696.32545
1603.96796
179.75503
5641.54248
0
82.96386
3028.18089
13.82731
1037.04825
0
0
788.15667
0
0
0
17035.24592
0
0
788.15667
1631.62258
1368.90369
0
373.33737
0
0
1451.86755
1977.30533
1617.79527
0
13.82731
719.02012
13619.90035
1866.68685
1714.58644
0
0
1659.2772
1534.83141
774.32936
8088.97635
13.82731
345.68275
110.61848
0
235.06427
1465.69486
0
553.0924
27.65462
331.85544
2959.04434
0
0
0
0
2170.88767
248.89158
0
0
0
69.13655
0
0
1313.59445
18846.62353
13827.31
1852.85954
0
0
0
0
0
1659.2772
345.68275
1299.76714
0
2447.43387
0
32881.34318
1479.52217
843.46591
0
594.57433
539.26509
0
0
1811.37761
0
0
41.48193
1645.44989
0
0
0
1341.24907
0
0
0
0
0
0
0
3124.97206
539.26509
138.2731
14615.46667
622.22895
2115.57843
0
0
0
0
138.2731
0
13.82731
0
0
0
207.40965
0
27.65462
0
0
0
0
0
0
0
13.82731
0
649.88357
0
0
41.48193
373.33737
5185.24125
6111.67102
0
27.65462
82.96386
0
359.51006
13.82731
0
0
13.82731
0
0
82.96386
0
0
0
0
0
0
124.44579
0
0
0
0
0
0
0
0
3608.92791
13.82731
41.48193
0
0
0
0
0
0
0
0
0
0
0
0
0
0
0
0
0
0
11449.01268
0
2461.26118
82.96386
0
0
0
27.65462
0
5323.51435
3000.52627
5600.06055
0
179.75503
0
41.48193
0
0
0
345.68275
0
0
0
0
41.48193
0
0
636.05626
0
0
0
11808.52274
0
0
0
0
0
414.8193
0
594.57433
0
0
0
0
0
1438.04024
0
0
21266.40278
0
0
0
0
0
0
0
0
10882.09297
0
0
27.65462
0
0
0
0
0
373.33737
0
0
5475.61476
0
0
857.29322
34471.48383
27.65462
0
0
0
0
0
0
0
0
11020.36607
0
0
0
0
0
0
0
0
0
0
0
0
0
0
0
0
594.57433
0
0
0
0
0
2903.7351
0
345.68275
9858.87203
0
0
0
0
0
0
0
0
0
0
0
0
0
0
0
0
0
0
0
0
0
0
0
0
0
0
0
138.2731
0
0
0
0
0
0
0
0
0
0
13.82731
179.75503
4065.22914
11822.35005
497.78316
25151.87689
12555.19748
456.30123
0
56816.41679
0
2986.69896
0
0
0
400.99199
91467.65565
0
0
1465.69486
345.68275
96.79117
5779.81558
21542.94898
2876.08048
3097.31744
124.44579
13.82731
1465.69486
0
359.51006
138.2731
0
331.85544
41.48193
2599.53428
13578.41842
0
6637.1088
912.60246
0
0
0
0
5821.29751
41.48193
3913.12873
13122.11719
2018.78726
165.92772
2392.12463
345.68275
1396.55831
0
331.85544
165.92772
2143.23305
13.82731
15901.4065
649.88357
1908.16878
0
566.91971
1023.22094
359.51006
3111.14475
746.67474
442.47392
207.40965
345.68275
179.75503
152.10041
373.33737
442.47392
497.78316
55.30924
636.05626
691.3655
235.06427
566.91971
27.65462
152.10041
6028.70716
69.13655
221.23696
27.65462
55.30924
13.82731
1493.34948
3774.85563
55.30924
815.81129
0
110.61848
13.82731
41.48193
359.51006
13.82731
27.65462
1216.80328
69.13655
1009.39363
69.13655
13.82731
0
926.42977
110.61848
0
290.37351
1783.72299
138.2731
0
2115.57843
0
152.10041
55.30924
0
345.68275
0
608.40164
2585.70697
0
82.96386
0
0
525.43778
0
318.02813
1507.17679
27.65462
7936.87594
27.65462
16413.01697
41.48193
0
0
663.71088
138.2731
207.40965
553.0924
13.82731
124.44579
41.48193
0
110.61848
622.22895
0
2129.40574
0
0
138.2731
207.40965
0
0
0
663.71088
25912.37894
0
1216.80328
0
0
13.82731
442.47392
636.05626
69.13655
55.30924
0
13.82731
912.60246
152.10041
262.71889
1037.04825
0
110.61848
0
19150.82435
0
0
3954.61066
0
705.19281
995.56632
0
0
705.19281
0
0
414.8193
0
0
0
0
5752.16096
138.2731
0
27.65462
0
1064.70287
2488.9158
0
1783.72299
0
428.64661
0
69.13655
414.8193
0
5434.13283
248.89158
0
677.53819
0
0
0
0
0
0
1451.86755
13.82731
15970.54305
470.12854
276.5462
1023.22094
55.30924
691.3655
345.68275
0
6775.3819
0
1977.30533
290.37351
0
1078.53018
0
691.3655
0
0
1921.99609
0
0
511.61047
0
2101.75112
3498.30943
0
0
2737.80738
138.2731
0
0
4397.08458
0
442.47392
0
0
1742.24106
1963.47802
0
0
0
110.61848
41.48193
4327.94803
0
179.75503
636.05626
732.84743
0
0
165.92772
3443.00019
871.12053
981.73901
1756.06837
27.65462
165.92772
594.57433
746.67474
0
608.40164
0
1645.44989
7065.75541
82.96386
0
3180.2813
290.37351
0
2585.70697
0
0
0
0
1465.69486
138.2731
13.82731
0
8116.63097
0
0
0
55.30924
4867.21312
1894.34147
2585.70697
1396.55831
0
0
5364.99628
622.22895
2170.88767
10771.47449
2322.98808
179.75503
912.60246
0
0
2945.21703
4715.11271
0
5157.58663
2392.12463
373.33737
13.82731
318.02813
41.48193
898.77515
1465.69486
0
746.67474
331.85544
4839.5585
0
41.48193
82.96386
16869.3182
0
27.65462
0
124.44579
0
622.22895
0
138.2731
1811.37761
0
0
248.89158
788.15667
2046.44188
0
13.82731
0
2392.12463
179.75503
0
69.13655
276.5462
0
0
0
262.71889
152.10041
276.5462
0
0
0
0
152.10041
11310.73958
0
0
0
788.15667
2184.71498
13.82731
0
0
0
27.65462
1382.731
0
0
0
0
16482.15352
539.26509
0
0
0
0
0
0
5129.93201
0
0
0
0
0
0
124.44579
0
0
0
0
124.44579
0
0
2060.26919
0
0
0
0
497.78316
0
0
13.82731
2129.40574
884.94784
884.94784
0
0
0
0
55.30924
0
0
0
0
3678.06446
0
0
82.96386
1880.51416
0
0
0
0
0
0
0
13.82731
0
0
0
0
0
0
0
2876.08048
0
0
0
0
0
0
0
0
0
0
0
2018.78726
0
1797.5503
0
13.82731
553.0924
0
0
0
0
0
41.48193
0
0
13.82731
580.74702
0
511.61047
0
0
0
0
0
0
179.75503
27.65462
0
96.79117
179.75503
0
13.82731
27.65462
96.79117
27.65462
69.13655
69.13655
96.79117
456.30123
8821.82378
2903.7351
0
345.68275
82.96386
55.30924
69.13655
428.64661
0
553.0924
262.71889
27.65462
179.75503
27.65462
165.92772
165.92772
3166.45399
25248.66806
82.96386
400.99199
0
41.48193
27.65462
0
82.96386
0
1341.24907
13.82731
13.82731
82.96386
483.95585
41.48193
3290.89978
124.44579
152.10041
69.13655
0
0
124.44579
27.65462
0
719.02012
3387.69095
0
0
0
0
0
0
0
0
3014.35358
0
0
1534.83141
0
0
0
0
0
2696.32545
0
0
1037.04825
0
843.46591
0
13.82731
2558.05235
290.37351
0
0
0
0
400.99199
663.71088
0
0
0
0
0
1410.38562
0
0
0
636.05626
940.25708
0
0
0
0
732.84743
0
0
0
0
82.96386
110.61848
0
0
0
2074.0965
0
649.88357
0
0
0
0
0
0
0
801.98398
10564.06484
0
27.65462
0
0
2240.02422
221.23696
124.44579
1521.0041
0
0
0
0
0
13.82731
0
0
0
13.82731
0
0
0
1202.97597
41.48193
622.22895
13.82731
0
0
0
0
0
0
207.40965
0
82.96386
0
0
0
0
0
760.50205
483.95585
470.12854
359.51006
746.67474
7010.44617
940.25708
2115.57843
1493.34948
318.02813
3028.18089
2322.98808
1438.04024
497.78316
1133.83942
7439.09278
884.94784
5088.45008
525.43778
318.02813
483.95585
5185.24125
2530.39773
1659.2772
4977.8316
1050.87556
1617.79527
1548.65872
138.2731
1949.65071
4272.63879
1327.42176
0
82.96386
3387.69095
55.30924
0
0
152.10041
2599.53428
0
0
0
967.9117
331.85544
0
0
13.82731
981.73901
0
41.48193
0
0
0
3774.85563
0
0
0
0
69.13655
0
0
0
414.8193
1548.65872
691.3655
0
1410.38562
359.51006
0
691.3655
829.6386
1603.96796
0
1244.4579
262.71889
3042.0082
3650.40984
3940.78335
0
871.12053
0
10425.79174
0
0
1064.70287
193.58234
0
1299.76714
13.82731
0
0
0
0
0
1313.59445
0
428.64661
55.30924
13.82731
0
1700.75913
0
0
0
304.20082
0
0
746.67474
566.91971
2060.26919
0
0
719.02012
4853.38581
0
0
0
0
0
3415.34557
0
262.71889
0
0
0
0
0
0
0
0
0
86863.16142
3954.61066
2253.85153
0
0
0
0
0
0
55.30924
0
0
0
0
0
0
0
0
1175.32135
0
0
0
0
0
4549.18499
0
0
0
0
13.82731
0
0
0
0
124.44579
0
0
0
0
3456.8275
0
0
193.58234
0
0
0
0
1147.66673
0
1631.62258
0
0
815.81129
110.61848
0
0
0
0
6236.11681
0
0
0
0
0
0
0
0
345.68275
0
0
0
553.0924
0
0
0
2184.71498
0
0
0
0
0
0
0
0
0
0
0
0
0
193.58234
0
41.48193
0
0
0
0
0
0
0
82.96386
0
96.79117
373.33737
0
0
69.13655
345.68275
0
0
0
0
0
0
0
0
13.82731
0
0
359.51006
0
373.33737
0
0
0
580.74702
0
124.44579
359.51006
0
0
0
0
1603.96796
0
0
0
0
0
27.65462
0
3235.59054
0
0
0
13.82731
0
318.02813
0
3636.58253
124.44579
0
0
179.75503
0
0
25041.25841
110.61848
1189.14866
55.30924
0
0
41.48193
6609.45418
0
456.30123
857.29322
0
13.82731
3456.8275
0
1202.97597
663.71088
0
0
0
387.16468
0
121058.09905
0
0
0
0
0
55.30924
442.47392
0
0
4825.73119
0
0
1368.90369
304.20082
456.30123
41.48193
373.33737
0
0
0
0
0
276.5462
0
2046.44188
15348.3141
27.65462
0
1935.8234
0
1285.93983
13.82731
0
6844.51845
0
414.8193
0
0
138.2731
29355.37913
8711.2053
0
1216.80328
442.47392
8655.89606
2018.78726
0
11614.9404
5503.26938
152.10041
0
304.20082
649.88357
1783.72299
387.16468
0
0
0
0
0
0
13.82731
262.71889
0
0
138.2731
27.65462
0
0
0
55.30924
0
235.06427
0
0
0
27.65462
0
96.79117
27.65462
0
0
0
0
0
0
0
0
0
345.68275
0
0
4881.04043
0
0
0
0
0
13.82731
0
13.82731
0
0
0
0
0
41.48193
0
0
0
0
55.30924
0
1451.86755
69.13655
0
0
0
580.74702
13.82731
0
0
0
0
0
0
27.65462
0
0
0
0
0
0
553.0924
2447.43387
0
0
0
0
0
0
0
0
0
0
0
0
0
0
0
0
0
0
318.02813
0
470.12854
0
276.5462
0
55.30924
0
0
0
0
27.65462
0
0
27.65462
0
0
1603.96796
3360.03633
41.48193
8282.55869
318.02813
2862.25317
6941.30962
6097.84371
373.33737
497.78316
13.82731
0
96.79117
580.74702
3304.72709
235.06427
0
539.26509
1161.49404
483.95585
248.89158
14214.47468
13.82731
0
55.30924
0
0
55.30924
13.82731
0
0
0
13.82731
13.82731
0
3263.24516
553.0924
539.26509
7369.95623
27.65462
1673.10451
7010.44617
55.30924
373.33737
0
4659.80347
0
9568.49852
636.05626
13.82731
442.47392
0
0
967.9117
27.65462
0
0
0
663.71088
110.61848
0
11725.55888
0
0
0
13.82731
884.94784
414.8193
179.75503
138.2731
4742.76733
290.37351
0
2820.77124
2986.69896
0
0
1576.31334
138.2731
3885.47411
594.57433
290.37351
0
27.65462
0
13.82731
0
4590.66692
0
1258.28521
0
0
1659.2772
442.47392
276.5462
13.82731
732.84743
331.85544
0
1438.04024
0
0
0
1299.76714
0
0
553.0924
0
0
1576.31334
0
2876.08048
0
0
594.57433
13.82731
1410.38562
13.82731
0
0
0
0
1880.51416
207.40965
0
0
96.79117
0
0
0
248.89158
235.06427
0
0
0
0
0
0
0
0
41.48193
0
290.37351
0
0
0
0
0
0
304.20082
0
0
0
0
0
0
124.44579
304.20082
235.06427
0
0
0
0
110.61848
0
0
3401.51826
165.92772
1327.42176
0
0
304.20082
0
0
0
0
0
0
193.58234
0
0
0
0
0
0
0
0
0
0
0
0
0
2447.43387
179.75503
0
124.44579
0
13.82731
290.37351
1078.53018
0
0
0
0
0
0
732.84743
636.05626
0
27.65462
0
0
0
0
0
0
5779.81558
0
0
0
0
82.96386
0
0
0
0
13.82731
55.30924
0
55.30924
940.25708
0
0
0
0
0
13.82731
0
0
483.95585
1189.14866
0
0
0
0
0
0
262.71889
0
3567.44598
0
0
0
276.5462
0
0
0
0
27.65462
0
0
55.30924
47413.84599
0
0
0
0
0
0
0
0
0
13.82731
0
0
27.65462
0
0
0
0
0
1797.5503
0
0
0
0
138.2731
0
0
82.96386
0
0
0
2378.29732
0
0
0
41.48193
1714.58644
1880.51416
0
0
0
0
138.2731
0
221.23696
0
0
0
0
6720.07266
0
69.13655
0
0
0
0
0
0
0
221.23696
0
13.82731
414.8193
0
0
0
0
0
0
0
0
0
0
124.44579
0
0
0
0
0
0
0
0
0
0
815.81129
0
1617.79527
1161.49404
41.48193
0
0
82.96386
124.44579
0
0
3346.20902
0
0
0
0
110.61848
0
0
0
0
691.3655
566.91971
0
0
152.10041
0
1382.731
0
0
0
0
41.48193
12195.68742
138.2731
0
0
124.44579
0
152.10041
0
0
0
0
0
0
1852.85954
0
0
22123.696
0
0
1202.97597
44523.9382
0
0
0
0
110.61848
0
0
0
0
0
0
27.65462
0
0
0
0
0
0
0
0
0
96.79117
0
677.53819
152.10041
0
0
1078.53018
0
0
414.8193
0
0
622.22895
0
0
0
0
0
1355.07638
0
13.82731
0
0
15624.8603
0
0
0
843.46591
5005.48622
27.65462
0
41.48193
0
69.13655
13.82731
3996.09259
0
0
3332.38171
0
0
13.82731
1921.99609
221.23696
290.37351
0
0
0
0
0
0
0
0
0
0
69.13655
0
0
0
0
0
0
0
0
0
0
0
0
0
442.47392
0
13.82731
0
0
0
0
0
760.50205
0
0
0
0
110.61848
442.47392
981.73901
0
0
55.30924
0
0
0
0
331.85544
41.48193
27.65462
0
359.51006
0
41.48193
0
0
69.13655
0
13.82731
41.48193
41.48193
0
815.81129
0
0
0
663.71088
1120.01211
1216.80328
705.19281
13.82731
0
2516.57042
0
27.65462
41.48193
0
566.91971
138.2731
0
1272.11252
165.92772
0
0
9015.40612
27.65462
1050.87556
41.48193
0
345.68275
5171.41394
19455.02517
27.65462
138.2731
0
41.48193
193.58234
235.06427
152.10041
165.92772
27.65462
262.71889
138.2731
82.96386
69.13655
124.44579
152.10041
290.37351
165.92772
705.19281
2530.39773
13.82731
824.397836782154
0
0
13.82731
0
1078.53018
1064.70287
27.65462
0
96.79117
0
0
0
69.13655
0
0
13.82731
0
580.74702
0
0
69.13655
0
0
0
13.82731
27.65462
0
0
0
0
69.13655
16495.98083
0
0
0
27.65462
0
13.82731
110.61848
0
13.82731
0
18542.42271
138.2731
0
400.99199
26437.81672
41.48193
0
82.96386
82.96386
0
0
0
0
0
0
82.96386
608.40164
207.40965
193.58234
27.65462
0
0
193.58234
13.82731
0
82.96386
41.48193
110.61848
0
0
193.58234
0
871.12053
14892.01287
0
0
3152.62668
0
4853.38581
0
0
27.65462
27.65462
0
0
0
82.96386
0
55.30924
0
0
0
0
152.10041
0
483.95585
295.614273217846
0
0
0
0
0
0
0
0
0
13.82731
0
0
0
0
0
0
0
276.5462
248.89158
0
0
0
193.58234
0
0
235.06427
96.79117
0
110.61848
55.30924
4576.83961
1189.14866
138.2731
3069.66282
0
11946.79584
0
0
53539.34432
69.13655
0
2834.59855
138.2731
2309.16077
0
4175.84762
1645.44989
0
0
4300.29341
27.65462
1521.0041
0
3525.96405
0
483.95585
1839.03223
290.37351
0
18196.73996
138.2731
0
0
3097.31744
9596.15314
0
5226.72318
0
1327.42176
0
0
8088.97635
13.82731
5392.6509
13.82731
13.82731
829.6386
207.40965
0
13.82731
0
13.82731
13.82731
13.82731
27.65462
13.82731
2074.0965
124.44579
82.96386
456.30123
69.13655
1120.01211
13.82731
0
13.82731
0
27.65462
1106.1848
1092.35749
41.48193
235.06427
13.82731
138.2731
13.82731
387.16468
27.65462
82.96386
13.82731
5116.1047
13.82731
27.65462
110.61848
27.65462
27.65462
13.82731
13.82731
0
0
13.82731
8572.9322
27.65462
124.44579
13.82731
13.82731
0
20740.965
13.82731
221.23696
248.89158
345.68275
165.92772
4410.91189
470.12854
152.10041
456.30123
940.25708
55.30924
2184.71498
0
1548.65872
1258.28521
110.61848
13.82731
995.56632
497.78316
0
2295.33346
0
193.58234
1396.55831
8296.386
41.48193
0
1659.2772
3553.61867
387.16468
152.10041
566.91971
2820.77124
27.65462
290.37351
13.82731
788.15667
1852.85954
636.05626
387.16468
0
1631.62258
345.68275
235.06427
27.65462
1797.5503
884.94784
221.23696
2129.40574
553.0924
11200.1211
207.40965
55.30924
13.82731
1576.31334
41.48193
3069.66282
1023.22094
69.13655
138.2731
2682.49814
13.82731
221.23696
27.65462
55.30924
981.73901
27.65462
483.95585
1161.49404
179.75503
179.75503
4341.77534
69.13655
55.30924
55.30924
179.75503
55.30924
27.65462
27.65462
110.61848
0
41.48193
13.82731
1465.69486
69.13655
207.40965
0
1092.35749
69.13655
55.30924
0
2959.04434
41.48193
138.2731
0
138.2731
