43058.24334
0
0
0
0
0
0
0
0
0
0
56360.11556
27958.82082
0
0
0
96155.11374
0
0
0
0
2530.39773
0
44510.11089
0
0
46542.72546
12734.95251
1521.0041
0
0
0
0
0
0
12320.13321
0
0
0
83115.96041
0
0
0
0
1092.35749
25608.17812
0
0
967.9117
64006.61799
13.82731
112568.13071
0
0
0
0
38204.85753
6153.15295
0
2806.94393
34111.97377
0
2945.21703
0
6733.89997
25317.80461
0
0
0
0
0
0
0
0
0
0
0
0
0
0
0
0
0
72524.24095
0
0
0
0
0
0
0
0
0
0
0
96.79117
9720.59893
0
0
0
0
0
17864.88452
0
0
0
0
2405.95194
13.82731
0
0
55.30924
815.81129
54272.19175
0
0
0
0
0
0
0
0
126837.91463
0
0
0
0
0
318.02813
0
0
0
0
0
0
0
0
0
0
0
0
27.65462
0
428.64661
0
0
0
0
0
0
0
10923.5749
0
0
82.96386
69.13655
0
0
0
276.5462
1175.32135
0
0
0
0
0
0
0
0
0
0
0
0
110.61848
0
0
0
0
0
0
0
0
0
0
0
0
0
0
0
0
0
0
0
0
0
0
0
0
0
0
0
0
0
0
0
0
0
0
0
0
0
0
0
0
0
0
0
0
0
0
0
0
0
0
0
0
0
0
0
207.40965
0
0
0
0
0
0
7577.36588
0
0
0
0
0
0
0
55627.26813
0
0
0
276.5462
0
0
0
0
553.0924
0
13.82731
0
0
0
0
0
0
0
0
0
111047.12661
0
0
0
0
0
0
0
0
0
0
0
0
3304.72709
73478.32534
719.02012
746.67474
1382.731
1451.86755
1147.66673
981.73901
0
108309.31923
12721.1252
0
0
0
0
0
0
0
0
0
0
0
0
0
0
0
0
31152.92943
0
0
0
0
0
0
0
0
0
0
0
3664.23715
0
0
0
0
0
0
0
0
0
0
0
0
0
0
0
0
0
0
0
0
0
0
746.67474
0
179.75503
30226.49966
0
0
0
0
0
0
0
0
0
0
0
0
0
0
0
0
0
0
0
0
566.91971
0
0
17823.40259
0
0
0
0
0
0
0
0
0
0
27.65462
0
0
26368.68017
0
7342.30161
4369.42996
0
0
0
0
539.26509
0
0
0
0
0
0
0
0
0
0
0
0
0
0
0
150883.60672
0
19938.98102
0
0
0
0
0
35550.01401
0
0
0
0
0
0
0
0
0
0
0
0
0
0
0
0
0
0
0
0
0
0
0
0
0
0
0
0
0
19510.33441
0
0
0
0
0
0
0
0
12776.43444
138.2731
0
0
0
0
0
0
0
0
1078.53018
0
0
0
0
0
0
0
0
0
0
0
0
0
0
90762.46284
0
0
0
0
0
0
0
0
0
0
0
0
0
0
0
0
0
0
0
0
0
0
0
359.51006
967.9117
0
0
0
0
0
0
0
0
0
0
0
0
0
4867.21312
69.13655
926.42977
41.48193
511.61047
13.82731
1272.11252
0
1424.21293
110.61848
152.10041
0
0
0
1382.731
622.22895
0
207.40965
262.71889
0
0
0
207.40965
0
41.48193
0
0
732.84743
96.79117
0
124.44579
0
2433.60656
318.02813
4839.5585
0
27.65462
221.23696
165.92772
82.96386
0
2240.02422
27.65462
304.20082
0
0
0
0
0
0
0
0
0
0
0
0
0
0
0
96652.8969
2931.38972
0
0
0
2281.50615
0
0
0
0
0
0
0
0
0
0
82.96386
0
0
0
0
0
0
0
0
0
0
0
0
221.23696
0
0
0
11767.04081
0
0
0
0
0
0
0
0
18086.12148
0
13758.17345
0
0
0
0
0
0
0
0
0
0
0
154520.18925
0
0
0
0
0
0
0
0
4535.35768
0
0
0
0
0
0
0
0
42463.66901
0
0
0
0
0
0
0
0
21432.3305
0
0
0
2862.25317
801.98398
0
0
456.30123
0
0
1797.5503
0
3650.40984
0
0
981.73901
165.92772
0
0
124.44579
1576.31334
0
0
0
0
27.65462
138.2731
0
0
1686.93182
0
5558.57862
0
0
0
165.92772
0
387.16468
0
0
1023.22094
0
0
0
857.29322
0
82.96386
1548105.6276
0
3249.41785
2004.95995
69.13655
0
262.71889
19178.47897
1534.83141
0
2364.47001
0
497.78316
0
0
0
0
0
0
567528.11164
11919.14122
0
622.22895
2060.26919
0
0
0
0
0
0
0
41.48193
0
0
0
0
0
0
0
0
0
0
750919.72417
0
3180.2813
1880.51416
0
0
0
0
0
0
0
0
0
0
0
0
0
0
0
0
0
0
0
0
0
0
0
0
262.71889
0
0
0
0
0
0
0
0
0
0
0
0
0
0
0
0
0
0
0
0
0
0
0
0
0
0
0
0
0
0
0
0
0
0
0
0
0
0
0
0
0
0
0
0
0
0
2018.78726
0
0
0
0
0
0
0
0
0
0
0
0
0
0
0
0
0
0
0
1120.01211
0
0
0
0
0
0
331.85544
0
0
732.84743
0
0
0
0
0
0
13.82731
0
0
0
0
0
0
0
0
0
0
0
0
0
0
0
0
0
0
0
0
0
0
0
0
0
0
0
0
0
0
0
0
0
0
0
0
0
0
0
0
0
207.40965
0
0
0
0
0
0
41.48193
0
0
0
0
0
8033.66711
0
0
0
0
0
0
0
0
0
0
0
0
0
0
0
0
0
13.82731
0
0
0
0
0
69.13655
0
0
0
0
0
0
0
0
0
0
0
0
0
0
0
276.5462
0
0
0
0
2157.06036
30475.39124
0
0
0
0
0
43832.5727
0
0
0
0
4438.56651
0
0
0
0
0
2959.04434
0
0
1949.65071
0
0
0
0
0
0
0
0
0
0
0
0
373.33737
0
1645.44989
0
27.65462
55.30924
0
0
13301.87222
0
0
0
0
0
373.33737
0
0
0
0
52612.91455
0
0
0
0
0
0
0
0
0
0
0
0
0
0
1424.21293
13.82731
21612.08553
0
0
0
0
96.79117
16592.772
0
3774.85563
69.13655
0
0
0
0
0
0
0
2004.95995
0
2018.78726
0
0
0
0
0
0
0
331.85544
0
0
0
0
235.06427
0
0
0
0
0
0
0
0
0
0
0
0
0
0
0
0
0
206635.32064
10771.47449
0
0
0
0
55.30924
159428.8843
0
801.98398
0
0
0
23409.63583
29742.54381
0
0
0
0
0
7508.22933
535752.95326
0
5793.64289
0
0
4784.24926
27.65462
0
0
0
0
17519.20177
0
19178.47897
108834.75701
0
0
0
0
41.48193
349651.18797
695790.2392
0
241314.21412
71127.68264
0
0
3788.68294
0
0
0
0
0
0
0
8711.2053
0
0
0
25290.14999
0
1714.58644
13218.90836
5973.39792
48713.61313
13080.63526
55.30924
27.65462
27.65462
43556.0265
51658.83016
69.13655
13.82731
44593.07475
96.79117
33462.0902
82.96386
52073.64946
13.82731
0
0
0
193.58234
0
0
0
27.65462
0
0
13.82731
0
1078.53018
0
0
0
0
0
13.82731
0
0
0
0
5046.96815
165.92772
0
3332.38171
2322.98808
732.84743
0
1852.85954
0
55.30924
82.96386
0
3083.49013
0
5683.02441
511.61047
4521.53037
0
96.79117
566.91971
138.2731
3802.51025
0
0
262.71889
1700.75913
1534.83141
6305.25336
138.2731
1133.83942
0
0
0
51921.54905
27972.64813
0
0
0
0
0
0
0
0
0
0
0
0
41.48193
0
0
13.82731
6346.73529
0
428.64661
0
0
0
0
41.48193
0
0
9070.71536
0
39947.09859
32010.22265
24377.54753
0
3387.69095
5710.67903
0
0
0
0
13163.59912
0
41.48193
0
0
27.65462
0
0
0
967.9117
29839.33498
0
0
22026.90483
235.06427
41.48193
6277.59874
0
0
110.61848
124.44579
441851.69105
0
0
179.75503
0
0
12900.88023
41.48193
0
0
7563.53857
0
0
359.51006
0
0
0
0
0
2599.53428
0
0
0
0
0
0
0
0
0
0
0
0
9513.18928
0
0
0
0
61006.09172
0
0
0
0
0
13.82731
0
0
0
0
27.65462
0
0
0
0
13.82731
13.82731
0
0
0
0
0
0
13.82731
0
428.64661
0
27.65462
0
0
0
0
4341.77534
0
0
41.48193
0
0
55.30924
0
0
0
0
0
0
0
0
0
0
0
0
0
0
0
0
0
0
0
0
0
0
0
0
0
0
0
0
0
0
0
0
0
5848.95213
884.94784
0
0
0
0
0
27.65462
49916.5891
0
0
0
0
0
0
0
0
47344.70944
0
0
0
0
23838.28244
0
0
0
0
0
0
0
0
0
0
0
27239.8007
0
0
0
0
0
0
0
0
0
0
0
0
0
0
0
0
0
0
17685.12949
0
0
0
0
0
0
0
0
0
0
0
0
0
0
0
0
0
0
0
0
0
0
3816.33756
0
0
0
0
0
0
0
0
0
0
0
0
0
0
0
0
0
0
0
0
0
0
0
0
0
0
0
0
0
0
0
36517.92571
0
13.82731
0
0
0
0
0
0
0
0
0
0
0
0
0
0
13.82731
0
0
0
0
0
0
0
0
0
0
0
0
0
0
0
0
5268.20511
0
0
0
0
262.71889
0
0
0
0
0
0
0
0
0
0
0
0
0
0
0
0
0
1092.35749
0
0
0
0
0
0
0
0
0
221.23696
276.5462
0
27.65462
0
0
27.65462
1216.80328
0
0
0
0
0
0
0
82.96386
0
13.82731
0
0
0
0
0
0
0
1424.21293
0
18196.73996
0
0
0
622.22895
3940.78335
0
0
0
0
0
0
0
27.65462
0
1161.49404
0
0
0
0
0
0
0
0
207.40965
27.65462
0
0
0
13633.72766
0
0
0
0
0
0
0
0
0
0
0
0
0
0
0
0
0
0
0
0
0
0
0
0
0
0
0
0
0
0
0
0
0
0
0
0
0
0
0
0
0
0
0
0
0
0
0
0
0
0
0
0
0
0
0
0
0
0
0
13.82731
0
0
0
0
0
0
0
0
0
0
0
0
0
0
0
0
0
0
3207.93592
0
0
0
0
0
0
0
0
0
0
0
0
0
0
0
6263.77143
0
0
0
0
0
0
0
0
0
0
0
0
0
0
0
207.40965
0
248.89158
7798.60284
165.92772
843.46591
0
318.02813
179.75503
0
165.92772
3083.49013
69.13655
4480.04844
843.46591
3595.1006
0
30613.66434
0
732.84743
41.48193
0
0
1285.93983
6955.13693
110.61848
12361.61514
55.30924
1645.44989
0
1009.39363
0
0
0
0
0
0
0
0
0
0
0
0
0
0
0
0
0
0
0
0
0
0
0
0
1147.66673
0
0
0
0
0
0
0
0
2668.67083
0
0
0
0
0
0
0
0
1590.14065
0
0
0
36656.19881
66564.67034
23354.32659
0
0
553.0924
1216.80328
0
4341.77534
1120.01211
0
2931.38972
221.23696
0
20893.06541
0
0
0
117808.6812
8158.1129
1465.69486
13.82731
0
0
1037.04825
13.82731
0
0
69.13655
0
0
8628.24144
31139.10212
20602.6919
0
0
5295.85973
0
0
0
0
0
55.30924
53497.86239
2848.42586
0
11531.97654
12693.47058
69.13655
55.30924
0
0
0
0
1839.03223
0
0
15071.7679
6803.03652
0
0
0
248.89158
0
0
0
0
345.68275
0
0
0
221.23696
47980.7657
20008.11757
0
0
0
0
0
0
0
0
0
0
1161.49404
0
0
0
0
0
24253.10174
0
41827.61275
0
0
0
0
0
110.61848
0
0
1382.731
0
0
193.58234
0
0
80143.08876
9015.40612
0
0
0
0
1507.17679
0
0
0
0
0
0
0
0
0
0
0
0
0
13.82731
566.91971
0
0
815.81129
0
0
152.10041
0
0
0
2765.462
0
0
0
0
0
0
2862.25317
0
0
0
0
0
0
0
0
0
0
0
1230.63059
13.82731
0
0
0
179.75503
0
0
0
0
0
0
0
0
0
0
0
0
82.96386
0
10895.92028
1175.32135
1078.53018
0
677.53819
0
0
0
0
0
2461.26118
0
0
0
0
0
0
0
55.30924
0
0
0
0
0
0
0
0
0
28415.12205
0
0
0
0
12472.23362
0
0
0
0
0
0
0
0
97648.46322
0
0
0
6637.1088
0
0
0
0
0
0
124.44579
0
0
0
0
0
9305.77963
0
0
82.96386
0
0
33531.22675
0
0
27.65462
0
0
32756.89739
51368.45665
0
2281.50615
13.82731
0
69.13655
0
0
0
0
0
0
1396.55831
0
0
179.75503
0
0
0
0
0
359.51006
0
12776.43444
0
3470.65481
0
0
290.37351
2696.32545
108558.21081
0
0
0
0
0
0
0
0
0
0
0
0
0
0
0
82.96386
0
0
0
96.79117
0
0
0
0
0
262.71889
0
0
0
0
0
0
0
0
0
760.50205
0
0
0
0
0
0
0
0
55.30924
2212.3696
13.82731
0
0
41.48193
0
1465.69486
0
0
124.44579
0
0
0
0
96.79117
11739.38619
0
0
0
0
0
221.23696
0
0
0
746.67474
13.82731
0
0
0
0
0
1839.03223
0
0
0
0
0
0
0
0
0
566.91971
967.9117
14477.19357
38260.16677
35550.01401
0
0
0
0
0
0
0
0
0
0
0
0
0
0
22898.02536
15154.73176
30185.01773
0
0
0
27.65462
0
0
0
0
0
0
0
0
0
12168.0328
0
428494.50959
69.13655
283266.27266
13.82731
1493.34948
0
0
53746.75397
1382.731
0
0
0
0
1659.2772
0
0
4563.0123
0
0
0
25525.21426
110452.55228
21224.92085
7342.30161
0
0
55.30924
0
13.82731
0
0
0
0
0
0
0
0
1410.38562
0
0
0
18404.14961
5157.58663
470.12854
0
0
2723.98007
6996.61886
0
48367.93038
0
0
0
0
13.82731
0
0
1631.62258
0
331.85544
0
10729.99256
0
2585.70697
15113.24983
42532.80556
0
1202.97597
0
2433.60656
995.56632
1382.731
75538.59453
0
9513.18928
0
0
0
13592.24573
75441.80336
38605.84952
2281.50615
96.79117
0
0
0
20436.76418
0
0
0
0
26520.78058
70809.65451
0
0
0
0
0
2876.08048
82.96386
0
0
47372.36406
0
0
36089.2791
0
0
663.71088
470.12854
38799.43186
0
0
0
1244.4579
0
42878.48831
0
110.61848
0
705.19281
0
0
0
0
0
0
428.64661
0
0
248.89158
0
0
138.2731
0
0
41.48193
0
0
0
0
0
0
0
0
0
0
0
677.53819
0
0
0
0
0
0
0
0
96.79117
0
0
0
0
0
0
0
69.13655
0
82.96386
0
0
0
0
0
0
27.65462
0
0
0
0
0
871.12053
138.2731
0
719.02012
0
0
0
0
5268.20511
0
0
0
0
0
0
0
0
0
193.58234
0
0
32189.97768
13.82731
193.58234
0
0
0
0
47441.50061
0
0
0
2032.61457
0
0
8420.83179
0
0
34568.275
884.94784
0
0
0
0
0
97164.50737
0
1742.24106
0
2710.15276
0
0
0
0
0
7840.08477
85660.18545
0
0
0
0
0
165.92772
0
0
1728.41375
760.50205
0
0
0
0
0
2986.69896
110.61848
0
0
0
152.10041
0
0
0
0
0
0
674288.77215
0
0
0
0
0
0
0
0
0
0
0
0
0
0
0
0
0
0
0
0
0
0
0
0
0
0
0
0
0
0
0
898.77515
206607.66602
0
0
0
0
0
0
0
0
47565.9464
0
0
0
0
41385.13883
0
0
27.65462
0
0
0
0
0
0
0
0
0
0
0
0
0
0
0
0
0
0
0
55.30924
0
0
0
0
0
0
0
207.40965
0
0
0
0
1285.93983
0
0
0
0
0
0
0
0
32908.9978
0
0
0
0
27585.48345
0
0
0
0
0
0
0
829.6386
0
871.12053
0
0
0
0
0
0
90983.6998
10577.89215
0
0
0
0
0
940.25708
0
0
0
0
165.92772
0
0
0
0
0
0
539.26509
9623.80776
0
139918.54989
0
0
0
0
0
0
0
0
0
0
636.05626
0
0
0
0
0
0
0
0
0
0
0
0
0
0
0
0
0
0
0
0
0
0
0
497.78316
0
0
2931.38972
0
0
0
0
24197.7925
0
0
0
110.61848
0
34706.5481
0
0
0
0
0
0
0
0
56429.25211
0
0
0
0
0
22994.81653
0
0
0
0
0
0
0
0
0
0
5835.12482
0
0
0
0
0
0
0
0
0
0
0
0
0
0
0
13.82731
0
0
0
0
0
387.16468
0
0
0
0
0
0
0
0
0
0
0
0
0
207.40965
28014.13006
221.23696
0
0
0
0
0
0
0
0
0
0
0
0
0
0
0
0
0
0
0
0
0
27.65462
0
0
0
0
0
622.22895
0
0
0
0
0
0
0
0
0
0
0
0
0
0
0
0
0
0
22026.90483
124.44579
138.2731
82.96386
331.85544
13.82731
801.98398
27.65462
13.82731
0
13.82731
1175.32135
55.30924
2322.98808
0
0
0
39876.4286976849
0
5088.45008
0
0
0
0
16343.88042
0
13.82731
0
428.64661
967.9117
0
5046.96815
0
41.48193
0
62250.54962
0
0
82.96386
0
0
0
0
41.48193
0
0
0
0
0
67836.78286
0
1064.70287
0
0
1493.34948
0
0
0
96.79117
0
0
0
0
0
0
0
0
55.30924
0
0
0
0
0
0
30295.63621
1299.76714
0
0
3539.79136
0
0
0
179.75503
0
0
0
22372.58758
0
1451.86755
0
0
27.65462
0
0
0
0
318.02813
0
0
0
0
0
0
0
0
0
0
0
0
0
0
0
0
41.48193
0
0
14298.9718823151
0
0
0
0
0
0
0
0
0
0
0
152031.27345
0
55.30924
0
0
0
0
0
0
0
0
0
0
0
0
0
0
0
0
13.82731
0
0
0
0
79990.98835
13854.96462
0
47482.98254
0
169412.20212
0
0
0
0
0
0
0
0
4286.4661
110.61848
0
1272.11252
0
0
11739.38619
0
400.99199
1299.76714
6678.59073
0
0
7798.60284
74335.61856
40859.70105
138.2731
0
0
25276.32268
10605.54677
0
0
318.02813
19358.234
235.06427
940.25708
8849.4784
20740.965
82.96386
248.89158
82.96386
1659.2772
912.60246
940.25708
2765.462
511.61047
105087.556
11753.2135
7605.0205
1189.14866
3318.5544
497783.16
774.32936
207.40965
1368.90369
124.44579
7466.7474
152100.41
15210.041
4148.193
1797.5503
1244.4579
13550.7638
290.37351
470.12854
2212.3696
4839.5585
262.71889
15210.041
719.02012
1935.8234
10923.5749
2903.7351
2903.7351
843.46591
1037.04825
221.23696
82.96386
663.71088
8987.7515
2488.9158
12029.7597
400.99199
525.43778
82.96386
55309.24
331.85544
27.65462
0
0
13.82731
120574.1432
0
82.96386
1562.48603
11850.00467
0
0
0
2613.36159
483.95585
884.94784
801.98398
539.26509
760.50205
0
290.37351
0
0
0
719.02012
580.74702
152.10041
41.48193
0
0
0
0
13.82731
0
0
15071.7679
6554.14494
42021.19509
3111.14475
0
0
1396.55831
3166.45399
1977.30533
11407.53075
63273.77056
539.26509
0
0
110.61848
5185.24125
11988.27777
1825.20492
0
0
1811.37761
0
41.48193
0
6968.96424
0
69.13655
0
0
0
27.65462
0
483.95585
13052.98064
96.79117
0
19040.20587
176768.33104
27.65462
345.68275
110.61848
27.65462
27.65462
27.65462
69.13655
55.30924
13.82731
13.82731
13.82731
0
124.44579
0
663.71088
27.65462
41.48193
0
622.22895
27.65462
82.96386
55.30924
138.2731
