4065.22914
53871.19976
3000.52627
954.08439
663.71088
843.46591
470.12854
5655.36979
276.5462
1714.58644
1590.14065
41.48193
96.79117
82.96386
221.23696
5074.62277
3028.18089
124.44579
41.48193
2710.15276
345.68275
3111.14475
2986.69896
3346.20902
801.98398
2157.06036
4175.84762
926.42977
235.06427
207.40965
5060.79546
165.92772
124.44579
4977.8316
13924.10117
1576.31334
3429.17288
124.44579
5226.72318
5351.16897
1479.52217
10508.7556
3042.0082
2972.87165
11628.76771
207.40965
235.06427
2613.36159
14767.56708
760.50205
2060.26919
1451.86755
82.96386
1949.65071
2571.87966
138.2731
3346.20902
2903.7351
4466.22113
304.20082
2336.81539
497.78316
4867.21312
1396.55831
152.10041
96.79117
96.79117
10508.7556
296886.17301
387.16468
3650.40984
230307.67536
20409.10956
918603.51254
1511836.59347
100967.01762
22137.52331
139489.90328
1456236.97996
14380.4024
41122.41994
1551285.9089
1291788.78213
184815.82546
0
0
0
0
0
221.23696
309386.06125
12154.20549
559688.02687
179.75503
0
0
8144.28559
562190.76998
1783.72299
292890.08042
772407.36391
0
626985.54464
46376.79774
2253.85153
82.96386
0
0
4369.42996
483444.23953
0
11034.19338
0
111102.43585
0
605179.87677
389100.5034
0
27447.21035
272356.52507
416741.29609
305818.61527
12721.1252
359.51006
607101.87286
0
0
19482.67979
505816.82711
390358.78861
0
0
0
0
608.40164
363713.56224
0
1287861.82609
622.22895
1811.37761
420350.224
42311.5686
212995.88324
493759.41279
483.95585
193.58234
0
262.71889
13.82731
0
96.79117
0
0
207.40965
79147.52244
318816.28667
0
25262.49537
5835.12482
23547.90893
893437.80834
17104.38247
1146270.17169
92712.11355
13371.00877
14090.02889
3446830.35487
828062.28666
53331.93467
1505130.34812
113480.73317
2502936.69234
1730404.88264
45187.64908
243250.03752
126284.82223
984476.81738
12499.88824
3360.03633
90679.49898
1900245.73137
349734.15183
296526.66295
662950.37795
94979.79239
40762.90988
25442.2504
165181.04526
154077.71533
672989.00501
423903.84267
100510.71639
128303.60949
236322.55521
1023.22094
2191379.74342
230252.36612
11130.98455
244549.80466
49653.87021
45920.49651
198394.24388
52253.40449
536859.13806
528037.31428
205778.02742
2074013.53614
959878.03289
303647.7276
6208.46219
3400038.73783
7425.26547
312621.65179
1019708.80326
332671.25129
201924.449618021
206566.18409
23091.6077
77460.59062
133862.18811
206925.69415
202215.069483341
111392.80936
45173.82177
235.06427
506812.39343
186876.09465
16413.01697
36988.05425
478659.99027
1396.55831
7051.9281
21667.39477
175026.08998
14878.18556
43224.17106
161627.42659
334842.13896
0
254242.74897
765065.0623
37292.25507
48713.61313
479987.41203
20784.1594171256
6775.3819
174915.4715
15859.92457
444064.06065
503189.63821
92504.7039
4770.42195
218139.64256
1026484.18516
21584.43091
209539.05574
339349.84202
954471.55468
228454.81582
596551.63533
143250.9316
30641.31896
79354.93209
160908.40647
198836.7178
213147.98365
341451.59314
798153.81513
265000.39615
372604.52257
0
50870.67349
83862.63515
83834.98053
5669.1971
97703.77246
577210.613731513
293277.2451
5586.23324
12707.29789
1977.30533
1562.48603
6775.3819
2101.75112
1521.0041
898.77515
37637.93782
5116.1047
97358.08971
138.2731
29134.14217
1064.70287
4590.66692
815.81129
104949.2829
56885.55334
2972.87165
69316.30503
9291.95232
11158.63917
273877.52917
7770.94822
98505.75644
3871.6468
13052.98064
8807.99647
17463.89253
414.8193
16523.63545
9070.71536
211143.0237
152.10041
13785.82807
63909.82682
577041.30092
10342.82788
133364.40495
96514.6238
2364.47001
175496.21852
21404.67588
7535.88395
5959.57061
70809.65451
148947.78332
2488.9158
39435.48812
0
14352.74778
117380.03459
29410.68837
74225.00008
109622.91368
1382.731
6125.49833
5268.20511
76036.37769
44385.6651
78428.50232
633553.51689
23575.56355
4175.84762
167669.96106
30558.3551
37126.32735
95726.46713
11601.11309
14186.82006
17228.82826
14007.06503
31664.5399
566.91971
1327.42176
71929.66662
553.0924
3567.44598
1479.52217
2641.01621
622.22895
1120.01211
49003.98664
110.61848
0
1092.35749
3761.02832
3277.07247
4300.29341
898.77515
9900.35396
414.8193
9098.36998
96.79117
3069.66282
8987.7515
262.71889
37126.32735
1050.87556
1756.06837
954.08439
1396.55831
0
1686.93182
0
0
3318.5544
1700.75913
6014.87985
221.23696
3622.75522
2723.98007
5185.24125
23534.08162
1465.69486
8185.76752
2378.29732
2558.05235
22593.82454
0
442.47392
96210.42298
3207.93592
14491.02088
36103.10641
23506.427
829.6386
48423.23962
1617.79527
318.02813
663.71088
3788.68294
3111.14475
27.65462
1202.97597
2765.462
801.98398
580.74702
5157.58663
456.30123
55.30924
4784.24926
2018.78726
8517.62296
2641.01621
2585.70697
801.98398
1894.34147
898.77515
304.20082
276.5462
1548.65872
0
3332.38171
9278.12501
10688.51063
594.57433
636.05626
3470.65481
9803.56279
2461.26118
1092.35749
373.33737
1866.68685
1258.28521
7632.67512
55516.64965
27.65462
0
636.05626
2198.54229
387.16468
5655.36979
345.68275
25704.96929
414.8193
2046.44188
290.37351
63591.79869
84056.21749
884.94784
1106.1848
2751.63469
318.02813
1202.97597
1133.83942
5558.57862
428.64661
1175.32135
9623.80776
152.10041
3152.62668
1921.99609
359.51006
21971.59559
649.88357
345.68275
580.74702
33434.43558
1244.4579
981.73901
553.0924
4936.34967
61642.14798
580.74702
3166.45399
1327.42176
49916.5891
13.82731
0
6650.93611
3042.0082
5627.71517
33337.64441
4244.98417
14864.35825
9692.94431
235.06427
1603.96796
179.75503
11794.69543
594.57433
539.26509
483.95585
13.82731
4134.36569
1797.5503
0
10564.06484
1507.17679
10937.40221
2986.69896
69.13655
815.81129
10577.89215
110.61848
69.13655
22704.44302
1041777.19002
103317.66032
185852.87371
242143.85272
1811.37761
1303915.333
132424.14787
7466.7474
7245.51044
865160.95939
136268.14005
221001.89573
227445.42219
965906.74005
376697.40633
1104193.66736
133046.37682
29286.24258
123657.63333
491671.48898
303246.73561
483720.78573
643675.10781
550838.54847
2972.87165
1927139.84932
1663453.04762
37264.60045
3650.40984
322743.24271
898.77515
382283.63957
651653.46568
860791.52943
3014.35358
242600.15395
762410.21878
326476.61641
599109.68768
1161.49404
244729.55969
1330284.01317
91204.93676
277915.10369
1147.66673
304.20082
69.13655
663.71088
13.82731
2032.61457
0
2530.39773
3124.97206
3954.61066
193.58234
4341.77534
27.65462
636.05626
290.37351
5088.45008
4189.67493
0
400.99199
110.61848
124.44579
2889.90779
207.40965
96.79117
235.06427
124.44579
511.61047
276.5462
110.61848
31885.77686
13.82731
110.61848
41.48193
235.06427
41.48193
4507.70306
829.6386
2737.80738
677.53819
27.65462
82.96386
124.44579
511.61047
69.13655
2820.77124
8697.37799
1050.87556
262.71889
4314.12072
566.91971
10729.99256
15057.94059
262.71889
82.96386
138.2731
4867.21312
608.40164
470.12854
207.40965
857.29322
359.51006
207.40965
82549.0407
6139.32564
1189.14866
1742.24106
2599.53428
235.06427
539.26509
470.12854
442.47392
1880.51416
55.30924
248.89158
483.95585
0
41.48193
138.2731
442.47392
69.13655
871.12053
1825.20492
152.10041
456.30123
318.02813
3124.97206
138.2731
27.65462
290.37351
18307.35844
193.58234
622.22895
1659.2772
69.13655
138.2731
2281.50615
26451.64403
24432.85677
3028.18089
442.47392
719.02012
193.58234
0
82.96386
7508.22933
96.79117
0
553.0924
0
0
96.79117
0
0
41.48193
0
318.02813
0
0
359.51006
110.61848
0
14864.35825
41.48193
0
248.89158
13.82731
6485.00839
829.6386
0
41.48193
649.88357
69.13655
0
0
152.10041
0
0
2350.6427
21404.67588
55.30924
0
0
456.30123
7369.95623
14518.6755
19952.80833
11255.43034
22718.27033
0
179.75503
442.47392
3415.34557
13.82731
470.12854
0
0
0
3982.26528
6775.3819
235.06427
0
0
1147.66673
0
0
1521.0041
4770.42195
4645.97616
0
0
0
0
10564.06484
0
1368.90369
829.6386
5627.71517
1396.55831
3290.89978
0
829.6386
13.82731
0
262.71889
428.64661
1756.06837
580.74702
96.79117
0
0
55.30924
0
2046.44188
221.23696
55.30924
0
0
0
0
55.30924
221.23696
152.10041
41.48193
13.82731
82.96386
55.30924
69.13655
110.61848
0
69.13655
290.37351
276.5462
82.96386
0
207.40965
0
55.30924
69.13655
400.99199
0
0
41.48193
608.40164
345.68275
276.5462
41.48193
165.92772
207.40965
82.96386
954.08439
179.75503
82.96386
428.64661
55.30924
207.40965
13.82731
10024.79975
0
13.82731
0
13.82731
235.06427
41.48193
235.06427
0
331.85544
55.30924
0
387.16468
981.73901
497.78316
4314.12072
0
276.5462
110.61848
27.65462
27.65462
41.48193
152.10041
0
18431.80423
0
13.82731
3456.8275
82.96386
373.33737
0
1147.66673
1562.48603
27.65462
691.3655
580.74702
0
41.48193
373.33737
373.33737
55.30924
3899.30142
345.68275
13.82731
0
0
0
55.30924
96.79117
165.92772
0
13.82731
55.30924
165.92772
2820.77124
594.57433
0
110.61848
801.98398
96.79117
5544.75131
43556.0265
0
1106.1848
1368.90369
0
0
276.5462
57148.27223
5254.3778
9914.18127
12333.96052
290.37351
10038.62706
2004.95995
691.3655
10992.71145
2931.38972
13.82731
1175.32135
135189.60987
0
1880.51416
138.2731
362690.3413
111434.29129
981.73901
2765.462
22344.93296
18210.56727
170407.76844
254657.56827
23437.29045
41.48193
56055.91474
2143.23305
39449.31543
265912.99861
29369.20644
138.2731
1783.72299
74861.05634
3277.07247
239917.65581
21681.22208
79520.85981
400.99199
19510.33441
594.57433
470.12854
152.10041
7508.22933
96.79117
30987.00171
1603.96796
1451.86755
207686.1962
165.92772
15085.59521
248.89158
124.44579
62236.72231
193.58234
69.13655
4231.15686
16150.29808
110.61848
1507.17679
2115.57843
94717.0735
22206.65986
4742.76733
117310.89804
18265.87651
67491.10011
22441.72413
26755.84485
1908.16878
12831.74368
10757.64718
82.96386
3733.3737
52502.29607
43625.16305
202680.70998
6443.52646
96804.99731
133931.32466
1382.731
119523.26764
154616.98042
269480.44459
8849.4784
109567.60444
7107.23734
3014.35358
61102.88289
4189.67493
69413.0962
345.68275
55.30924
359.51006
27.65462
276.5462
41.48193
41.48193
248.89158
55.30924
41.48193
290.37351
262.71889
0
304.20082
152.10041
0
0
497.78316
27.65462
1189.14866
843.46591
290.37351
235.06427
55.30924
13.82731
96.79117
1894.34147
483.95585
13.82731
13.82731
138.2731
13.82731
1894.34147
0
69.13655
0
2668.67083
13.82731
110.61848
622.22895
13.82731
55.30924
55.30924
124.44579
1562.48603
276.5462
96.79117
179.75503
96.79117
373.33737
0
815.81129
55.30924
2004.95995
456.30123
6429.69915
124.44579
13.82731
1631.62258
760.50205
82.96386
69.13655
0
0
82.96386
27.65462
13.82731
13.82731
27.65462
110.61848
27.65462
96.79117
110.61848
262.71889
193.58234
221.23696
55.30924
248.89158
193.58234
55.30924
179.75503
262.71889
13.82731
13.82731
0
0
55.30924
41.48193
55.30924
27.65462
55.30924
41.48193
774.32936
55.30924
152.10041
331.85544
387.16468
27.65462
580.74702
0
0
0
318.02813
27.65462
13.82731
55.30924
124.44579
566.91971
1009.39363
55.30924
318.02813
82.96386
470.12854
981.73901
41.48193
1161.49404
1009.39363
359.51006
27.65462
96.79117
96.79117
13.82731
304.20082
227155.04868
22220.48717
165.92772
248.89158
37637.93782
4964.00429
193.58234
1355.07638
9969.49051
16606.59931
3650.40984
30240.32697
36697.68074
55.30924
51520.55706
304.20082
345.68275
34955.43968
331.85544
69205.68655
40818.21912
1299.76714
2378.29732
1092.35749
0
110.61848
185631.63675
9775.90817
69.13655
110.61848
0
82.96386
54673.18374
110397.24304
14739.91246
27.65462
22676.7884
0
16537.46276
22234.31448
2032.61457
37430.52817
0
0
0
0
82.96386
96.79117
51783.27595
10149.24554
387.16468
0
373.33737
42131.81357
0
0
87222.67148
0
1175.32135
13.82731
732.84743
18639.21388
359.51006
0
553.0924
4120.53838
760.50205
55.30924
1714.58644
373.33737
649.88357
165.92772
456.30123
1009.39363
262.71889
41.48193
304.20082
165.92772
4397.08458
566.91971
345.68275
2170.88767
2848.42586
96.79117
20146.39067
801.98398
2530.39773
373.33737
21128.12968
1756.06837
331.85544
1202.97597
1175.32135
4134.36569
3595.1006
2917.56241
12486.06093
248.89158
649.88357
2820.77124
926.42977
9623.80776
7356.12892
0
17629.82025
719.02012
11628.76771
345.68275
2959.04434
1189.14866
1811.37761
1009.39363
5752.16096
3470.65481
3553.61867
137761.48953
165.92772
4535.35768
1230.63059
27.65462
11130.98455
124.44579
7701.81167
179.75503
0
2433.60656
1700.75913
525.43778
12748.77982
10633.20139
3138.79937
21681.22208
691.3655
5558.57862
235.06427
221.23696
1825.20492
304.20082
179.75503
221.23696
235.06427
801.98398
608.40164
27.65462
0
1078.53018
4065.22914
1935.8234
69.13655
2281.50615
1202.97597
1285.93983
636.05626
276.5462
2765.462
3691.89177
19095.51511
1244.4579
5364.99628
13.82731
69.13655
926.42977
1465.69486
1908.16878
1756.06837
649.88357
138.2731
2198.54229
1175.32135
318.02813
1244.4579
6623.28149
27.65462
622.22895
1548.65872
3996.09259
30641.31896
207.40965
3069.66282
2558.05235
6982.79155
3415.34557
221.23696
0
400.99199
566.91971
1908.16878
13232.73567
331.85544
290.37351
2046.44188
746.67474
34457.65652
1064.70287
138.2731
414.8193
3346.20902
23547.90893
2668.67083
1120.01211
2101.75112
2682.49814
5378.82359
6056.36178
3360.03633
11324.56689
746.67474
304.20082
1410.38562
82.96386
1037.04825
3968.43797
138.2731
871.12053
1258.28521
6471.18108
165.92772
663.71088
4424.7392
20312.31839
55.30924
2170.88767
82.96386
55.30924
124.44579
1714.58644
1189.14866
6678.59073
193.58234
10978.88414
1050.87556
732.84743
82.96386
13.82731
3567.44598
1037.04825
580.74702
1189.14866
27.65462
774.32936
691.3655
594.57433
221.23696
318.02813
13.82731
138.2731
165.92772
2212.3696
331.85544
12831.74368
649.88357
41.48193
179.75503
262.71889
13.82731
483.95585
34153.4557
1175.32135
428.64661
165.92772
4894.86774
19690.08944
1811.37761
1880.51416
152.10041
359.51006
884.94784
55.30924
55.30924
719.02012
1050.87556
25359.28654
69.13655
18888.10546
124.44579
5129.93201
9817.3901
6139.32564
0
373.33737
7798.60284
96.79117
4466.22113
829.6386
235.06427
318.02813
3622.75522
152.10041
13.82731
124.44579
248.89158
165.92772
221.23696
599510.67967
912.60246
8683.55068
6733.89997
0
719.02012
124.44579
0
217268.52203
165.92772
0
20063.42681
1313.59445
82.96386
1064.70287
912.60246
4687.45809
41.48193
13.82731
69.13655
45560.98645
119868.95039
46445.93429
0
165.92772
13.82731
0
165.92772
221.23696
0
41.48193
69.13655
110.61848
359.51006
0
124.44579
227984.68728
55.30924
5033.14084
898.77515
387.16468
96.79117
9457.88004
262.71889
69.13655
110.61848
9858.87203
221.23696
42878.48831
27.65462
746.67474
69.13655
41.48193
0
179354.03801
152.10041
124.44579
94564.97309
124.44579
124.44579
276.5462
446234.94832
170463.07768
5185.24125
138.2731
0
209497.57381
13.82731
0
2101.75112
369396.58665
138.2731
110.61848
2723.98007
27.65462
0
38757.94993
69.13655
124.44579
7784.77553
8185.76752
400.99199
13301.87222
553.0924
290.37351
17380.92867
1368.90369
13.82731
461597.08973
152.10041
3899.30142
318.02813
14698.43053
4563.0123
0
2364.47001
27.65462
760.50205
179.75503
1935.8234
41.48193
290.37351
69.13655
387.16468
41.48193
8807.99647
207.40965
539.26509
69.13655
221.23696
304.20082
147993.69893
1092.35749
55.30924
13.82731
691.3655
318.02813
0
470.12854
345.68275
22234.31448
11656.42233
69.13655
27.65462
290.37351
5434.13283
345.68275
1327.42176
207.40965
110.61848
732.84743
2240.02422
2184.71498
2986.69896
1258.28521
331.85544
221.23696
110.61848
124.44579
41.48193
2862.25317
124.44579
1175.32135
111337.50012
152.10041
1424.21293
954.08439
414.8193
265442.87007
1120.01211
0
138.2731
41.48193
179.75503
147468.26115
13.82731
539.26509
96.79117
580.74702
2309.16077
912.60246
207.40965
124.44579
345.68275
719.02012
4286.4661
13.82731
40873.52836
871.12053
207.40965
359.51006
262.71889
1244.4579
1438.04024
0
318.02813
131649.81851
41.48193
1396.55831
452222.17355
55.30924
0
400.99199
55.30924
8019.8398
207.40965
1673.10451
41.48193
636.05626
0
13.82731
0
661332.58268
357781.64625
323185.71663
263507.04667
544616.25897
165.92772
204616.53338
55889.98702
205031.35268
4549.18499
104935.45559
47939.28377
1313.59445
63218.46132
55959.12357
434620.00792
4438.56651
171956.42716
54120.09134
98644.02954
11213.94841
122468.48467
21487.63974
528452.13358
197536.95066
39089.80537
1230.63059
34250.24687
595431.62322
298642.24138
2723.98007
65569.10402
98118.59176
260962.82163
67629.37321
334911.27551
334579.42007
38771.77724
188065.24331
98644.02954
222246.35363
308819.14154
116716.32371
225730.83575
83364.85199
25317.80461
11061.848
117172.62494
210977.09598
586996.96412
9416.39811
123726.76988
258750.45203
174168.79676
2530.39773
426365.10385
160576.55103
106359.66852
6761.55459
17450.06522
3194.10861
78926.28548
136544.68625
11296.91227
67587.89128
301946.96847
12582.8521
67822.95555
1479.52217
34554.44769
196499.90241
53885.02707
54465.77409
163314.35841
26119.78859
7549.71126
223753.53042
3830.16487
7397.61085
236101.31825
37416.70086
10522.58291
41620.2031
10080.10899
146237.63056
163673.86847
50054.8622
47828.66529
42380.70515
25138.04958
36573.23495
13384.83608
74653.64669
1977.30533
68929.14035
158032.32599
194384.32398
49584.73366
56152.70591
32037.87727
473682.15867
2654.84352
229077.04477
53124.52502
7743.2936
139102.7386
147938.38969
29078.83293
38674.98607
40569.32754
10605.54677
318415.29468
16025.85229
11767.04081
8545.27758
44219.73738
150468.78742
233709.19362
47662.73757
5157.58663
84194.49059
2295.33346
124.44579
131718.95506
206704.45719
70242.7348
145919.60243
87181.18955
50096.34413
1894.34147
27405.72842
58268.28434
4231.15686
65983.92332
698458.91003
67007.14426
71570.15656
57825.81042
131290.30845
23769.14589
106940.41554
954.08439
5807.4702
161959.28203
3622.75522
18625.38657
55682.57737
52059.82215
185700.7733
243982.88495
19911.3264
134913.06367
463767.9774
35439.39553
151215.46216
355541.62203
138010.38111
72538.06826
280404.01949
2226.19691
30046.74463
111683.18287
470.12854
43763.43615
84996.47457
7176.37389
110.61848
96.79117
69.13655
41.48193
124.44579
788.15667
497.78316
608.40164
165.92772
152.10041
20962.20196
1258.28521
60784.85476
3498.30943
2046.44188
38550.54028
1050.87556
9126.0246
13.82731
1451.86755
11545.80385
3373.86364
5351.16897
1189.14866
11490.49461
345.68275
13329.52684
2322.98808
801.98398
857.29322
967.9117
64144.89109
26368.68017
298835.82372
6720.07266
61434.73833
207741.50544
70616.07217
489403.81014
232450.90841
44620.72937
25525.21426
3788.68294
80627.04461
214378.61424
26617.57175
0
143154.14043
1355.07638
15929.06112
29452.1703
54659.35643
140623.7427
229657.79179
62623.88699
387773.08164
46224.69733
48907.19547
56138.8786
174196.45138
113867.89785
73519.80727
84554.00065
211792.90727
1189.14866
511.61047
262.71889
967.9117
815.81129
622.22895
2488.9158
262.71889
414.8193
318.02813
1935.8234
276.5462
345.68275
1908.16878
4645.97616
483.95585
442.47392
262.71889
6941.30962
1037.04825
179.75503
400.99199
760.50205
179.75503
248.89158
857.29322
1092.35749
2972.87165
262.71889
3705.71908
0
3083.49013
1050.87556
3277.07247
1479.52217
4839.5585
3194.10861
1617.79527
553.0924
580.74702
359.51006
1216.80328
290.37351
774.32936
539.26509
1009.39363
815.81129
497.78316
276.5462
331.85544
1562.48603
15763.1334
649.88357
829.6386
497.78316
4728.94002
290.37351
594.57433
2336.81539
3401.51826
3581.27329
525.43778
4009.9199
3138.79937
3650.40984
884.94784
6609.45418
9001.57881
1659.2772
8268.73138
12181.86011
10564.06484
2405.95194
16122.64346
2876.08048
14048.54696
0
2558.05235
3042.0082
5890.43406
2018.78726
483.95585
7259.33775
608.40164
2599.53428
3263.24516
5835.12482
9347.26156
2751.63469
705.19281
6941.30962
2447.43387
23879.76437
3360.03633
8254.90407
4839.5585
6692.41804
2405.95194
1991.13264
152.10041
3249.41785
4894.86774
11697.90426
3498.30943
5876.60675
2074.0965
6097.84371
6733.89997
1659.2772
691.3655
6844.51845
2433.60656
10854.43835
2253.85153
3636.58253
5503.26938
2004.95995
6540.31763
1479.52217
1216.80328
3207.93592
8310.21331
1507.17679
2654.84352
13854.96462
8268.73138
3595.1006
3332.38171
12112.72356
2281.50615
1963.47802
1465.69486
10508.7556
1811.37761
2931.38972
7895.39401
1852.85954
10702.33794
2281.50615
6581.79956
8407.00448
3761.02832
1714.58644
28691.66825
2682.49814
1839.03223
1534.83141
4549.18499
345.68275
6927.48231
41.48193
4590.66692
2157.06036
13564.59111
2240.02422
3235.59054
1742.24106
10329.00057
1493.34948
5378.82359
1686.93182
1341.24907
0
636.05626
1908.16878
400.99199
124.44579
884.94784
221.23696
6761.55459
3055.83551
13.82731
8351.69524
2336.81539
2115.57843
539.26509
5669.1971
1603.96796
124.44579
10840.61104
12140.37818
3304.72709
69.13655
17892.53914
6512.66301
2696.32545
27461.03766
124.44579
46888.40821
3484.48212
2309.16077
2627.1889
691.3655
442.47392
6277.59874
871.12053
248.89158
96.79117
11684.07695
0
691.3655
138.2731
5351.16897
193.58234
152.10041
746.67474
387.16468
719.02012
3843.99218
69.13655
55.30924
553.0924
1092.35749
27.65462
22400.2422
27.65462
981.73901
96.79117
152.10041
41.48193
41.48193
41.48193
13.82731
815.81129
82.96386
3360.03633
5337.34166
304.20082
124.44579
483.95585
248.89158
373.33737
788.15667
373.33737
96.79117
2502.74311
9471.70735
594.57433
221.23696
3747.20101
124.44579
0
400.99199
1811.37761
82.96386
594.57433
207.40965
0
0
55.30924
0
13.82731
0
1216.80328
0
152.10041
387.16468
8642.06875
0
940.25708
13.82731
9001.57881
995.56632
27.65462
304.20082
304.20082
1272.11252
0
483.95585
1645.44989
13.82731
3595.1006
0
276.5462
110.61848
0
138.2731
0
0
1230.63059
69.13655
566.91971
0
290.37351
82.96386
221.23696
705.19281
152.10041
235.06427
82.96386
1147.66673
1147.66673
553.0924
414.8193
248.89158
207.40965
0
1009.39363
0
165.92772
304.20082
691.3655
41.48193
483.95585
3525.96405
622.22895
34153.4557
7549.71126
7549.71126
7522.05664
30005.2627
3553.61867
1092.35749
3194.10861
110.61848
72427.44978
553.0924
179.75503
1977.30533
304.20082
0
165.92772
3843.99218
96.79117
3387.69095
26299.54362
1686.93182
649.88357
9540.8439
2184.71498
4092.88376
41177.72918
8738.85992
1728.41375
2212.3696
98657.85685
428.64661
1064.70287
3595.1006
4673.63078
2654.84352
373.33737
6844.51845
3194.10861
2322.98808
2668.67083
2419.77925
622.22895
400.99199
11255.43034
4604.49423
414.8193
0
9609.98045
1175.32135
55.30924
829.6386
5918.08868
1714.58644
290.37351
304.20082
13.82731
525.43778
3304.72709
829.6386
705.19281
179.75503
7936.87594
1935.8234
304.20082
1852.85954
2641.01621
274333.8304
13744.34614
3885.47411
4563.0123
152.10041
6153.15295
1935.8234
8351.69524
676736.20602
24654.09373
130681.90681
4466.22113
7563.53857
26092.13397
307325.79206
13177.42643
156815.52271
52377.85028
25290.14999
178524.39941
579986.51795
59720.15189
308584.07727
163632.38654
26147.44321
884878.70345
627746.04669
52529.95069
1617.79527
78248.74729
837603.13056
262110.48836
524774.06912
36116.93372
47469.15523
14988.80404
19842.18985
486417.11118
173961.38711
161945.45472
110687.61655
81069.51853
48948.6774
76962.80746
967.9117
995.56632
400.99199
414.8193
400.99199
1230.63059
179.75503
124.44579
1507.17679
815.81129
138.2731
13.82731
235.06427
594.57433
2447.43387
110.61848
248.89158
290.37351
456.30123
608.40164
981.73901
705.19281
428.64661
69.13655
1230.63059
179.75503
0
1410.38562
55.30924
55.30924
248.89158
2226.19691
41.48193
235.06427
165.92772
3567.44598
165.92772
746.67474
1299.76714
262.71889
774.32936
55.30924
248.89158
124.44579
414.8193
2198.54229
69.13655
525.43778
719.02012
69.13655
55.30924
69.13655
0
1009.39363
649.88357
304.20082
41.48193
124.44579
138.2731
207.40965
152.10041
152.10041
884.94784
138.2731
1009.39363
110.61848
1023.22094
138.2731
456.30123
663.71088
1106.1848
1355.07638
0
4410.91189
12651.98865
497.78316
3954.61066
1202.97597
14283.61123
3678.06446
7812.43015
3443.00019
0
152.10041
2889.90779
2516.57042
9056.88805
2253.85153
152.10041
345.68275
8545.27758
0
1534.83141
5434.13283
2212.3696
179.75503
7176.37389
15071.7679
2240.02422
483.95585
193.58234
318.02813
1396.55831
15265.35024
248.89158
525.43778
1313.59445
1272.11252
1050.87556
20187.8726
1465.69486
1797.5503
5475.61476
1603.96796
6955.13693
41.48193
124.44579
1576.31334
82.96386
4798.07657
34761.85734
7107.23734
7978.35787
3664.23715
1783.72299
15887.57919
22206.65986
21114.30237
18459.45885
7452.92009
4715.11271
11670.24964
649.88357
11794.69543
1064.70287
2378.29732
2779.28931
0
4590.66692
2945.21703
7936.87594
193.58234
12624.33403
2585.70697
7715.63898
1092.35749
0
1216.80328
0
53898.85438
691.3655
345.68275
1313.59445
663.71088
483.95585
1769.89568
8918.61495
1230.63059
1438.04024
6194.63488
41.48193
276.5462
7701.81167
8849.4784
4867.21312
0
2392.12463
1521.0041
16081.16153
594.57433
6429.69915
5102.27739
0
0
23381.98121
331.85544
37209.29121
52986.25192
10398.13712
2267.67884
7093.41003
8407.00448
6968.96424
0
1189.14866
318.02813
27.65462
1147.66673
719.02012
179.75503
124.44579
110.61848
663.71088
96.79117
719.02012
193.58234
41.48193
55.30924
539.26509
2309.16077
3263.24516
1009.39363
4065.22914
345.68275
1064.70287
594.57433
10425.79174
2240.02422
27.65462
1673.10451
2129.40574
1244.4579
428.64661
898.77515
663.71088
511.61047
1783.72299
13.82731
235.06427
1064.70287
207.40965
5116.1047
207.40965
2060.26919
110.61848
41.48193
55.30924
82.96386
304.20082
96.79117
594.57433
5420.30552
4867.21312
525.43778
0
3083.49013
207.40965
262.71889
663.71088
82.96386
1756.06837
82.96386
663.71088
400.99199
165.92772
27.65462
967.9117
0
0
967.9117
152.10041
82.96386
82.96386
152.10041
276.5462
442.47392
41.48193
2295.33346
1949.65071
41.48193
13.82731
483.95585
4535.35768
221.23696
262.71889
705.19281
1673.10451
2544.22504
124.44579
276.5462
41.48193
235.06427
6720.07266
1313.59445
165.92772
580.74702
55.30924
2115.57843
663.71088
497.78316
28829.94135
1410.38562
0
2475.08849
5420.30552
33946.04605
4922.52236
76008.72307
1092.35749
8711.2053
4355.60265
5461.78745
3525.96405
17132.03709
470.12854
1991.13264
4065.22914
9734.42624
96141.28643
43874.05463
3608.92791
35674.4598
995.56632
10992.71145
33448.26289
3083.49013
926.42977
12914.70754
801.98398
314778.71215
0
74999.32944
0
434813.59026
74432.40973
580.74702
12085.06894
1714.58644
82065.08485
1078.53018
580.74702
898.77515
60079.66195
185216.81745
566.91971
31111.4475
8849.4784
400.99199
511.61047
1825.20492
0
179.75503
97454.88088
52156.61332
449138.68342
11587.28578
98229.21024
220434.97602
414.8193
2571.87966
566.91971
10743.81987
8904.78764
31526.2668
2032.61457
5613.88786
1299.76714
207.40965
331.85544
209207.2003
6706.24535
8462.31372
12209.51473
400.99199
5475.61476
126547.54112
2834.59855
33254.68055
0
359.51006
72828.44177
395032.41939
2834.59855
9084.54267
1811.37761
70560.76293
2392.12463
5918.08868
28041.78468
3042.0082
41.48193
345.68275
732.84743
273144.68174
42117.98626
815.81129
158779.00073
7038.10079
2018.78726
3567.44598
940.25708
420391.70593
44385.6651
829.6386
5613.88786
345.68275
499940.22036
926.42977
123394.91444
10093.9363
9706.77162
2129.40574
8296.386
164088.68777
414.8193
49847.45255
1714.58644
41.48193
54009.47286
0
705.19281
106318.18659
304.20082
1949.65071
497.78316
2322.98808
981.73901
193.58234
843.46591
0
1106.1848
1258.28521
3678.06446
0
1548.65872
705.19281
35978.66062
14297.43854
226270.10084
677.53819
5226.72318
7369.95623
1949.65071
41.48193
53331.93467
0
38993.0142
857.29322
414.8193
0
141992.64639
73146.4699
3166.45399
5074.62277
0
13.82731
0
44634.55668
4839.5585
198892.02704
64449.09191
60563.6178
2558.05235
32881.34318
4314.12072
5226.72318
12361.61514
857.29322
1299.76714
200717.23196
0
7494.40202
387.16468
0
165.92772
10024.79975
1852.85954
74667.474
5171.41394
0
6540.31763
483.95585
248.89158
316769.84479
155584.89212
732.84743
3318.5544
5323.51435
82.96386
22732.09764
23935.07361
290.37351
5724.50634
72054.11241
691.3655
9084.54267
98270.69217
0
3774.85563
0
0
0
179.75503
8863.30571
7024.27348
1783.72299
7522.05664
96.79117
0
292101.92375
1009.39363
276.5462
18514.76809
165.92772
843.46591
124.44579
1410.38562
140070.6503
5544.75131
940.25708
1216.80328
169384.5475
0
1175.32135
65928.61408
4604.49423
0
483.95585
138.2731
11988.27777
64863.91121
3042.0082
774.32936
10425.79174
705.19281
27212.14608
6222.2895
373.33737
7535.88395
288852.5059
17173.51902
60287.0716
31954.91341
55544.30427
497.78316
18307.35844
3207.93592
1963.47802
691.3655
246195.25455
0
4936.34967
49059.29588
107576.4718
526212.10936
327790.21086
43735.78153
24972.12186
55682.57737
443981.09679
140125.95954
82977.68731
17090.55516
270365.39243
69966.1886
19856.01716
364529.37353
46916.06283
61282.63792
196154.21966
65790.34098
28719.32287
232589.18151
184553.10657
76257.61465
80654.69923
314460.68402
334067.8096
60964.60979
107341.40753
65748.85905
101395.66423
221.23696
262.71889
110.61848
511.61047
0
276.5462
110.61848
110.61848
179.75503
221.23696
318.02813
221.23696
331.85544
511.61047
14145.33813
967.9117
111.955261785231
262.71889
276.5462
124.44579
345.68275
1617.79527
221.23696
871.12053
69.13655
221.23696
649.88357
0
13.82731
414.8193
4632.14885
511.61047
345.68275
318.02813
1175.32135
262.71889
0
691.3655
0
27.65462
746.67474
1285.93983
2018.78726
691.3655
152.10041
276.5462
608.40164
373.33737
359.51006
55.30924
442.47392
69.13655
124.44579
69.13655
815.81129
3719.54639
553.0924
608.40164
27.65462
801.98398
1050.87556
1507.17679
788.15667
2876.08048
318.02813
207.40965
2405.95194
221.23696
373.33737
41.48193
27.65462
1673.10451
248.89158
608.40164
1783.72299
788.15667
3194.10861
165.92772
235.06427
691.3655
193.58234
331.85544
1921.99609
179.75503
193.58234
926.42977
2060.26919
331.85544
96.79117
0
428.64661
193.58234
2779.28931
96.79117
82.96386
497.78316
248.89158
1216.80328
124.44579
248.89158
331.85544
967.9117
331.85544
483.95585
636.05626
1175.32135
152.10041
152.10041
123.888802702096
27.65462
0
0
0
27.65462
1216.80328
40.1451482147692
0
0
235.06427
27.65462
152.10041
0
0
221.23696
110.61848
345.68275
110.61848
0
0
27.65462
0
0
0
429.203597297904
193.58234
0
124.44579
0
193.58234
0
387.16468
318.02813
152.10041
207.40965
594.57433
1659.2772
110.61848
179.75503
0
287303.84718
331.85544
398032.94566
53276.62543
8019.8398
9416.39811
8241.07676
4549.18499
33752.46371
3678.06446
628091.72944
414.8193
1426162.58071
8725.03261
2627.1889
1603.96796
7217.85582
2710.15276
168126.26229
35619.15056
9872.69934
40472.53637
926.42977
110411.07035
3443.00019
456.30123
8489.96834
179.75503
23893.59168
511.61047
7425.26547
21321.71202
13135.9445
12983.84409
165.92772
175371.77273
62803.64202
3470.65481
768093.24319
0
27.65462
0
0
0
0
0
0
0
0
0
0
0
0
0
0
0
0
27.65462
0
0
0
0
0
0
0
27.65462
0
27.65462
0
0
0
0
0
0
0
0
0
0
13.82731
0
0
0
0
0
0
0
0
0
0
0
0
0
0
0
67795.30093
13.82731
6042.53447
207.40965
981.73901
1507.17679
774.32936
124.44579
1811.37761
290.37351
1175.32135
152.10041
6872.17307
801.98398
967.9117
2433.60656
17823.40259
3747.20101
27.65462
1009.39363
235.06427
594.57433
1949.65071
3498.30943
5268.20511
2226.19691
19773.0533
4079.05645
21971.59559
594.57433
276.5462
1285.93983
152.10041
15168.55907
1037.04825
608.40164
8614.41413
9333.43425
3042.0082
0
511.61047
49681.52483
1009.39363
5461.78745
677.53819
995.56632
2558.05235
456.30123
705.19281
77571.2091
6789.20921
3360.03633
1465.69486
8033.66711
774.32936
5489.44207
7121.06465
3097.31744
2627.1889
774.32936
82.96386
4148.193
193.58234
7038.10079
3263.24516
3138.79937
1092.35749
2848.42586
4811.90388
48658.30389
1009.39363
54064.7821
250882.71264
528714.85247
60052.00733
511638.12462
190360.57677
60618.92704
693024.7772
541297.70457
106276.70466
158267.39026
300799.30174
262359.37994
215415.66249
93458.78829
406066.61277
453259.2218
265622.6251
223559.94808
140872.63428
34194.93763
293457.00013
217033.45776
34388.51997
