3982.26528
44662.2113
636.05626
871.12053
165.92772
400.99199
27.65462
0
235.06427
0
1548.65872
0
27.65462
0
0
967.9117
1230.63059
82.96386
13.82731
1092.35749
0
1493.34948
1202.97597
511.61047
138.2731
580.74702
3014.35358
0
0
0
2378.29732
110.61848
41.48193
1230.63059
11020.36607
815.81129
13.82731
0
2876.08048
1216.80328
96.79117
3857.81949
0
1023.22094
7964.53056
13.82731
152.10041
1175.32135
12887.05292
677.53819
815.81129
815.81129
55.30924
0
594.57433
55.30924
0
1230.63059
0
235.06427
470.12854
235.06427
1202.97597
1050.87556
124.44579
69.13655
0
801.98398
296886.17301
318.02813
3042.0082
121168.71753
10218.38209
71501.02001
1091652.29719
27571.65614
11213.94841
97275.12585
350549.96312
14380.4024
14905.84018
230708.66735
739207.9926
166176.61158
0
0
0
0
0
0
214074.41342
0
549165.44396
179.75503
0
0
1410.38562
492998.91074
912.60246
290788.3293
719946.54977
0
492542.60951
41246.86573
1590.14065
82.96386
0
0
4369.42996
468870.25479
0
0
0
77446.76331
0
574248.1843
317461.21029
0
26396.33479
246983.41122
408113.05465
269190.07108
3968.43797
345.68275
437219.5422
0
0
7853.91208
502097.28072
363132.81522
0
0
0
0
0
361196.99182
0
1161452.55807
0
801.98398
287469.7749
14408.05702
153013.01246
466574.92133
0
0
0
0
0
0
96.79117
0
0
0
44122.94621
295088.62271
0
18044.63955
0
7687.98436
331565.06649
2571.87966
172799.89307
7715.63898
13122.11719
6720.07266
977120.68846
310630.51915
50414.37226
15859.92457
75967.24114
1079014.13585
700878.68928
30973.1744
78262.5746
86310.06902
485628.95451
8932.44226
3318.5544
37098.67273
543648.34727
86697.2337
71293.61036
661636.7835
66675.28882
4770.42195
17989.33031
31968.74072
28401.29474
207686.1962
197011.51288
72275.34937
122689.72163
51949.20367
608.40164
646675.63408
216383.57419
6678.59073
236516.13755
44786.65709
45422.71335
33019.61628
17270.31019
196444.59317
290719.19275
132064.63781
469368.03795
321139.27475
225233.05259
5613.88786
1645920.01854
871.12053
226463.68318
513435.67492
70408.66252
22261.9691
159774.56705
2641.01621
0
133779.22425
20713.31038
55.30924
41.48193
45173.82177
0
71376.57422
45643.95031
4715.11271
152.10041
304.20082
553.0924
0
2571.87966
13.82731
3263.24516
7867.73939
732.84743
165.92772
0
69.13655
1175.32135
0
0
0
373.33737
6775.3819
174915.4715
27.65462
165.92772
1147.66673
13.82731
3581.27329
73796.35347
359.51006
0
871.12053
0
221.23696
17602.16563
26341.02555
0
0
79271.96823
0
54244.53713
20367.62763
55.30924
192559.11906
0
215429.4898
0
0
20851.58348
55.30924
0
78995.42203
10965.05683
290940.42971
27.65462
705.19281
41.48193
69.13655
207.40965
55.30924
41.48193
27.65462
32065.53189
4065.22914
82950.03269
69.13655
28387.46743
788.15667
4563.0123
774.32936
66951.83502
23962.72823
2682.49814
25179.53151
8835.65109
7231.68313
220614.73105
7577.36588
96058.32257
3843.99218
4673.63078
7411.43816
14477.19357
27.65462
6803.03652
9001.57881
53027.73385
152.10041
13689.0369
63813.03565
144329.46178
9775.90817
114130.61674
93361.99712
2170.88767
57604.57346
21377.02126
7342.30161
5931.91599
55323.06731
86144.1413
1479.52217
38592.02221
0
14186.82006
114725.19107
26659.05368
11614.9404
89047.8764
760.50205
4452.39382
5268.20511
59388.29645
33116.40745
68998.2769
56138.8786
22980.98922
2917.56241
162249.65554
24349.89291
31457.13025
13205.08105
10246.03671
12015.93239
15306.83217
13647.55497
31318.85715
525.43778
1327.42176
47662.73757
553.0924
2945.21703
1382.731
1991.13264
553.0924
829.6386
43569.85381
0
0
345.68275
207.40965
2530.39773
3055.83551
746.67474
7812.43015
304.20082
8987.7515
55.30924
1078.53018
7798.60284
124.44579
13592.24573
663.71088
705.19281
124.44579
580.74702
0
1327.42176
0
0
1092.35749
511.61047
3401.51826
0
3553.61867
677.53819
3373.86364
11628.76771
318.02813
6664.76342
27.65462
2558.05235
15707.82416
0
0
94813.86467
815.81129
10342.82788
29880.81691
23022.47115
0
39075.97806
1451.86755
248.89158
442.47392
3761.02832
1991.13264
13.82731
0
884.94784
318.02813
262.71889
1064.70287
0
0
4410.91189
13.82731
6443.52646
387.16468
124.44579
27.65462
663.71088
719.02012
0
207.40965
345.68275
0
2101.75112
8545.27758
5973.39792
124.44579
553.0924
2558.05235
9803.56279
1451.86755
995.56632
0
1686.93182
1133.83942
5738.33365
43251.82568
0
0
69.13655
1991.13264
359.51006
4687.45809
345.68275
19828.36254
0
262.71889
124.44579
63370.56173
82410.7676
511.61047
636.05626
41.48193
0
290.37351
470.12854
5157.58663
345.68275
179.75503
9513.18928
13.82731
2696.32545
0
359.51006
17615.99294
345.68275
0
27.65462
17228.82826
525.43778
138.2731
0
3028.18089
60936.95517
400.99199
3166.45399
55.30924
32632.4516
13.82731
0
2461.26118
1728.41375
4231.15686
18182.91265
4120.53838
9803.56279
4341.77534
27.65462
829.6386
13.82731
6886.00038
511.61047
27.65462
0
13.82731
2737.80738
829.6386
0
8711.2053
1493.34948
2392.12463
2392.12463
41.48193
96.79117
8794.16916
82.96386
55.30924
17311.79212
58448.03937
2599.53428
36434.96185
2654.84352
304.20082
652344.83118
47317.05482
483.95585
2820.77124
217545.06823
50497.33612
114918.77341
136682.95935
223476.98422
52847.97882
651694.94761
47980.7657
4493.87575
11739.38619
123629.97871
24640.26642
73478.32534
8075.14904
138024.20842
470.12854
536153.94525
94426.69999
14656.9486
2530.39773
6581.79956
221.23696
145269.71886
144854.89956
507918.57823
1092.35749
106746.8332
114365.68101
33019.61628
383472.78823
1161.49404
58918.16791
386086.14982
1852.85954
55682.57737
1050.87556
304.20082
0
594.57433
0
1852.85954
0
2461.26118
3000.52627
3650.40984
96.79117
4258.81148
0
497.78316
138.2731
2806.94393
4106.71107
0
207.40965
82.96386
55.30924
1534.83141
165.92772
96.79117
165.92772
82.96386
511.61047
0
41.48193
29963.78077
0
55.30924
0
110.61848
0
4452.39382
691.3655
2682.49814
387.16468
0
0
82.96386
387.16468
0
2433.60656
7466.7474
954.08439
124.44579
2364.47001
345.68275
10716.16525
13025.32602
138.2731
41.48193
69.13655
3830.16487
304.20082
290.37351
0
456.30123
0
152.10041
82452.24953
6139.32564
1147.66673
1686.93182
2309.16077
152.10041
483.95585
456.30123
359.51006
1521.0041
0
248.89158
470.12854
0
0
110.61848
345.68275
0
677.53819
1451.86755
41.48193
235.06427
304.20082
3111.14475
69.13655
13.82731
221.23696
18224.39458
152.10041
290.37351
1631.62258
27.65462
0
2212.3696
25926.20625
24073.34671
1576.31334
13.82731
373.33737
193.58234
0
13.82731
6996.61886
55.30924
0
0
0
0
96.79117
0
0
41.48193
0
318.02813
0
0
318.02813
96.79117
0
11241.60303
41.48193
0
13.82731
13.82731
6028.70716
829.6386
0
41.48193
539.26509
69.13655
0
0
152.10041
0
0
2253.85153
6706.24535
0
0
0
414.8193
7300.81968
13772.00076
15555.72375
981.73901
12085.06894
0
138.2731
387.16468
3152.62668
0
55.30924
0
0
0
3539.79136
6567.97225
235.06427
0
0
1147.66673
0
0
981.73901
4632.14885
3456.8275
0
0
0
0
9596.15314
0
1064.70287
829.6386
4424.7392
1092.35749
3263.24516
0
829.6386
13.82731
0
262.71889
428.64661
1355.07638
483.95585
96.79117
0
0
55.30924
0
2004.95995
0
55.30924
0
0
0
0
55.30924
221.23696
138.2731
41.48193
13.82731
82.96386
55.30924
69.13655
110.61848
0
69.13655
69.13655
276.5462
82.96386
0
207.40965
0
55.30924
0
387.16468
0
0
0
580.74702
331.85544
262.71889
41.48193
165.92772
207.40965
41.48193
954.08439
179.75503
82.96386
318.02813
55.30924
207.40965
13.82731
10024.79975
0
13.82731
0
13.82731
235.06427
0
179.75503
0
318.02813
55.30924
0
387.16468
981.73901
497.78316
4300.29341
0
262.71889
0
0
27.65462
0
152.10041
0
18431.80423
0
13.82731
3456.8275
69.13655
373.33737
0
1078.53018
1451.86755
27.65462
497.78316
580.74702
0
0
359.51006
331.85544
55.30924
3816.33756
304.20082
13.82731
0
0
0
55.30924
27.65462
165.92772
0
0
27.65462
138.2731
2820.77124
594.57433
0
0
0
41.48193
5544.75131
43556.0265
0
553.0924
193.58234
0
0
0
57148.27223
5254.3778
7273.16506
11850.00467
13.82731
10038.62706
1327.42176
55.30924
10992.71145
2779.28931
13.82731
1175.32135
135189.60987
0
1659.2772
110.61848
362690.3413
111282.19088
732.84743
2309.16077
22344.93296
18210.56727
170407.76844
254657.56827
23437.29045
0
46763.96242
1949.65071
38868.56841
265912.99861
29244.76065
69.13655
1686.93182
1258.28521
138.2731
177556.48771
21377.02126
79520.85981
0
19510.33441
400.99199
414.8193
0
7508.22933
55.30924
29866.9896
746.67474
760.50205
207686.1962
0
746.67474
0
0
62236.72231
13.82731
0
4231.15686
11877.65929
0
1050.87556
2060.26919
94177.80841
5931.91599
4175.84762
117310.89804
18265.87651
67491.10011
18805.1416
26755.84485
1811.37761
1341.24907
10660.85601
13.82731
2917.56241
52502.29607
42311.5686
202680.70998
5876.60675
96804.99731
133931.32466
1313.59445
119495.61302
154616.98042
269480.44459
8116.63097
109567.60444
6955.13693
2170.88767
61102.88289
3111.14475
69413.0962
0
0
138.2731
0
0
0
0
0
0
0
13.82731
0
0
0
0
0
0
13.82731
0
41.48193
27.65462
0
13.82731
0
0
0
55.30924
0
0
0
0
0
262.71889
0
0
0
414.8193
0
0
13.82731
0
0
0
0
69.13655
0
0
0
0
13.82731
0
27.65462
0
82.96386
13.82731
262.71889
0
0
0
566.91971
0
0
0
0
0
0
0
0
0
0
0
0
0
13.82731
0
124.44579
0
13.82731
13.82731
0
13.82731
0
0
0
0
0
0
0
0
0
0
0
27.65462
0
0
0
13.82731
0
13.82731
0
0
0
0
0
0
0
0
13.82731
27.65462
0
13.82731
0
13.82731
13.82731
0
41.48193
0
13.82731
0
0
0
0
13.82731
177252.28689
20077.25412
165.92772
96.79117
28746.97749
4908.69505
0
290.37351
7978.35787
11393.70344
0
4770.42195
26548.4352
55.30924
34416.17459
27.65462
345.68275
27516.3469
248.89158
61102.88289
32673.93353
0
1023.22094
649.88357
0
110.61848
170366.28651
8130.45828
0
0
0
82.96386
50331.4084
99363.04966
2654.84352
27.65462
1631.62258
0
16537.46276
9651.46238
1631.62258
25469.90502
0
0
0
0
0
0
35370.25898
622.22895
41.48193
0
373.33737
38453.74911
0
0
7770.94822
0
1175.32135
0
483.95585
15721.65147
0
0
55.30924
428.64661
165.92772
0
165.92772
69.13655
69.13655
13.82731
55.30924
96.79117
27.65462
0
27.65462
13.82731
2198.54229
82.96386
27.65462
1050.87556
1133.83942
69.13655
15583.37837
511.61047
2281.50615
235.06427
19938.98102
1023.22094
55.30924
165.92772
276.5462
3443.00019
1368.90369
1299.76714
7618.84781
165.92772
566.91971
1866.68685
483.95585
8310.21331
6402.04453
0
15334.48679
663.71088
9817.3901
318.02813
2585.70697
456.30123
1382.731
732.84743
5171.41394
2945.21703
3360.03633
115789.89394
165.92772
4203.50224
207.40965
27.65462
4079.05645
69.13655
7618.84781
55.30924
0
1700.75913
41.48193
525.43778
9817.3901
6084.0164
2198.54229
19109.34242
566.91971
262.71889
152.10041
193.58234
1382.731
138.2731
27.65462
96.79117
82.96386
525.43778
262.71889
0
0
981.73901
3152.62668
1548.65872
0
1617.79527
857.29322
1050.87556
331.85544
124.44579
2004.95995
2737.80738
13564.59111
1147.66673
4009.9199
0
69.13655
511.61047
1285.93983
345.68275
1147.66673
649.88357
55.30924
359.51006
1120.01211
41.48193
954.08439
5683.02441
0
262.71889
1479.52217
2336.81539
25981.51549
0
2710.15276
1714.58644
3830.16487
2723.98007
179.75503
0
179.75503
276.5462
1908.16878
6526.49032
276.5462
290.37351
1341.24907
69.13655
25704.96929
954.08439
0
179.75503
1438.04024
19551.81634
1465.69486
290.37351
580.74702
41.48193
4148.193
6028.70716
179.75503
11172.46648
719.02012
262.71889
1216.80328
55.30924
774.32936
3857.81949
138.2731
788.15667
815.81129
0
13.82731
622.22895
4065.22914
19579.47096
13.82731
2087.92381
82.96386
27.65462
124.44579
1562.48603
1189.14866
6028.70716
165.92772
10923.5749
1037.04825
138.2731
41.48193
13.82731
3401.51826
525.43778
0
1120.01211
0
0
608.40164
539.26509
0
262.71889
0
124.44579
152.10041
2129.40574
290.37351
12610.50672
539.26509
0
69.13655
13.82731
13.82731
304.20082
33766.29102
0
248.89158
110.61848
165.92772
19676.26213
1258.28521
13.82731
41.48193
124.44579
580.74702
27.65462
0
41.48193
649.88357
24336.0656
69.13655
17754.26604
110.61848
5088.45008
9734.42624
5835.12482
0
262.71889
7010.44617
96.79117
4023.74721
760.50205
69.13655
318.02813
3207.93592
69.13655
0
0
69.13655
152.10041
13.82731
569533.07159
13.82731
8254.90407
69.13655
0
179.75503
27.65462
0
206400.25637
41.48193
0
19054.03318
331.85544
27.65462
262.71889
235.06427
4452.39382
13.82731
0
13.82731
43279.4803
113881.72516
44122.94621
0
41.48193
0
0
41.48193
55.30924
0
0
13.82731
27.65462
290.37351
0
0
216590.98384
13.82731
55.30924
221.23696
96.79117
0
96.79117
248.89158
13.82731
27.65462
96.79117
0
40735.25526
0
193.58234
13.82731
0
0
170380.11382
41.48193
27.65462
89836.03307
27.65462
27.65462
69.13655
423917.66998
161945.45472
4922.52236
0
0
199016.47283
0
0
1991.13264
350923.30049
41.48193
0
677.53819
0
0
36822.12653
69.13655
0
7784.77553
1839.03223
400.99199
10550.23753
0
290.37351
17380.92867
1368.90369
13.82731
443704.55059
152.10041
2240.02422
110.61848
13882.61924
4563.0123
0
0
27.65462
193.58234
179.75503
1935.8234
41.48193
290.37351
0
387.16468
41.48193
8559.10489
207.40965
539.26509
69.13655
0
0
147164.06033
1092.35749
0
13.82731
691.3655
318.02813
0
69.13655
345.68275
22234.31448
11656.42233
69.13655
27.65462
290.37351
898.77515
179.75503
1327.42176
207.40965
110.61848
636.05626
636.05626
2184.71498
2461.26118
1258.28521
331.85544
0
110.61848
124.44579
41.48193
636.05626
124.44579
1175.32135
111337.50012
152.10041
0
359.51006
414.8193
265442.87007
1120.01211
0
138.2731
0
0
147468.26115
13.82731
539.26509
96.79117
580.74702
0
539.26509
0
124.44579
0
719.02012
4286.4661
13.82731
33475.91751
788.15667
207.40965
359.51006
262.71889
1244.4579
1438.04024
0
318.02813
131649.81851
41.48193
1396.55831
449539.67541
55.30924
0
400.99199
55.30924
110.61848
207.40965
1673.10451
41.48193
345.68275
0
13.82731
0
2903.7351
6084.0164
6374.38991
2806.94393
1189.14866
13.82731
2004.95995
1106.1848
1769.89568
1866.68685
511.61047
428.64661
981.73901
1742.24106
12831.74368
15486.5872
304.20082
829.6386
13.82731
566.91971
1064.70287
1894.34147
483.95585
10757.64718
9679.117
110.61848
55.30924
27.65462
1894.34147
2281.50615
497.78316
5848.95213
442.47392
1949.65071
594.57433
6180.80757
4244.98417
539.26509
1507.17679
2931.38972
4687.45809
1465.69486
3691.89177
2240.02422
6471.18108
18846.62353
221.23696
3788.68294
580.74702
1189.14866
262.71889
1576.31334
6291.42605
4162.02031
41.48193
6899.82769
160382.96869
106359.66852
6761.55459
14020.89234
3194.10861
78262.5746
136226.65812
11296.91227
14214.47468
216853.70273
12582.8521
67822.95555
1479.52217
34554.44769
195753.22767
49128.43243
54465.77409
161046.67957
26119.78859
7549.71126
202666.88267
3830.16487
4065.22914
140125.95954
27626.96538
10522.58291
41620.2031
10080.10899
138314.58193
160949.8884
41716.99427
46114.07885
30890.21054
25138.04958
22013.07752
12472.23362
64172.54571
1977.30533
66260.46952
157396.26973
193098.38415
45132.33984
55654.92275
23976.55554
473682.15867
2502.74311
114642.22721
53124.52502
7743.2936
117753.37196
108931.54818
29078.83293
38674.98607
40569.32754
10605.54677
254726.70482
16025.85229
9319.60694
8545.27758
44219.73738
150330.51432
42380.70515
33337.64441
5157.58663
47040.50862
2295.33346
124.44579
131718.95506
149542.35765
70242.7348
145919.60243
87153.53493
36891.26308
1894.34147
26493.12596
55336.89462
4231.15686
65983.92332
9803.56279
65043.66624
64518.22846
41454.27538
16648.08124
23769.14589
106235.22273
954.08439
5807.4702
53166.00695
3622.75522
18625.38657
30876.38323
52018.34022
183903.223
4991.65891
13785.82807
13937.92848
29369.20644
35439.39553
148491.48209
292406.12457
128704.60148
69316.30503
15514.24182
2226.19691
28940.55983
30115.88118
0
10024.79975
79631.47829
41.48193
69.13655
55.30924
27.65462
27.65462
69.13655
483.95585
318.02813
456.30123
96.79117
124.44579
18473.28616
705.19281
10895.92028
2696.32545
1451.86755
34692.72079
622.22895
4867.21312
0
940.25708
442.47392
2267.67884
2585.70697
373.33737
3678.06446
221.23696
6332.90798
1009.39363
290.37351
539.26509
359.51006
10729.99256
400.99199
279048.94311
4756.59464
4576.83961
207741.50544
14892.01287
154423.39808
135632.08379
5503.26938
2419.77925
3788.68294
72303.00399
214378.61424
7632.67512
0
60964.60979
0
0
21141.95699
9997.14513
2004.95995
229657.79179
3014.35358
0
470.12854
26216.57976
29742.54381
37485.83741
1534.83141
73519.80727
82327.80374
14172.99275
124.44579
179.75503
13.82731
373.33737
304.20082
221.23696
1424.21293
96.79117
82.96386
27.65462
359.51006
110.61848
69.13655
400.99199
1783.72299
82.96386
41.48193
13.82731
2682.49814
179.75503
13.82731
27.65462
69.13655
0
27.65462
331.85544
207.40965
940.25708
27.65462
3705.71908
0
1023.22094
96.79117
1202.97597
539.26509
884.94784
1216.80328
539.26509
96.79117
179.75503
13.82731
221.23696
13.82731
179.75503
41.48193
165.92772
152.10041
96.79117
110.61848
124.44579
636.05626
15763.1334
96.79117
318.02813
193.58234
857.29322
13.82731
55.30924
857.29322
649.88357
1368.90369
179.75503
0
304.20082
290.37351
110.61848
622.22895
373.33737
1327.42176
387.16468
3650.40984
2115.57843
27.65462
801.98398
207.40965
1396.55831
0
2046.44188
3042.0082
1161.49404
193.58234
69.13655
0
276.5462
262.71889
995.56632
4687.45809
1866.68685
1396.55831
566.91971
705.19281
746.67474
7162.54658
470.12854
1230.63059
248.89158
179.75503
373.33737
1009.39363
0
331.85544
1949.65071
1147.66673
345.68275
1161.49404
138.2731
221.23696
3373.86364
511.61047
0
663.71088
152.10041
2723.98007
1797.5503
525.43778
1908.16878
193.58234
318.02813
82.96386
221.23696
470.12854
2087.92381
55.30924
663.71088
3470.65481
829.6386
1797.5503
1700.75913
9665.28969
580.74702
1963.47802
746.67474
2654.84352
1285.93983
304.20082
5544.75131
96.79117
1355.07638
331.85544
1991.13264
843.46591
359.51006
69.13655
5724.50634
677.53819
1756.06837
152.10041
0
69.13655
1216.80328
0
2074.0965
0
3415.34557
318.02813
2447.43387
41.48193
3456.8275
152.10041
1645.44989
1686.93182
262.71889
0
483.95585
1908.16878
0
0
0
0
1825.20492
2405.95194
0
6747.72728
2281.50615
96.79117
525.43778
1617.79527
1603.96796
0
9167.50653
0
3304.72709
0
17685.12949
6194.63488
2696.32545
10550.23753
124.44579
2295.33346
1313.59445
884.94784
566.91971
193.58234
442.47392
898.77515
96.79117
248.89158
55.30924
11006.53876
0
677.53819
124.44579
5337.34166
193.58234
0
0
0
719.02012
3843.99218
55.30924
0
442.47392
124.44579
27.65462
8448.48641
0
179.75503
13.82731
0
41.48193
41.48193
0
0
594.57433
0
3207.93592
1756.06837
82.96386
124.44579
13.82731
248.89158
0
124.44579
96.79117
0
1396.55831
0
470.12854
69.13655
2281.50615
0
0
41.48193
1230.63059
13.82731
262.71889
152.10041
0
0
27.65462
0
0
0
553.0924
0
0
221.23696
304.20082
0
497.78316
0
0
691.3655
27.65462
124.44579
55.30924
0
0
304.20082
1009.39363
13.82731
2599.53428
0
96.79117
0
0
13.82731
0
0
663.71088
0
124.44579
0
124.44579
55.30924
0
636.05626
96.79117
138.2731
82.96386
746.67474
400.99199
193.58234
414.8193
82.96386
124.44579
0
193.58234
0
124.44579
276.5462
235.06427
27.65462
0
483.95585
0
34015.1826
7134.89196
4120.53838
857.29322
25857.0697
3249.41785
566.91971
0
0
71902.012
442.47392
0
691.3655
13.82731
0
0
2903.7351
0
3318.5544
25995.3428
1521.0041
179.75503
1341.24907
1313.59445
3664.23715
40790.5645
3180.2813
0
414.8193
11545.80385
69.13655
179.75503
1797.5503
4106.71107
1728.41375
0
967.9117
0
41.48193
594.57433
1534.83141
0
0
10508.7556
2447.43387
138.2731
0
3456.8275
594.57433
0
649.88357
5060.79546
0
13.82731
27.65462
0
456.30123
193.58234
110.61848
207.40965
0
6429.69915
0
262.71889
677.53819
428.64661
273780.738
13218.90836
3042.0082
1521.0041
0
4438.56651
1908.16878
7605.0205
94717.0735
8877.13302
57853.46504
345.68275
1521.0041
2488.9158
76893.67091
2074.0965
119716.84998
1037.04825
8669.72337
5406.47821
290013.99994
3083.49013
46266.17926
32826.03394
3429.17288
433831.85125
313935.24624
17698.9568
96.79117
35287.29512
276601.50924
162401.75595
262387.03456
16966.10937
7577.36588
8697.37799
1631.62258
238258.37861
33144.06207
4853.38581
35577.66863
20478.24611
1493.34948
16938.45475
221.23696
276.5462
221.23696
110.61848
96.79117
400.99199
69.13655
41.48193
525.43778
165.92772
55.30924
0
96.79117
179.75503
705.19281
41.48193
41.48193
55.30924
110.61848
179.75503
248.89158
304.20082
179.75503
27.65462
290.37351
55.30924
0
290.37351
13.82731
13.82731
82.96386
456.30123
13.82731
41.48193
41.48193
871.12053
41.48193
193.58234
179.75503
55.30924
193.58234
27.65462
96.79117
27.65462
179.75503
815.81129
13.82731
96.79117
179.75503
13.82731
55.30924
0
0
235.06427
152.10041
82.96386
0
41.48193
41.48193
55.30924
124.44579
41.48193
124.44579
27.65462
262.71889
13.82731
318.02813
110.61848
428.64661
566.91971
1023.22094
1050.87556
0
1714.58644
10121.59092
0
1866.68685
497.78316
7674.15705
110.61848
7300.81968
2115.57843
0
96.79117
2336.81539
2143.23305
8282.55869
1078.53018
152.10041
235.06427
608.40164
0
470.12854
152.10041
124.44579
0
6830.69114
3194.10861
2074.0965
165.92772
41.48193
0
995.56632
11531.97654
0
290.37351
760.50205
387.16468
0
14573.98474
0
373.33737
0
124.44579
4549.18499
0
27.65462
594.57433
41.48193
4798.07657
34761.85734
3207.93592
7757.12091
3346.20902
1272.11252
981.73901
3525.96405
14048.54696
1645.44989
7411.43816
4535.35768
9762.08086
0
622.22895
566.91971
1230.63059
2461.26118
0
4314.12072
2945.21703
483.95585
0
12209.51473
428.64661
7715.63898
539.26509
0
0
0
4162.02031
442.47392
345.68275
0
663.71088
0
1769.89568
7134.89196
1230.63059
829.6386
981.73901
41.48193
27.65462
7134.89196
553.0924
138.2731
0
1866.68685
1521.0041
1092.35749
124.44579
4189.67493
4950.17698
0
0
21778.01325
0
3747.20101
50884.5008
5074.62277
2267.67884
6955.13693
6014.87985
6664.76342
0
193.58234
318.02813
13.82731
677.53819
566.91971
152.10041
124.44579
110.61848
331.85544
96.79117
345.68275
165.92772
41.48193
55.30924
539.26509
1769.89568
1631.62258
359.51006
1023.22094
262.71889
857.29322
165.92772
5212.89587
1230.63059
27.65462
1147.66673
1161.49404
1244.4579
345.68275
373.33737
663.71088
345.68275
898.77515
13.82731
124.44579
871.12053
179.75503
2558.05235
207.40965
1189.14866
55.30924
41.48193
27.65462
82.96386
207.40965
13.82731
525.43778
2710.15276
2433.60656
262.71889
0
3083.49013
207.40965
235.06427
553.0924
82.96386
1078.53018
82.96386
27.65462
304.20082
165.92772
27.65462
760.50205
0
0
553.0924
152.10041
82.96386
82.96386
152.10041
96.79117
400.99199
41.48193
2267.67884
1368.90369
41.48193
13.82731
96.79117
3843.99218
221.23696
165.92772
124.44579
276.5462
1272.11252
124.44579
276.5462
41.48193
235.06427
5683.02441
912.60246
165.92772
373.33737
55.30924
1396.55831
110.61848
318.02813
28829.94135
290.37351
0
0
5420.30552
33946.04605
4922.52236
75828.96804
1092.35749
7770.94822
3042.0082
5461.78745
1921.99609
12596.67941
456.30123
1991.13264
566.91971
9623.80776
18376.49499
39297.21502
3429.17288
35674.4598
995.56632
221.23696
23146.91694
1230.63059
884.94784
0
801.98398
0
0
73851.66271
0
434813.59026
0
248.89158
11670.24964
1673.10451
82065.08485
1078.53018
0
138.2731
59955.21616
57341.85457
276.5462
12693.47058
7964.53056
152.10041
179.75503
1825.20492
0
179.75503
96887.96117
52156.61332
448903.61915
4272.63879
97482.5355
220434.97602
414.8193
1189.14866
566.91971
10688.51063
8849.4784
31470.95756
2032.61457
5600.06055
1299.76714
41.48193
331.85544
0
6001.05254
7840.08477
1341.24907
248.89158
5420.30552
126478.40457
2834.59855
18445.63154
0
262.71889
72828.44177
393635.86108
359.51006
9084.54267
1576.31334
70560.76293
2392.12463
4424.7392
28041.78468
2087.92381
0
96.79117
636.05626
270987.62138
42117.98626
304.20082
158571.59108
7038.10079
1769.89568
1714.58644
774.32936
420391.70593
44275.04662
815.81129
5613.88786
165.92772
0
221.23696
122136.62923
829.6386
2862.25317
262.71889
8296.386
77681.82758
331.85544
49501.7698
69.13655
0
52156.61332
0
649.88357
152.10041
304.20082
1797.5503
165.92772
1147.66673
815.81129
179.75503
663.71088
0
1092.35749
553.0924
663.71088
0
1548.65872
705.19281
35964.83331
9361.08887
225606.38996
96.79117
5226.72318
6899.82769
1949.65071
41.48193
0
0
38785.60455
857.29322
27.65462
0
130889.31646
65735.03174
3000.52627
1023.22094
0
13.82731
0
44634.55668
4756.59464
25940.03356
0
41855.26737
1050.87556
18473.28616
2364.47001
1839.03223
11656.42233
857.29322
580.74702
200717.23196
0
7494.40202
179.75503
0
165.92772
9941.83589
1839.03223
74667.474
5171.41394
0
4687.45809
428.64661
221.23696
316631.57169
151436.69912
732.84743
1465.69486
3346.20902
0
22621.47916
23935.07361
110.61848
82.96386
50483.50881
691.3655
9084.54267
94841.51929
0
2682.49814
0
0
0
0
8863.30571
1769.89568
1783.72299
7231.68313
82.96386
0
292101.92375
82.96386
165.92772
0
27.65462
843.46591
110.61848
1410.38562
140070.6503
732.84743
926.42977
290.37351
169384.5475
0
0
46708.65318
898.77515
0
483.95585
138.2731
11988.27777
64379.95536
345.68275
110.61848
10425.79174
705.19281
27073.87298
1106.1848
373.33737
124.44579
146071.70284
17173.51902
2018.78726
31719.84914
0
456.30123
16910.80013
3207.93592
1023.22094
373.33737
246195.25455
0
0
48506.20348
61365.60178
58406.55744
19510.33441
124.44579
124.44579
4438.56651
1285.93983
124.44579
1299.76714
622.22895
178303.16245
31111.4475
1230.63059
193333.44842
124.44579
2475.08849
1230.63059
2668.67083
1230.63059
7286.99237
24709.40297
954.08439
23713.83665
1230.63059
44855.79364
1230.63059
10453.44636
4327.94803
5212.89587
69.13655
110.61848
55.30924
193.58234
0
124.44579
13.82731
27.65462
82.96386
55.30924
110.61848
41.48193
124.44579
55.30924
10854.43835
138.2731
30.5332532141538
13.82731
0
0
165.92772
13.82731
0
82.96386
0
27.65462
41.48193
0
0
27.65462
359.51006
69.13655
138.2731
27.65462
124.44579
193.58234
0
96.79117
0
0
41.48193
55.30924
235.06427
13.82731
0
69.13655
69.13655
124.44579
0
13.82731
13.82731
0
0
0
96.79117
0
152.10041
13.82731
13.82731
0
262.71889
27.65462
0
96.79117
41.48193
13.82731
622.22895
41.48193
27.65462
0
13.82731
124.44579
82.96386
152.10041
0
41.48193
2820.77124
82.96386
13.82731
55.30924
27.65462
82.96386
193.58234
41.48193
0
69.13655
719.02012
41.48193
0
0
41.48193
13.82731
235.06427
0
0
41.48193
82.96386
0
41.48193
69.13655
0
0
13.82731
55.30924
82.96386
82.96386
27.65462
41.48193
0
0
0
0
0
0
373.33737
10.9486767858462
0
0
27.65462
0
96.79117
0
0
0
27.65462
41.48193
0
0
0
0
0
0
0
110.61848
27.65462
0
41.48193
0
96.79117
0
179.75503
82.96386
124.44579
96.79117
179.75503
732.84743
27.65462
41.48193
0
253827.92967
248.89158
69399.26889
3996.09259
981.73901
7010.44617
760.50205
677.53819
5530.924
774.32936
111959.72907
96.79117
257699.57647
5710.67903
2032.61457
1147.66673
2115.57843
1852.85954
4009.9199
23437.29045
5392.6509
31871.94955
788.15667
34430.0019
1368.90369
207.40965
6028.70716
55.30924
18694.52312
221.23696
3360.03633
18583.90464
2806.94393
10149.24554
69.13655
31457.13025
49073.12319
1368.90369
134069.59776
0
13.82731
0
0
0
0
0
0
0
0
0
0
0
0
0
0
0
0
13.82731
0
0
0
0
0
0
0
13.82731
0
13.82731
0
0
0
0
0
0
0
0
0
0
13.82731
0
0
0
0
0
0
0
0
0
0
0
0
0
0
0
53497.86239
13.82731
6042.53447
207.40965
981.73901
1507.17679
179.75503
124.44579
1811.37761
82.96386
1161.49404
152.10041
6872.17307
801.98398
967.9117
318.02813
17823.40259
3539.79136
27.65462
1009.39363
138.2731
553.0924
1949.65071
3318.5544
5268.20511
69.13655
1631.62258
4065.22914
13191.25374
539.26509
276.5462
1285.93983
152.10041
15030.28597
110.61848
428.64661
6858.34576
9250.47039
3042.0082
0
511.61047
15721.65147
981.73901
594.57433
677.53819
857.29322
2558.05235
456.30123
636.05626
68127.15637
304.20082
3360.03633
1465.69486
8033.66711
331.85544
5489.44207
6733.89997
483.95585
276.5462
774.32936
82.96386
3761.02832
193.58234
414.8193
3263.24516
1811.37761
1064.70287
2599.53428
4590.66692
48644.47658
677.53819
3899.30142
0
2903.7351
1797.5503
1742.24106
4134.36569
3069.66282
0
130184.12365
3429.17288
470.12854
212511.92739
4535.35768
0
84678.44644
0
78912.45817
0
23478.77238
14795.2217
0
30807.24668
6512.66301
580.74702
