82.96386
9208.98846
2364.47001
82.96386
497.78316
442.47392
442.47392
5655.36979
41.48193
1714.58644
41.48193
41.48193
69.13655
82.96386
221.23696
4106.71107
1797.5503
41.48193
27.65462
1617.79527
345.68275
1617.79527
1783.72299
2834.59855
663.71088
1576.31334
1161.49404
926.42977
235.06427
207.40965
2682.49814
55.30924
82.96386
3747.20101
2903.7351
760.50205
3415.34557
124.44579
2350.6427
4134.36569
1382.731
6650.93611
3042.0082
1949.65071
3664.23715
193.58234
82.96386
1438.04024
1880.51416
82.96386
1244.4579
636.05626
27.65462
1949.65071
1977.30533
82.96386
3346.20902
1673.10451
4466.22113
69.13655
1866.68685
262.71889
3664.23715
345.68275
27.65462
27.65462
96.79117
9706.77162
0
69.13655
608.40164
109138.95783
10190.72747
847102.49253
420184.29628
73395.36148
10923.5749
42214.77743
1105687.01684
0
26216.57976
1320577.24155
552580.78953
18639.21388
0
0
0
0
0
221.23696
95311.64783
12154.20549
10522.58291
0
0
0
6733.89997
69191.85924
871.12053
2101.75112
52460.81414
0
134442.93513
5129.93201
663.71088
0
0
0
0
14573.98474
0
11034.19338
0
33655.67254
0
30931.69247
71639.29311
0
1050.87556
25373.11385
8628.24144
36628.54419
8752.68723
13.82731
169882.33066
0
0
11628.76771
3719.54639
27225.97339
0
0
0
0
608.40164
2516.57042
0
126409.26802
622.22895
1009.39363
132880.4491
27903.51158
59982.87078
27184.49146
483.95585
193.58234
0
262.71889
13.82731
0
0
0
0
207.40965
35024.57623
23727.66396
0
7217.85582
5835.12482
15859.92457
561872.74185
14532.50281
973470.27862
84996.47457
248.89158
7369.95623
2469709.66641
517431.76751
2917.56241
1489270.42355
37513.49203
1423922.55649
1029526.19336
14214.47468
164987.46292
39974.75321
498847.86287
3567.44598
41.48193
53580.82625
1356597.3841
263036.91813
225233.05259
1313.59445
28304.50357
35992.48793
7452.92009
133212.30454
125676.42059
465302.80881
226892.32979
28235.36702
5613.88786
184373.35154
414.8193
1544704.10934
13868.79193
4452.39382
8033.66711
4867.21312
497.78316
165374.6276
34983.0943
340414.54489
237318.12153
73713.38961
1604645.49819
638738.75814
78414.67501
594.57433
1754118.71929
6554.14494
86157.96861
506273.12834
262262.58877
179662.480518021
46791.61704
20450.59149
77460.59062
82.96386
186212.38377
202159.760243341
111351.32743
0
235.06427
435435.81921
141232.14434
11697.90426
36835.95384
478355.78945
843.46591
7051.9281
19095.51511
175012.26267
11614.9404
35356.43167
160894.57916
334676.21124
0
254173.61242
763889.74095
37292.25507
48713.61313
479987.41203
20410.8220471256
0
0
15832.26995
443898.13293
502041.97148
92490.87659
1189.14866
144343.28909
1026124.6751
21584.43091
208667.93521
339349.84202
954250.31772
210852.65019
570210.60978
143250.9316
30641.31896
82.96386
160908.40647
144592.18067
192780.35602
341396.2839
605594.69607
265000.39615
157175.03277
0
50870.67349
63011.05167
83779.67129
5669.1971
18708.35043
566245.556901513
2336.81539
5558.57862
12002.10508
1935.8234
1493.34948
6567.97225
2046.44188
1479.52217
871.12053
5572.40593
1050.87556
14408.05702
69.13655
746.67474
276.5462
27.65462
41.48193
37997.44788
32922.82511
290.37351
44136.77352
456.30123
3926.95604
53262.79812
193.58234
2447.43387
27.65462
8379.34986
1396.55831
2986.69896
387.16468
9720.59893
69.13655
158115.28985
0
96.79117
96.79117
432711.83914
566.91971
19233.78821
3152.62668
193.58234
117891.64506
27.65462
193.58234
27.65462
15486.5872
62803.64202
1009.39363
843.46591
0
165.92772
2654.84352
2751.63469
62610.05968
20575.03728
622.22895
1673.10451
0
16648.08124
11269.25765
9430.22542
577414.63829
594.57433
1258.28521
5420.30552
6208.46219
5669.1971
82521.38608
1355.07638
2170.88767
1921.99609
359.51006
345.68275
41.48193
0
24266.92905
0
622.22895
96.79117
649.88357
69.13655
290.37351
5434.13283
110.61848
0
746.67474
3553.61867
746.67474
1244.4579
152.10041
2087.92381
110.61848
110.61848
41.48193
1991.13264
1189.14866
138.2731
23534.08162
387.16468
1050.87556
829.6386
815.81129
0
359.51006
0
0
2226.19691
1189.14866
2613.36159
221.23696
69.13655
2046.44188
1811.37761
11905.31391
1147.66673
1521.0041
2350.6427
0
6886.00038
0
442.47392
1396.55831
2392.12463
4148.193
6222.2895
483.95585
829.6386
9347.26156
165.92772
69.13655
221.23696
27.65462
1120.01211
13.82731
1202.97597
1880.51416
483.95585
318.02813
4092.88376
456.30123
55.30924
373.33737
2004.95995
2074.0965
2253.85153
2461.26118
774.32936
1230.63059
179.75503
304.20082
69.13655
1202.97597
0
1230.63059
732.84743
4715.11271
470.12854
82.96386
912.60246
0
1009.39363
96.79117
373.33737
179.75503
124.44579
1894.34147
12264.82397
27.65462
0
566.91971
207.40965
27.65462
967.9117
0
5876.60675
414.8193
1783.72299
165.92772
221.23696
1645.44989
373.33737
470.12854
2710.15276
318.02813
912.60246
663.71088
400.99199
82.96386
995.56632
110.61848
138.2731
456.30123
1921.99609
0
4355.60265
304.20082
345.68275
553.0924
16205.60732
719.02012
843.46591
553.0924
1908.16878
705.19281
179.75503
0
1272.11252
17284.1375
0
0
4189.67493
1313.59445
1396.55831
15154.73176
124.44579
5060.79546
5351.16897
207.40965
774.32936
165.92772
4908.69505
82.96386
511.61047
483.95585
0
1396.55831
967.9117
0
1852.85954
13.82731
8545.27758
594.57433
27.65462
719.02012
1783.72299
27.65462
13.82731
5392.6509
983329.15065
100718.12604
149417.91186
239489.0092
1507.17679
651570.50182
85107.09305
6982.79155
4424.7392
647615.89116
85770.80393
106083.12232
90762.46284
742429.75583
323849.42751
452498.71975
85065.61112
24792.36683
111918.24714
368041.51027
278606.46919
410242.46039
635599.95877
412814.34005
2502.74311
1390985.90407
1569026.34763
22607.65185
1120.01211
316161.44315
677.53819
237013.92071
506798.56612
352872.9512
1921.99609
135853.32075
648044.53777
293457.00013
215636.89945
0
185811.39178
944197.86335
89352.07722
222232.52632
96.79117
0
69.13655
69.13655
13.82731
179.75503
0
69.13655
124.44579
304.20082
96.79117
82.96386
27.65462
138.2731
152.10041
2281.50615
82.96386
0
193.58234
27.65462
69.13655
1355.07638
41.48193
0
69.13655
41.48193
0
276.5462
69.13655
1921.99609
13.82731
55.30924
41.48193
124.44579
41.48193
55.30924
138.2731
55.30924
290.37351
27.65462
82.96386
41.48193
124.44579
69.13655
387.16468
1230.63059
96.79117
138.2731
1949.65071
221.23696
13.82731
2032.61457
124.44579
41.48193
69.13655
1037.04825
304.20082
179.75503
207.40965
400.99199
359.51006
55.30924
96.79117
0
41.48193
55.30924
290.37351
82.96386
55.30924
13.82731
82.96386
359.51006
55.30924
0
13.82731
0
41.48193
27.65462
96.79117
69.13655
193.58234
373.33737
110.61848
221.23696
13.82731
13.82731
69.13655
13.82731
69.13655
82.96386
41.48193
331.85544
27.65462
41.48193
138.2731
69.13655
525.43778
359.51006
1451.86755
428.64661
345.68275
0
0
69.13655
511.61047
41.48193
0
553.0924
0
0
0
0
0
0
0
0
0
0
41.48193
13.82731
0
3622.75522
0
0
235.06427
0
456.30123
0
0
0
110.61848
0
0
0
0
0
0
96.79117
14698.43053
55.30924
0
0
41.48193
69.13655
746.67474
4397.08458
10273.69133
10633.20139
0
41.48193
55.30924
262.71889
13.82731
414.8193
0
0
0
442.47392
207.40965
0
0
0
0
0
0
539.26509
138.2731
1189.14866
0
0
0
0
967.9117
0
304.20082
0
1202.97597
304.20082
27.65462
0
0
0
0
0
0
400.99199
96.79117
0
0
0
0
0
41.48193
221.23696
0
0
0
0
0
0
0
13.82731
0
0
0
0
0
0
0
0
221.23696
0
0
0
0
0
0
69.13655
13.82731
0
0
41.48193
27.65462
13.82731
13.82731
0
0
0
41.48193
0
0
0
110.61848
0
0
0
0
0
0
0
0
0
41.48193
55.30924
0
13.82731
0
0
0
0
0
13.82731
0
13.82731
110.61848
27.65462
0
41.48193
0
0
0
0
0
0
13.82731
0
0
69.13655
110.61848
0
193.58234
0
0
41.48193
13.82731
41.48193
0
82.96386
41.48193
0
0
0
0
0
69.13655
0
0
13.82731
27.65462
27.65462
0
0
0
110.61848
801.98398
55.30924
0
0
0
553.0924
1175.32135
0
0
276.5462
0
0
2641.01621
483.95585
276.5462
0
677.53819
636.05626
0
152.10041
0
0
0
0
221.23696
27.65462
0
152.10041
248.89158
456.30123
0
0
0
0
0
41.48193
9291.95232
193.58234
580.74702
0
124.44579
69.13655
96.79117
73602.77113
3138.79937
62361.1681
304.20082
0
400.99199
0
193.58234
55.30924
152.10041
0
41.48193
1120.01211
857.29322
691.3655
0
165.92772
14338.92047
248.89158
124.44579
0
179.75503
69.13655
0
4272.63879
110.61848
456.30123
55.30924
539.26509
16274.74387
566.91971
0
0
0
3636.58253
0
96.79117
11490.49461
96.79117
69.13655
815.81129
0
1313.59445
0
566.91971
0
0
69.13655
27.65462
0
0
732.84743
0
152.10041
843.46591
0
1078.53018
0
345.68275
55.30924
221.23696
27.65462
276.5462
41.48193
41.48193
248.89158
55.30924
41.48193
276.5462
262.71889
0
304.20082
152.10041
0
0
483.95585
27.65462
1147.66673
815.81129
290.37351
221.23696
55.30924
13.82731
96.79117
1839.03223
483.95585
13.82731
13.82731
138.2731
13.82731
1631.62258
0
69.13655
0
2253.85153
13.82731
110.61848
608.40164
13.82731
55.30924
55.30924
124.44579
1493.34948
276.5462
96.79117
179.75503
96.79117
359.51006
0
788.15667
55.30924
1921.99609
442.47392
6166.98026
124.44579
13.82731
1631.62258
193.58234
82.96386
69.13655
0
0
82.96386
27.65462
13.82731
13.82731
27.65462
110.61848
27.65462
96.79117
110.61848
248.89158
193.58234
96.79117
55.30924
235.06427
179.75503
55.30924
165.92772
262.71889
13.82731
13.82731
0
0
55.30924
41.48193
55.30924
27.65462
55.30924
41.48193
746.67474
55.30924
152.10041
331.85544
373.33737
27.65462
566.91971
0
0
0
318.02813
27.65462
13.82731
55.30924
124.44579
553.0924
981.73901
55.30924
304.20082
82.96386
456.30123
967.9117
41.48193
1120.01211
1009.39363
345.68275
27.65462
96.79117
96.79117
13.82731
290.37351
49902.76179
2143.23305
0
152.10041
8890.96033
55.30924
193.58234
1064.70287
1991.13264
5212.89587
3650.40984
25469.90502
10149.24554
0
17104.38247
276.5462
0
7439.09278
82.96386
8102.80366
8144.28559
1299.76714
1355.07638
442.47392
0
0
15265.35024
1645.44989
69.13655
110.61848
0
0
4341.77534
11034.19338
12085.06894
0
21045.16582
0
0
12582.8521
400.99199
11960.62315
0
0
0
0
82.96386
96.79117
16413.01697
9527.01659
345.68275
0
0
3678.06446
0
0
79451.72326
0
0
13.82731
248.89158
2917.56241
359.51006
0
497.78316
3691.89177
594.57433
55.30924
1548.65872
304.20082
580.74702
152.10041
400.99199
912.60246
235.06427
41.48193
276.5462
152.10041
2198.54229
483.95585
318.02813
1120.01211
1714.58644
27.65462
4563.0123
290.37351
248.89158
138.2731
1189.14866
732.84743
276.5462
1037.04825
898.77515
691.3655
2226.19691
1617.79527
4867.21312
82.96386
82.96386
954.08439
442.47392
1313.59445
954.08439
0
2295.33346
55.30924
1811.37761
27.65462
373.33737
732.84743
428.64661
276.5462
580.74702
525.43778
193.58234
21971.59559
0
331.85544
1023.22094
0
7051.9281
55.30924
82.96386
124.44579
0
732.84743
1659.2772
0
2931.38972
4549.18499
940.25708
2571.87966
124.44579
5295.85973
82.96386
27.65462
442.47392
165.92772
152.10041
124.44579
152.10041
276.5462
345.68275
27.65462
0
96.79117
912.60246
387.16468
69.13655
663.71088
345.68275
235.06427
304.20082
152.10041
760.50205
954.08439
5530.924
96.79117
1355.07638
13.82731
0
414.8193
179.75503
1562.48603
608.40164
0
82.96386
1839.03223
55.30924
276.5462
290.37351
940.25708
27.65462
359.51006
69.13655
1659.2772
4659.80347
207.40965
359.51006
843.46591
3152.62668
691.3655
41.48193
0
221.23696
290.37351
0
6706.24535
55.30924
0
705.19281
677.53819
8752.68723
110.61848
138.2731
235.06427
1908.16878
3996.09259
1202.97597
829.6386
1521.0041
2641.01621
1230.63059
27.65462
3180.2813
152.10041
27.65462
41.48193
193.58234
27.65462
262.71889
110.61848
0
82.96386
442.47392
6471.18108
152.10041
41.48193
359.51006
732.84743
41.48193
82.96386
0
27.65462
0
152.10041
0
649.88357
27.65462
55.30924
13.82731
594.57433
41.48193
0
165.92772
511.61047
580.74702
69.13655
27.65462
774.32936
82.96386
55.30924
221.23696
55.30924
13.82731
13.82731
13.82731
82.96386
41.48193
221.23696
110.61848
41.48193
110.61848
248.89158
0
179.75503
387.16468
1175.32135
179.75503
55.30924
4728.94002
13.82731
553.0924
1866.68685
110.61848
235.06427
304.20082
27.65462
55.30924
677.53819
400.99199
1023.22094
0
1133.83942
13.82731
41.48193
82.96386
304.20082
0
110.61848
788.15667
0
442.47392
69.13655
165.92772
0
414.8193
82.96386
13.82731
124.44579
179.75503
13.82731
207.40965
29977.60808
898.77515
428.64661
6664.76342
0
539.26509
96.79117
0
10868.26566
124.44579
0
1009.39363
981.73901
55.30924
801.98398
677.53819
235.06427
27.65462
13.82731
55.30924
2281.50615
5987.22523
2322.98808
0
124.44579
13.82731
0
124.44579
165.92772
0
41.48193
55.30924
82.96386
69.13655
0
124.44579
11393.70344
41.48193
4977.8316
677.53819
290.37351
96.79117
9361.08887
13.82731
55.30924
82.96386
9762.08086
221.23696
2143.23305
27.65462
553.0924
55.30924
41.48193
0
8973.92419
110.61848
96.79117
4728.94002
96.79117
96.79117
207.40965
22317.27834
8517.62296
262.71889
138.2731
0
10481.10098
13.82731
0
110.61848
18473.28616
96.79117
110.61848
2046.44188
27.65462
0
1935.8234
0
124.44579
0
6346.73529
0
2751.63469
553.0924
0
0
0
0
17892.53914
0
1659.2772
207.40965
815.81129
0
0
2364.47001
0
566.91971
0
0
0
0
69.13655
0
0
248.89158
0
0
0
221.23696
304.20082
829.6386
0
55.30924
0
0
0
0
400.99199
0
0
0
0
0
0
4535.35768
165.92772
0
0
0
96.79117
1603.96796
0
525.43778
0
0
221.23696
0
0
0
2226.19691
0
0
0
0
1424.21293
594.57433
0
0
0
0
0
41.48193
179.75503
0
0
0
0
0
2309.16077
373.33737
207.40965
0
345.68275
0
0
0
7397.61085
82.96386
0
0
0
0
0
0
0
0
0
0
2682.49814
0
0
0
0
7909.22132
0
0
0
290.37351
0
0
0
658428.84758
351697.62985
316811.32672
260700.10274
543427.11031
152.10041
202611.57343
54783.80222
203261.457
2682.49814
104423.84512
47510.63716
331.85544
61476.22026
43127.37989
419133.42072
4134.36569
171126.78856
54106.26403
98077.10983
10149.24554
120574.1432
21003.68389
517694.4864
187857.83366
38979.18689
1175.32135
34222.59225
593537.28175
296360.73523
2226.19691
59720.15189
97676.11784
259013.17092
67034.79888
328730.46794
330334.4359
38232.51215
186558.06652
95712.63982
217558.89554
307353.44668
113024.43194
223490.81153
76893.67091
6471.18108
10840.61104
113383.942
210396.34896
585807.81546
9153.67922
122150.45654
252459.02598
170006.77645
2488.9158
419465.27616
193.58234
0
0
3429.17288
0
663.71088
318.02813
0
53373.4166
85093.26574
0
0
0
0
746.67474
4756.59464
0
2267.67884
0
0
21086.64775
0
3332.38171
95975.35871
9789.73548
0
0
0
7923.04863
2723.98007
8337.86793
1714.58644
11490.49461
0
14560.15743
912.60246
10481.10098
0
2668.67083
636.05626
1285.93983
4452.39382
497.78316
8061.32173
0
152.10041
114434.81756
0
0
21349.36664
39006.84151
0
0
0
0
63688.58986
0
2447.43387
0
0
138.2731
191328.48847
14325.09316
0
37153.98197
0
0
0
57162.09954
0
0
27.65462
13205.08105
0
912.60246
2931.38972
0
0
688655.34724
1963.47802
7051.9281
16371.53504
114642.22721
0
705.19281
0
0
108793.27508
0
0
24806.19414
41.48193
1797.5503
238991.22604
6125.49833
120975.13519
434398.77096
0
2723.98007
63135.49746
9305.77963
3221.76323
264889.77767
0
1106.1848
81567.30169
470.12854
33738.6364
5364.99628
7134.89196
41.48193
41.48193
41.48193
13.82731
55.30924
304.20082
179.75503
152.10041
69.13655
27.65462
2488.9158
553.0924
49888.93448
801.98398
594.57433
3857.81949
428.64661
4258.81148
13.82731
511.61047
11103.32993
1106.1848
2765.462
815.81129
7812.43015
124.44579
6996.61886
1313.59445
511.61047
318.02813
608.40164
53414.89853
25967.68818
19786.88061
1963.47802
56857.89872
0
55724.0593
334980.41206
96818.82462
39117.45999
23105.43501
0
8324.04062
0
18984.89663
0
82189.53064
1355.07638
15929.06112
8310.21331
44662.2113
138618.78275
0
59609.53341
387773.08164
45754.56879
22690.61571
26396.33479
136710.61397
112333.06644
0
2226.19691
197619.91452
1064.70287
331.85544
248.89158
594.57433
511.61047
400.99199
1064.70287
165.92772
331.85544
290.37351
1576.31334
165.92772
276.5462
1507.17679
2862.25317
400.99199
400.99199
248.89158
4258.81148
857.29322
165.92772
373.33737
691.3655
179.75503
221.23696
525.43778
884.94784
2032.61457
235.06427
0
0
2060.26919
954.08439
2074.0965
940.25708
3954.61066
1977.30533
1078.53018
456.30123
400.99199
345.68275
995.56632
276.5462
594.57433
497.78316
843.46591
663.71088
400.99199
165.92772
207.40965
926.42977
0
553.0924
511.61047
304.20082
3871.6468
276.5462
539.26509
1479.52217
2751.63469
2212.3696
345.68275
4009.9199
2834.59855
3360.03633
774.32936
5987.22523
8628.24144
331.85544
7881.5667
8531.45027
8448.48641
2378.29732
15320.65948
2668.67083
12651.98865
0
511.61047
0
4728.94002
1825.20492
414.8193
7259.33775
331.85544
2336.81539
2267.67884
1147.66673
7480.57471
1355.07638
138.2731
6236.11681
1700.75913
16717.21779
2889.90779
7024.27348
4590.66692
6512.66301
2032.61457
981.73901
152.10041
2917.56241
2945.21703
10550.23753
3152.62668
4715.11271
1935.8234
5876.60675
3360.03633
1147.66673
691.3655
6180.80757
2281.50615
8130.45828
456.30123
3111.14475
3595.1006
1811.37761
6222.2895
1396.55831
995.56632
2737.80738
6222.2895
1451.86755
1991.13264
10384.30981
7439.09278
1797.5503
1631.62258
2447.43387
1700.75913
0
719.02012
7853.91208
525.43778
2627.1889
2350.6427
1756.06837
9347.26156
1949.65071
4590.66692
7563.53857
3401.51826
1645.44989
22967.16191
2004.95995
82.96386
1382.731
4549.18499
276.5462
5710.67903
41.48193
2516.57042
2157.06036
10149.24554
1921.99609
788.15667
1700.75913
6872.17307
1341.24907
3733.3737
0
1078.53018
0
152.10041
0
400.99199
124.44579
884.94784
221.23696
4936.34967
649.88357
13.82731
1603.96796
55.30924
2018.78726
13.82731
4051.40183
0
124.44579
1673.10451
12140.37818
0
69.13655
207.40965
318.02813
0
16910.80013
0
44593.07475
2170.88767
1424.21293
2060.26919
497.78316
0
5378.82359
774.32936
0
41.48193
677.53819
0
13.82731
13.82731
13.82731
0
152.10041
746.67474
387.16468
0
0
13.82731
55.30924
110.61848
967.9117
0
13951.75579
27.65462
801.98398
82.96386
152.10041
0
0
41.48193
13.82731
221.23696
82.96386
152.10041
3581.27329
221.23696
0
470.12854
0
373.33737
663.71088
276.5462
96.79117
1106.1848
9471.70735
124.44579
152.10041
1465.69486
124.44579
0
359.51006
580.74702
69.13655
331.85544
55.30924
0
0
27.65462
0
13.82731
0
663.71088
0
152.10041
165.92772
8337.86793
0
442.47392
13.82731
9001.57881
304.20082
0
179.75503
248.89158
1272.11252
0
179.75503
636.05626
0
995.56632
0
179.75503
110.61848
0
124.44579
0
0
566.91971
69.13655
442.47392
0
165.92772
27.65462
221.23696
69.13655
55.30924
96.79117
0
400.99199
746.67474
359.51006
0
165.92772
82.96386
0
815.81129
0
41.48193
27.65462
456.30123
13.82731
483.95585
3042.0082
622.22895
138.2731
414.8193
3429.17288
6664.76342
4148.193
304.20082
525.43778
3194.10861
110.61848
525.43778
110.61848
179.75503
1285.93983
290.37351
0
165.92772
940.25708
96.79117
69.13655
304.20082
165.92772
470.12854
8199.59483
871.12053
428.64661
387.16468
5558.57862
1728.41375
1797.5503
87112.053
359.51006
884.94784
1797.5503
566.91971
926.42977
373.33737
5876.60675
3194.10861
2281.50615
2074.0965
884.94784
622.22895
400.99199
746.67474
2157.06036
276.5462
0
6153.15295
580.74702
55.30924
179.75503
857.29322
1714.58644
276.5462
276.5462
13.82731
69.13655
3111.14475
719.02012
497.78316
179.75503
1507.17679
1935.8234
41.48193
1175.32135
2212.3696
553.0924
525.43778
843.46591
3042.0082
152.10041
1714.58644
27.65462
746.67474
582019.13252
15776.96071
72828.44177
4120.53838
6042.53447
23603.21817
230432.12115
11103.32993
37098.67273
51340.80203
16620.42662
173117.9212
289972.51801
56636.66176
262317.89801
130806.3526
22718.27033
451046.8522
313810.80045
34830.99389
1521.0041
42961.45217
561001.62132
99708.73241
262387.03456
19150.82435
39891.78935
6291.42605
18210.56727
248158.73257
140817.32504
157092.06891
75109.94792
60591.27242
47455.32792
60024.35271
746.67474
719.02012
179.75503
304.20082
304.20082
829.6386
110.61848
82.96386
981.73901
649.88357
82.96386
13.82731
138.2731
414.8193
1742.24106
69.13655
207.40965
235.06427
345.68275
428.64661
732.84743
400.99199
248.89158
41.48193
940.25708
124.44579
0
1120.01211
41.48193
41.48193
165.92772
1769.89568
27.65462
193.58234
124.44579
2696.32545
124.44579
553.0924
1120.01211
207.40965
580.74702
27.65462
152.10041
96.79117
235.06427
1382.731
55.30924
428.64661
539.26509
55.30924
0
69.13655
0
774.32936
497.78316
221.23696
41.48193
82.96386
96.79117
152.10041
27.65462
110.61848
760.50205
110.61848
746.67474
96.79117
705.19281
27.65462
27.65462
96.79117
82.96386
304.20082
0
2696.32545
2530.39773
497.78316
2087.92381
705.19281
6609.45418
3567.44598
511.61047
1327.42176
0
55.30924
553.0924
373.33737
774.32936
1175.32135
0
110.61848
7936.87594
0
1064.70287
5282.03242
2087.92381
179.75503
345.68275
11877.65929
165.92772
318.02813
152.10041
318.02813
400.99199
3733.3737
248.89158
235.06427
553.0924
884.94784
1050.87556
5613.88786
1465.69486
1424.21293
5475.61476
1479.52217
2405.95194
41.48193
96.79117
981.73901
41.48193
0
0
3899.30142
221.23696
318.02813
511.61047
14905.84018
18680.69581
7065.75541
16814.00896
41.48193
179.75503
1908.16878
649.88357
11172.46648
497.78316
1147.66673
318.02813
0
276.5462
0
7452.92009
193.58234
414.8193
2157.06036
0
553.0924
0
1216.80328
0
49736.83407
248.89158
0
1313.59445
0
483.95585
0
1783.72299
0
608.40164
5212.89587
0
248.89158
566.91971
8296.386
4728.94002
0
525.43778
0
14988.80404
470.12854
2240.02422
152.10041
0
0
1603.96796
331.85544
33462.0902
2101.75112
5323.51435
0
138.2731
2392.12463
304.20082
0
995.56632
0
13.82731
470.12854
152.10041
27.65462
0
0
331.85544
0
373.33737
27.65462
0
0
0
539.26509
1631.62258
649.88357
3042.0082
82.96386
207.40965
428.64661
5212.89587
1009.39363
0
525.43778
967.9117
0
82.96386
525.43778
0
165.92772
884.94784
0
110.61848
193.58234
27.65462
2558.05235
0
871.12053
55.30924
0
27.65462
0
96.79117
82.96386
69.13655
2710.15276
2433.60656
262.71889
0
0
0
27.65462
110.61848
0
677.53819
0
636.05626
96.79117
0
0
207.40965
0
0
414.8193
0
0
0
0
179.75503
41.48193
0
27.65462
580.74702
0
0
387.16468
691.3655
0
96.79117
580.74702
1396.55831
1272.11252
0
0
0
0
1037.04825
400.99199
0
207.40965
0
719.02012
553.0924
179.75503
0
1120.01211
0
2475.08849
0
0
0
179.75503
0
940.25708
1313.59445
0
1603.96796
4535.35768
13.82731
0
3498.30943
110.61848
77764.79144
4576.83961
179.75503
0
0
10771.47449
10301.34595
1852.85954
41.48193
12914.70754
0
314778.71215
0
1147.66673
0
0
74432.40973
331.85544
414.8193
41.48193
0
0
580.74702
760.50205
124.44579
127874.96288
290.37351
18417.97692
884.94784
248.89158
331.85544
0
0
0
566.91971
0
235.06427
7314.64699
746.67474
0
0
1382.731
0
55.30924
55.30924
55.30924
0
13.82731
0
165.92772
0
209207.2003
705.19281
622.22895
10868.26566
152.10041
55.30924
69.13655
0
14809.04901
0
96.79117
0
1396.55831
2475.08849
0
235.06427
0
0
1493.34948
0
954.08439
41.48193
248.89158
96.79117
2157.06036
0
511.61047
207.40965
0
248.89158
1852.85954
165.92772
0
110.61848
13.82731
0
179.75503
499940.22036
705.19281
1258.28521
9264.2977
6844.51845
1866.68685
0
86406.86019
82.96386
345.68275
1645.44989
41.48193
1852.85954
0
55.30924
106166.08618
0
152.10041
331.85544
1175.32135
165.92772
13.82731
179.75503
0
13.82731
705.19281
3014.35358
0
0
0
13.82731
4936.34967
663.71088
580.74702
0
470.12854
0
0
53331.93467
0
207.40965
0
387.16468
0
11103.32993
7411.43816
165.92772
4051.40183
0
0
0
0
82.96386
172951.99348
64449.09191
18708.35043
1507.17679
14408.05702
1949.65071
3387.69095
705.19281
0
719.02012
0
0
0
207.40965
0
0
82.96386
13.82731
0
0
0
1852.85954
55.30924
27.65462
138.2731
4148.193
0
1852.85954
1977.30533
82.96386
110.61848
0
179.75503
5641.54248
21570.6036
0
0
3429.17288
0
1092.35749
0
0
0
179.75503
0
5254.3778
0
290.37351
13.82731
0
0
926.42977
110.61848
18514.76809
138.2731
0
13.82731
0
0
4811.90388
13.82731
926.42977
0
0
1175.32135
19219.9609
3705.71908
0
0
0
0
483.95585
2696.32545
663.71088
0
0
138.2731
5116.1047
0
7411.43816
142780.80306
0
58268.28434
235.06427
55544.30427
41.48193
1396.55831
0
940.25708
318.02813
0
0
4936.34967
553.0924
46210.87002
467805.55192
308279.87645
43611.33574
24847.67607
51244.01086
442695.15696
140001.51375
81677.92017
16468.32621
92062.22998
38854.7411
18625.38657
171195.92511
46791.61704
58807.54943
194923.58907
63121.67015
27488.69228
225302.18914
159843.7036
75303.53026
56940.86258
313230.05343
289212.01596
59733.9792
96887.96117
61420.91102
96182.76836
152.10041
152.10041
55.30924
318.02813
0
152.10041
96.79117
82.96386
96.79117
165.92772
207.40965
179.75503
207.40965
456.30123
3290.89978
829.6386
81.4220085710769
248.89158
276.5462
124.44579
179.75503
1603.96796
221.23696
788.15667
69.13655
193.58234
608.40164
0
13.82731
387.16468
4272.63879
442.47392
207.40965
290.37351
1050.87556
69.13655
0
594.57433
0
27.65462
705.19281
1230.63059
1783.72299
677.53819
152.10041
207.40965
539.26509
248.89158
359.51006
41.48193
428.64661
69.13655
124.44579
69.13655
719.02012
3719.54639
400.99199
594.57433
13.82731
801.98398
788.15667
1479.52217
788.15667
2779.28931
276.5462
193.58234
1783.72299
179.75503
345.68275
41.48193
13.82731
1548.65872
165.92772
456.30123
1783.72299
746.67474
373.33737
82.96386
221.23696
636.05626
165.92772
248.89158
1728.41375
138.2731
193.58234
857.29322
1341.24907
290.37351
96.79117
0
387.16468
179.75503
2544.22504
96.79117
82.96386
456.30123
165.92772
1216.80328
82.96386
179.75503
331.85544
967.9117
318.02813
428.64661
553.0924
1092.35749
124.44579
110.61848
123.888802702096
27.65462
0
0
0
27.65462
843.46591
29.1964714289231
0
0
207.40965
27.65462
55.30924
0
0
221.23696
82.96386
304.20082
110.61848
0
0
27.65462
0
0
0
318.585117297904
165.92772
0
82.96386
0
96.79117
0
207.40965
235.06427
27.65462
110.61848
414.8193
926.42977
82.96386
138.2731
0
33475.91751
82.96386
328633.67677
49280.53284
7038.10079
2405.95194
7480.57471
3871.6468
28221.53971
2903.7351
516132.00037
318.02813
1168463.00424
3014.35358
594.57433
456.30123
5102.27739
857.29322
164116.34239
12181.86011
4480.04844
8600.58682
138.2731
75981.06845
2074.0965
248.89158
2461.26118
124.44579
5199.06856
290.37351
4065.22914
2737.80738
10329.00057
2834.59855
96.79117
143914.64248
13730.51883
2101.75112
634023.64543
0
13.82731
0
0
0
0
0
0
0
0
0
0
0
0
0
0
0
0
13.82731
0
0
0
0
0
0
0
13.82731
0
13.82731
0
0
0
0
0
0
0
0
0
0
0
0
0
0
0
0
0
0
0
0
0
0
0
0
0
0
14297.43854
0
0
0
0
0
594.57433
0
0
207.40965
13.82731
0
0
0
0
2115.57843
0
207.40965
0
0
96.79117
41.48193
0
179.75503
0
2157.06036
18141.43072
13.82731
8780.34185
55.30924
0
0
0
138.2731
926.42977
179.75503
1756.06837
82.96386
0
0
0
33959.87336
27.65462
4867.21312
0
138.2731
0
0
69.13655
9444.05273
6485.00839
0
0
0
442.47392
0
387.16468
2613.36159
2350.6427
0
0
387.16468
0
6623.28149
0
1327.42176
27.65462
248.89158
221.23696
13.82731
331.85544
50165.48068
250882.71264
525811.11737
58254.45703
509895.88356
186226.21108
57549.26422
693024.7772
411113.58092
102847.53178
157797.26172
88287.37435
257824.02226
215415.66249
8780.34185
406066.61277
374346.76363
265622.6251
200081.1757
126077.41258
34194.93763
262649.75345
210520.79475
33807.77295
