179.75503
290.37351
262.71889
497.78316
165.92772
82.96386
0
138.2731
0
13.82731
13.82731
0
483.95585
0
0
0
1009.39363
0
165.92772
69.13655
0
41.48193
110.61848
539.26509
138.2731
649.88357
801.98398
483.95585
871.12053
622.22895
138.2731
0
152.10041
0
0
124.44579
2074.0965
0
0
13.82731
318.02813
96.79117
636.05626
829.6386
622.22895
331.85544
124.44579
248.89158
152.10041
414.8193
1991.13264
525.43778
0
0
0
124.44579
801.98398
843.46591
3747.20101
1576.31334
857.29322
0
2585.70697
677.53819
152.10041
0
152.10041
0
41.48193
13.82731
27488.69228
3083.49013
4673.63078
0
10937.40221
13.82731
1451.86755
44136.77352
1880.51416
193.58234
25691.14198
152.10041
0
0
0
27.65462
0
0
0
0
0
0
0
22040.73214
0
0
2516.57042
27.65462
622.22895
0
0
0
0
0
276.5462
0
0
0
0
27.65462
0
1050.87556
0
69.13655
4175.84762
0
13.82731
0
0
110.61848
0
0
0
0
27.65462
0
0
0
0
0
0
0
0
0
0
0
0
55.30924
193.58234
41.48193
0
0
0
0
0
0
0
0
0
0
0
0
2599.53428
0
27364.24649
0
0
3705.71908
0
774.32936
0
55.30924
0
0
13.82731
41.48193
290.37351
0
165.92772
8545.27758
1783.72299
5904.26137
0
82.96386
55.30924
55.30924
0
69.13655
0
82.96386
442.47392
27.65462
55.30924
138.2731
331.85544
235.06427
0
55.30924
82.96386
10163.07285
3180.2813
691.3655
2447.43387
1133.83942
41.48193
0
0
0
179.75503
304.20082
96.79117
442.47392
0
41.48193
0
235.06427
304.20082
0
262.71889
207.40965
884.94784
221.23696
69.13655
1092.35749
5295.85973
152.10041
27.65462
27.65462
82.96386
41.48193
96.79117
55.30924
165.92772
41.48193
0
55.30924
41.48193
27.65462
27.65462
359.51006
0
0
0
207.40965
55.30924
96.79117
497.78316
138.2731
0
96.79117
843.46591
13.82731
124.44579
55.30924
27.65462
27.65462
165.92772
1202.97597
165.92772
165.92772
96.79117
152.10041
124.44579
248.89158
13.82731
1866.68685
55.30924
165.92772
82.96386
69.13655
0
82.96386
55.30924
13.82731
152.10041
138.2731
732.84743
96.79117
1728.41375
69.13655
13.82731
27.65462
0
13.82731
69.13655
55.30924
470.12854
82.96386
400.99199
1175.32135
884.94784
511.61047
1272.11252
331.85544
414.8193
1534.83141
290.37351
235.06427
649.88357
0
0
677.53819
0
318.02813
0
0
0
884.94784
41.48193
0
2281.50615
0
13.82731
0
0
0
0
0
0
0
9983.31782
0
35702.11442
497.78316
0
4134.36569
0
3456.8275
0
0
0
0
0
5503.26938
11725.55888
0
0
0
0
4977.8316
331.85544
0
44302.70124
0
0
0
0
0
0
4659.80347
13.82731
0
21487.63974
3857.81949
1023.22094
0
0
55.30924
0
138.2731
0
0
0
0
0
0
0
0
0
0
0
110.61848
69.13655
69.13655
622.22895
0
0
1189.14866
0
0
0
0
0
0
0
27.65462
0
0
152.10041
69.13655
82.96386
165.92772
0
27.65462
138.2731
0
0
359.51006
0
456.30123
0
0
553.0924
290.37351
165.92772
539.26509
0
0
0
801.98398
470.12854
0
0
69.13655
442.47392
0
0
207.40965
110.61848
0
41.48193
0
248.89158
608.40164
981.73901
0
359.51006
96.79117
0
0
0
0
110.61848
553.0924
82.96386
276.5462
82.96386
0
179.75503
0
0
262.71889
788.15667
0
124.44579
1161.49404
0
4383.25727
0
0
1313.59445
0
124.44579
0
96.79117
165.92772
0
428.64661
0
55.30924
0
0
0
27.65462
705.19281
0
0
0
649.88357
82.96386
0
27.65462
774.32936
138.2731
0
0
276.5462
0
304.20082
0
0
110.61848
0
0
0
82.96386
0
2087.92381
0
0
0
0
110.61848
165.92772
0
2212.3696
1120.01211
0
13.82731
2502.74311
0
0
1438.04024
0
82.96386
13.82731
0
152.10041
0
41.48193
110.61848
0
0
41.48193
0
1438.04024
1534.83141
0
0
0
13.82731
290.37351
0
0
2004.95995
0
1797.5503
0
290.37351
96.79117
96.79117
290.37351
221.23696
138.2731
553.0924
1023.22094
55.30924
0
0
732.84743
11213.94841
82.96386
0
110.61848
7024.27348
82.96386
82.96386
179.75503
110.61848
41.48193
96.79117
152.10041
0
387.16468
41.48193
55.30924
0
0
152.10041
235.06427
179.75503
41.48193
27.65462
96.79117
0
898.77515
27.65462
967.9117
318.02813
27.65462
304.20082
96.79117
387.16468
69.13655
0
193.58234
0
13.82731
0
248.89158
41.48193
414.8193
0
82.96386
207.40965
3028.18089
69.13655
248.89158
262.71889
0
138.2731
0
0
0
0
82.96386
82.96386
152.10041
179.75503
497.78316
55.30924
497.78316
0
179.75503
1410.38562
69.13655
41.48193
96.79117
387.16468
0
0
55.30924
179.75503
414.8193
2322.98808
5129.93201
193.58234
13.82731
1216.80328
22109.86869
165.92772
55.30924
649.88357
13122.11719
96.79117
1714.58644
843.46591
96.79117
1534.83141
1272.11252
0
663.71088
1244.4579
0
138.2731
0
276.5462
400.99199
0
0
1133.83942
608.40164
719.02012
0
165.92772
0
262.71889
2972.87165
898.77515
0
4106.71107
511.61047
2253.85153
11172.46648
0
124.44579
138.2731
0
96.79117
2903.7351
414.8193
207.40965
235.06427
55.30924
0
0
497.78316
207.40965
2516.57042
1285.93983
829.6386
207.40965
0
8310.21331
3664.23715
0
0
318.02813
0
0
4065.22914
276.5462
69.13655
0
0
13.82731
497.78316
124.44579
82.96386
1202.97597
27.65462
0
0
442.47392
0
0
691.3655
9651.46238
5973.39792
0
27060.04567
0
0
0
0
7494.40202
0
1216.80328
4410.91189
0
0
1465.69486
1562.48603
1299.76714
2281.50615
0
4244.98417
0
96.79117
221.23696
7770.94822
0
0
1880.51416
27.65462
221.23696
691.3655
1534.83141
138.2731
0
0
0
0
0
732.84743
0
0
5572.40593
622.22895
0
539.26509
0
0
1064.70287
1673.10451
0
0
345.68275
2585.70697
1009.39363
456.30123
0
0
2959.04434
110.61848
2585.70697
0
0
110.61848
1341.24907
0
0
1285.93983
0
1161.49404
387.16468
27.65462
0
55.30924
221.23696
7383.78354
0
1507.17679
442.47392
0
2641.01621
69.13655
0
594.57433
2862.25317
940.25708
96.79117
0
124.44579
41.48193
746.67474
3042.0082
0
69.13655
248.89158
165.92772
235.06427
995.56632
0
539.26509
815.81129
470.12854
82.96386
732.84743
0
4051.40183
0
0
400.99199
2170.88767
1424.21293
2129.40574
110.61848
3014.35358
1894.34147
0
13.82731
13.82731
0
82.96386
1631.62258
1479.52217
622.22895
124.44579
373.33737
9540.8439
165.92772
0
0
649.88357
55.30924
13.82731
3830.16487
304.20082
2820.77124
2004.95995
193.58234
0
4507.70306
0
1216.80328
1368.90369
0
414.8193
428.64661
0
373.33737
345.68275
553.0924
5765.98827
3111.14475
566.91971
0
1880.51416
387.16468
0
1244.4579
387.16468
152.10041
0
470.12854
0
7701.81167
0
55.30924
1852.85954
11407.53075
41.48193
1078.53018
69.13655
96.79117
221.23696
456.30123
69.13655
0
470.12854
400.99199
0
27.65462
0
13.82731
0
276.5462
69.13655
0
318.02813
691.3655
0
82.96386
13.82731
138.2731
27.65462
82.96386
193.58234
622.22895
290.37351
318.02813
124.44579
207.40965
41.48193
0
96.79117
27.65462
0
0
96.79117
110.61848
0
69.13655
41.48193
0
483.95585
0
1106.1848
124.44579
41.48193
27.65462
13.82731
13.82731
0
318.02813
69.13655
110.61848
110.61848
110.61848
124.44579
276.5462
13.82731
138.2731
0
0
0
649.88357
27.65462
732.84743
69.13655
55.30924
262.71889
0
0
41.48193
0
82.96386
235.06427
13.82731
1617.79527
55.30924
884.94784
248.89158
179.75503
0
55.30924
193.58234
0
1465.69486
55.30924
304.20082
27.65462
41.48193
0
13.82731
0
0
69.13655
0
0
82.96386
0
41.48193
55.30924
138.2731
0
788.15667
179.75503
69.13655
96.79117
0
152.10041
0
580.74702
331.85544
138.2731
138.2731
124.44579
0
221.23696
13.82731
511.61047
27.65462
428.64661
96.79117
0
0
0
456.30123
110.61848
331.85544
663.71088
110.61848
152.10041
69.13655
0
193.58234
13.82731
0
27.65462
262.71889
82.96386
345.68275
193.58234
0
304.20082
41.48193
0
248.89158
13.82731
96.79117
0
69.13655
304.20082
2502.74311
0
193.58234
691.3655
124.44579
0
2931.38972
96.79117
580.74702
179.75503
27.65462
0
1050.87556
110.61848
0
207.40965
41.48193
0
829.6386
1742.24106
110.61848
0
3387.69095
152.10041
0
0
0
0
290.37351
608.40164
55.30924
0
1258.28521
1064.70287
1023.22094
55.30924
55.30924
0
13.82731
27.65462
82.96386
1078.53018
221.23696
0
1078.53018
0
0
0
1880.51416
3152.62668
3857.81949
331.85544
331.85544
0
304.20082
0
0
96.79117
0
82.96386
0
0
0
96.79117
0
2281.50615
262.71889
0
55.30924
442.47392
262.71889
0
0
0
0
0
0
0
0
2087.92381
0
0
0
0
0
0
207.40965
0
8766.51454
0
0
0
221.23696
0
0
13.82731
0
0
0
0
0
0
0
0
0
0
0
13.82731
0
69.13655
0
0
0
2364.47001
0
649.88357
0
0
0
0
0
0
0
0
0
0
0
0
0
0
0
0
1175.32135
0
0
0
0
801.98398
290.37351
1313.59445
110.61848
470.12854
318.02813
525.43778
13.82731
165.92772
318.02813
152.10041
207.40965
359.51006
290.37351
110.61848
1285.93983
13.82731
400.99199
1866.68685
0
1908.16878
110.61848
235.06427
82.96386
539.26509
304.20082
1659.2772
207.40965
0
55.30924
235.06427
1050.87556
0
193.58234
110.61848
0
55.30924
0
4009.9199
0
442.47392
912.60246
553.0924
69.13655
124.44579
235.06427
1037.04825
248.89158
1327.42176
0
954.08439
1258.28521
96.79117
1866.68685
0
0
1092.35749
926.42977
13.82731
0
41.48193
262.71889
0
27.65462
857.29322
55.30924
359.51006
387.16468
1341.24907
13.82731
539.26509
221.23696
884.94784
0
318.02813
55.30924
400.99199
165.92772
13.82731
13.82731
0
96.79117
69.13655
871.12053
110.61848
165.92772
179.75503
179.75503
82.96386
96.79117
304.20082
622.22895
1106.1848
0
1382.731
0
0
1147.66673
497.78316
511.61047
1009.39363
82.96386
1189.14866
96.79117
11808.52274
61573.01143
0
69.13655
82.96386
13.82731
193.58234
1921.99609
221.23696
41.48193
248.89158
27.65462
2945.21703
13.82731
262.71889
0
373.33737
55.30924
0
884.94784
843.46591
497.78316
0
235.06427
69.13655
511.61047
940.25708
594.57433
442.47392
96.79117
912.60246
1064.70287
594.57433
138.2731
719.02012
926.42977
0
0
0
304.20082
221.23696
2848.42586
290.37351
0
0
55.30924
110.61848
0
13.82731
1562.48603
82.96386
15002.63135
0
27.65462
0
0
0
0
0
705.19281
13.82731
0
0
21487.63974
0
69.13655
511.61047
165.92772
138.2731
0
170642.83271
0
26354.85286
0
55.30924
262.71889
0
235.06427
0
69.13655
0
27.65462
1977.30533
124.44579
193.58234
0
0
11324.56689
82.96386
41.48193
27.65462
0
553.0924
262.71889
179.75503
0
0
138.2731
221.23696
55.30924
27.65462
115305.93809
5060.79546
304.20082
55.30924
1341.24907
1147.66673
138.2731
0
0
0
193.58234
0
96.79117
11504.32192
0
0
110.61848
179.75503
69.13655
414.8193
0
0
0
96.79117
13.82731
0
636.05626
0
884.94784
0
193.58234
82.96386
55.30924
1216.80328
0
483.95585
193.58234
13.82731
0
0
0
248.89158
82.96386
179.75503
290.37351
0
0
318.02813
138.2731
69.13655
0
0
0
179.75503
55.30924
27.65462
13.82731
27.65462
0
0
0
221.23696
1037.04825
0
207.40965
110.61848
511.61047
0
0
0
0
0
774.32936
1037.04825
96.79117
27.65462
0
0
0
0
0
0
0
0
152.10041
0
0
124.44579
926.42977
0
0
0
41.48193
0
0
0
0
0
82.96386
0
871.12053
0
483.95585
0
41.48193
511.61047
69.13655
276.5462
55.30924
55.30924
456.30123
262.71889
276.5462
82.96386
981.73901
193.58234
1285.93983
138.2731
27.65462
304.20082
0
0
82.96386
55.30924
539.26509
0
110.61848
96.79117
414.8193
27.65462
138.2731
69.13655
110.61848
27.65462
82.96386
0
262.71889
608.40164
0
456.30123
0
69.13655
69.13655
27.65462
0
69.13655
41.48193
3484.48212
1825.20492
400.99199
1396.55831
41.48193
179.75503
0
138.2731
27.65462
0
636.05626
0
0
69.13655
0
0
0
193.58234
0
69.13655
0
0
55.30924
594.57433
82.96386
0
27.65462
27.65462
41.48193
511.61047
13.82731
0
207.40965
207.40965
124.44579
331.85544
1037.04825
179.75503
276.5462
0
1299.76714
428.64661
262.71889
6844.51845
27.65462
1147.66673
0
5447.96014
815.81129
3456.8275
262.71889
0
41.48193
304.20082
69.13655
55.30924
1742.24106
27.65462
0
691.3655
152.10041
13.82731
41.48193
871.12053
276.5462
69.13655
0
41.48193
0
82.96386
3691.89177
96.79117
193.58234
0
345.68275
400.99199
27.65462
27.65462
0
373.33737
138.2731
13.82731
124.44579
1202.97597
1037.04825
13.82731
41.48193
27.65462
27.65462
69.13655
152.10041
193.58234
152.10041
331.85544
0
884.94784
0
525.43778
0
13.82731
608.40164
0
41.48193
0
13.82731
13.82731
0
0
0
124.44579
373.33737
69.13655
2820.77124
138.2731
55.30924
22801.23419
553.0924
13.82731
0
55.30924
0
13.82731
0
0
663.71088
235.06427
41.48193
0
0
0
0
0
0
41.48193
483.95585
0
96.79117
2087.92381
165.92772
0
0
27.65462
41.48193
69.13655
276.5462
96.79117
0
55.30924
373.33737
96.79117
55.30924
221.23696
1120.01211
13.82731
0
138.2731
0
0
55.30924
0
41.48193
0
0
0
483.95585
0
0
0
13.82731
276.5462
0
82.96386
400.99199
0
0
124.44579
0
207.40965
165.92772
179.75503
318.02813
0
0
0
221.23696
138.2731
41.48193
871.12053
41.48193
27.65462
0
207.40965
13.82731
27.65462
221.23696
594.57433
27.65462
96.79117
0
0
0
165.92772
483.95585
165.92772
0
55.30924
0
0
165.92772
152.10041
55.30924
0
110.61848
207.40965
0
55.30924
0
13.82731
248.89158
7024.27348
0
1991.13264
0
268111.5409
17104.38247
85770.80393
345.68275
304.20082
69.13655
43763.43615
248.89158
221.23696
3719.54639
48644.47658
96.79117
41.48193
511.61047
262.71889
13.82731
954.08439
428.64661
1410.38562
0
96.79117
221.23696
331.85544
0
179.75503
525.43778
483.95585
1479.52217
0
179.75503
0
165.92772
0
815.81129
235.06427
1479.52217
1645.44989
829.6386
0
1686.93182
1133.83942
0
774.32936
110.61848
13.82731
276.5462
27.65462
373.33737
13.82731
27.65462
96.79117
11476.6673
14242.1293
0
0
2087.92381
2475.08849
13.82731
0
207.40965
2931.38972
41.48193
331.85544
0
677.53819
179.75503
345.68275
1064.70287
0
55.30924
27.65462
27.65462
13896.44655
41.48193
0
221.23696
0
0
0
0
0
0
0
124.44579
0
1562.48603
0
276.5462
304.20082
29341.55182
0
290.37351
470.12854
0
3899.30142
27.65462
0
290.37351
1977.30533
0
1866.68685
0
0
14615.46667
27.65462
0
0
0
304.20082
1202.97597
6664.76342
124.44579
1963.47802
0
0
0
0
0
0
414.8193
3830.16487
359.51006
0
940.25708
25898.55163
0
0
0
0
0
0
0
483.95585
55.30924
1562.48603
0
1202.97597
0
193.58234
0
13.82731
400.99199
110.61848
0
22400.2422
82.96386
0
13.82731
871.12053
41.48193
995.56632
138.2731
13.82731
0
27.65462
235.06427
1410.38562
110.61848
0
27.65462
331.85544
0
290.37351
400.99199
566.91971
0
179.75503
138.2731
69.13655
152.10041
580.74702
359.51006
110.61848
96.79117
0
0
0
13.82731
622.22895
110.61848
1230.63059
96.79117
221.23696
82.96386
41.48193
0
221.23696
152.10041
580.74702
0
262.71889
138.2731
276.5462
165.92772
41.48193
69.13655
0
663.71088
677.53819
774.32936
124.44579
221.23696
400.99199
165.92772
470.12854
82.96386
0
0
179.75503
0
0
262.71889
96.79117
82.96386
1078.53018
13.82731
566.91971
580.74702
13.82731
318.02813
13.82731
69.13655
138.2731
235.06427
0
262.71889
0
359.51006
110.61848
1645.44989
0
0
27.65462
221.23696
124.44579
304.20082
13.82731
124.44579
41.48193
165.92772
359.51006
0
1106.1848
82.96386
82.96386
304.20082
13.82731
207.40965
69.13655
13.82731
13.82731
414.8193
691.3655
0
0
719.02012
0
27.65462
0
96.79117
41.48193
41.48193
248.89158
0
235.06427
2364.47001
3913.12873
318.02813
1092.35749
0
871.12053
13.82731
0
55.30924
193.58234
165.92772
497.78316
27.65462
138.2731
0
0
0
1272.11252
41.48193
0
0
0
290.37351
829.6386
400.99199
1009.39363
622.22895
4079.05645
152.10041
0
0
3138.79937
1783.72299
1037.04825
6305.25336
13.82731
1009.39363
2917.56241
0
940.25708
27.65462
345.68275
1548.65872
13.82731
1382.731
8725.03261
3498.30943
649.88357
0
331.85544
19192.30628
0
0
2143.23305
2336.81539
0
110.61848
3470.65481
705.19281
13.82731
0
0
0
525.43778
0
0
13.82731
884.94784
0
0
497.78316
539.26509
0
5503.26938
0
0
3443.00019
0
9471.70735
2322.98808
4300.29341
0
3885.47411
0
0
4590.66692
69.13655
16578.94469
760.50205
857.29322
2212.3696
4881.04043
2157.06036
884.94784
1424.21293
0
221.23696
0
0
1382.731
2696.32545
1189.14866
0
0
981.73901
4258.81148
2765.462
0
1493.34948
981.73901
0
0
3207.93592
7383.78354
0
96.79117
221.23696
525.43778
27.65462
1562.48603
511.61047
387.16468
525.43778
193.58234
13.82731
884.94784
0
13.82731
1686.93182
13.82731
0
0
0
55.30924
0
235.06427
1327.42176
13.82731
96.79117
41.48193
55.30924
0
0
27.65462
13.82731
3318.5544
0
82.96386
2599.53428
69.13655
1424.21293
331.85544
41.48193
13.82731
41.48193
110.61848
207.40965
13.82731
41.48193
0
27.65462
82.96386
0
27.65462
0
0
290.37351
0
13.82731
0
0
55.30924
138.2731
0
1880.51416
3747.20101
82.96386
0
400.99199
0
82.96386
41.48193
13.82731
41.48193
0
207.40965
0
0
594.57433
221.23696
138.2731
262.71889
359.51006
594.57433
96.79117
912.60246
69.13655
69.13655
124.44579
483.95585
442.47392
13.82731
55.30924
96.79117
41.48193
677.53819
96.79117
55.30924
248.89158
193.58234
1603.96796
124.44579
318.02813
248.89158
2281.50615
221.23696
774.32936
124.44579
0
96.79117
359.51006
110.61848
13.82731
96.79117
331.85544
13.82731
331.85544
898.77515
0
0
27.65462
331.85544
11780.86812
649.88357
179.75503
6899.82769
0
0
0
0
6291.42605
6803.03652
13.82731
1825.20492
13.82731
13.82731
0
138.2731
1659.2772
0
0
414.8193
82.96386
0
1686.93182
0
6263.77143
9430.22542
2032.61457
0
0
207.40965
10688.51063
0
0
10481.10098
27.65462
55.30924
27.65462
0
124.44579
96.79117
0
13.82731
96.79117
13.82731
0
0
27.65462
0
4480.04844
207.40965
152.10041
0
138.2731
0
27.65462
0
13.82731
359.51006
69.13655
82.96386
0
857.29322
0
318.02813
27.65462
400.99199
525.43778
0
774.32936
0
235.06427
0
0
0
1037.04825
55.30924
0
262.71889
0
1272.11252
0
235.06427
55.30924
0
442.47392
96.79117
165.92772
55.30924
0
400.99199
207.40965
0
428.64661
110.61848
594.57433
0
276.5462
0
1410.38562
0
262.71889
553.0924
0
152.10041
0
221.23696
1230.63059
55.30924
428.64661
345.68275
96.79117
0
193.58234
27.65462
0
0
0
746.67474
262.71889
27.65462
0
124.44579
41.48193
456.30123
69.13655
27.65462
926.42977
55.30924
55.30924
13.82731
179.75503
0
0
0
0
82.96386
0
96.79117
82.96386
0
27.65462
0
138.2731
0
442.47392
27.65462
0
0
55.30924
0
82.96386
96.79117
13205.08105
27.65462
0
0
483.95585
248.89158
82.96386
0
0
4383.25727
13.82731
1949.65071
0
0
138.2731
0
0
55.30924
179.75503
0
69.13655
27.65462
124.44579
0
0
69.13655
0
539.26509
207.40965
622.22895
55.30924
124.44579
179.75503
359.51006
27.65462
235.06427
0
0
0
193.58234
0
470.12854
152.10041
0
456.30123
760.50205
387.16468
55.30924
179.75503
0
0
55.30924
815.81129
27.65462
124.44579
55.30924
331.85544
248.89158
82.96386
622.22895
0
331.85544
318.02813
442.47392
0
0
608.40164
235.06427
0
69.13655
27.65462
82.96386
235.06427
746.67474
0
0
152.10041
0
165.92772
0
41.48193
193.58234
0
276.5462
331.85544
373.33737
193.58234
0
110.61848
843.46591
0
0
96.79117
290.37351
553.0924
0
41.48193
442.47392
124.44579
193.58234
235.06427
428.64661
0
82.96386
262.71889
428.64661
82.96386
0
290.37351
235.06427
221.23696
0
0
193.58234
0
179.75503
235.06427
138.2731
1617.79527
152.10041
304.20082
235.06427
69.13655
1009.39363
27.65462
27.65462
207.40965
0
1673.10451
27.65462
0
0
2682.49814
13.82731
483.95585
3124.97206
19385.88862
0
290.37351
2945.21703
0
1120.01211
359.51006
0
0
414.8193
1175.32135
27.65462
4659.80347
13.82731
41.48193
207.40965
41.48193
0
27.65462
304.20082
0
13.82731
96.79117
0
1410.38562
13.82731
165.92772
55.30924
0
0
7190.2012
14228.30199
732.84743
152.10041
400.99199
483.95585
27.65462
400.99199
179.75503
1064.70287
41.48193
0
3207.93592
276.5462
0
0
4051.40183
566.91971
13.82731
2060.26919
0
2074.0965
553.0924
1603.96796
41.48193
414.8193
4687.45809
2737.80738
248.89158
525.43778
152.10041
138.2731
456.30123
13.82731
1673.10451
0
4922.52236
27.65462
1341.24907
428.64661
138.2731
0
1037.04825
69.13655
345.68275
41.48193
179.75503
207.40965
27.65462
387.16468
331.85544
0
318.02813
193.58234
27.65462
13.82731
3913.12873
1673.10451
0
41.48193
1258.28521
926.42977
553.0924
2696.32545
1686.93182
221.23696
3387.69095
1355.07638
27.65462
511.61047
580.74702
82.96386
82.96386
511.61047
4175.84762
82.96386
13.82731
0
636.05626
82.96386
165.92772
4839.5585
193.58234
594.57433
290.37351
0
96.79117
13.82731
96.79117
27.65462
2253.85153
0
2253.85153
13.82731
0
165.92772
207.40965
857.29322
82.96386
2599.53428
912.60246
359.51006
6872.17307
235.06427
138.2731
0
262.71889
2419.77925
387.16468
9692.94431
2599.53428
539.26509
27.65462
262.71889
884.94784
691.3655
5793.64289
318.02813
1963.47802
331.85544
2101.75112
13.82731
0
428.64661
1645.44989
995.56632
27.65462
0
221.23696
649.88357
1479.52217
193.58234
82.96386
1507.17679
165.92772
497.78316
290.37351
940.25708
3913.12873
7093.41003
0
387.16468
13.82731
981.73901
0
0
0
981.73901
0
0
1493.34948
55.30924
290.37351
18874.27815
0
96.79117
2848.42586
663.71088
580.74702
13.82731
373.33737
1009.39363
96.79117
318.02813
262.71889
871.12053
41.48193
304.20082
2004.95995
622.22895
1534.83141
207.40965
179.75503
207.40965
0
6084.0164
428.64661
276.5462
152.10041
69.13655
1783.72299
1216.80328
3774.85563
13.82731
13.82731
82.96386
1673.10451
2806.94393
221.23696
304.20082
55.30924
27.65462
0
248.89158
41.48193
2544.22504
82.96386
1064.70287
27.65462
13.82731
41.48193
6166.98026
27.65462
387.16468
14947.32211
1106.1848
387.16468
110.61848
69.13655
41.48193
0
0
0
69.13655
0
0
1009.39363
1921.99609
0
1202.97597
0
0
0
0
0
0
0
0
179.75503
0
41.48193
0
0
1368.90369
0
0
0
0
0
359.51006
414.8193
345.68275
815.81129
124.44579
276.5462
13.82731
304.20082
82.96386
359.51006
884.94784
442.47392
387.16468
511.61047
13.82731
456.30123
1190.796875352
1991.13264
2986.69896
13.82731
13.82731
13.82731
13.82731
13.82731
27.65462
27.65462
41.48193
55.30924
55.30924
69.13655
69.13655
69.13655
82.96386
110.61848
110.61848
124.44579
138.2731
138.2731
138.2731
152.10041
165.92772
165.92772
193.58234
221.23696
235.06427
235.06427
248.89158
276.5462
276.5462
276.5462
290.37351
304.20082
304.20082
331.85544
331.85544
387.16468
428.64661
428.64661
442.47392
442.47392
456.30123
470.12854
511.61047
553.0924
719.02012
1161.49404
1244.4579
1299.76714
1548.65872
1548.65872
1963.47802
2405.95194
1396.55831
387.16468
1202.97597
2392.12463
926.42977
967.9117
1175.32135
2322.98808
539.26509
1673.10451
829.6386
2917.56241
3138.79937
0
0
0
0
0
0
0
0
0
0
0
0
0
0
0
0
0
0
0
0
0
0
0
0
0
0
0
0
0
0
426.998394648
0
0
0
0
0
0
0
0
0
0
0
0
0
0
0
0
0
0
0
0
0
0
0
0
0
0
0
0
0
0
0
0
0
0
82.96386
760.50205
55.30924
318.02813
1493.34948
82.96386
221.23696
414.8193
359.51006
608.40164
13.82731
304.20082
276.5462
248.89158
359.51006
2087.92381
318.02813
304.20082
456.30123
608.40164
69.13655
705.19281
193.58234
138.2731
27.65462
4742.76733
27.65462
525.43778
0
2364.47001
1368.90369
622.22895
1147.66673
0
0
843.46591
0
954.08439
96.79117
124.44579
2613.36159
55.30924
0
0
41.48193
27.65462
456.30123
553.0924
69.13655
525.43778
483.95585
0
0
0
525.43778
55.30924
1009.39363
1603.96796
165.92772
138.2731
2281.50615
276.5462
276.5462
442.47392
0
27.65462
41.48193
2129.40574
1949.65071
0
221.23696
525.43778
0
110.61848
0
0
373.33737
41.48193
96.79117
497.78316
110.61848
27.65462
0
41.48193
13.82731
27.65462
345.68275
553.0924
470.12854
470.12854
0
0
193.58234
0
27.65462
82.96386
124.44579
470.12854
55.30924
235.06427
276.5462
290.37351
525.43778
497.78316
82.96386
1202.97597
1009.39363
110.61848
27.65462
359.51006
165.92772
0
705.19281
124.44579
110.61848
27.65462
553.0924
0
82.96386
525.43778
387.16468
428.64661
262.71889
110.61848
1341.24907
55.30924
497.78316
82.96386
884.94784
940.25708
179.75503
0
96.79117
345.68275
677.53819
262.71889
276.5462
400.99199
290.37351
138.2731
954.08439
290.37351
801.98398
27.65462
1341.24907
27.65462
1009.39363
248.89158
566.91971
539.26509
0
41.48193
276.5462
442.47392
41.48193
0
27.65462
580.74702
27.65462
1424.21293
2101.75112
207.40965
55.30924
207.40965
470.12854
13.82731
276.5462
56705.79831
13.82731
6650.93611
1424.21293
110.61848
0
0
41.48193
788.15667
815.81129
0
0
13.82731
138.2731
41.48193
179.75503
1825.20492
193.58234
27.65462
41.48193
0
