124.44579
290.37351
179.75503
497.78316
165.92772
55.30924
0
96.79117
0
13.82731
13.82731
0
483.95585
0
0
0
0
0
110.61848
69.13655
0
13.82731
69.13655
373.33737
96.79117
442.47392
801.98398
331.85544
0
428.64661
96.79117
0
152.10041
0
0
82.96386
1175.32135
0
0
13.82731
221.23696
0
428.64661
553.0924
428.64661
221.23696
41.48193
165.92772
152.10041
414.8193
1355.07638
359.51006
0
0
0
82.96386
539.26509
566.91971
3747.20101
1078.53018
580.74702
0
0
165.92772
152.10041
0
152.10041
0
41.48193
13.82731
27488.69228
3083.49013
4673.63078
0
10937.40221
13.82731
1451.86755
44136.77352
1880.51416
193.58234
25691.14198
152.10041
0
0
0
27.65462
0
0
0
0
0
0
0
0
0
0
0
27.65462
0
0
0
0
0
0
0
0
0
0
0
27.65462
0
0
0
0
0
0
13.82731
0
0
0
0
0
0
0
0
0
0
0
0
0
0
0
0
0
0
0
0
55.30924
96.79117
0
0
0
0
0
0
0
0
0
0
0
0
0
0
0
0
0
0
3705.71908
0
193.58234
0
0
0
0
13.82731
27.65462
0
0
124.44579
8545.27758
0
5904.26137
0
55.30924
41.48193
55.30924
0
41.48193
0
55.30924
318.02813
13.82731
41.48193
138.2731
0
165.92772
0
41.48193
69.13655
0
3180.2813
0
2447.43387
815.81129
27.65462
0
0
0
179.75503
221.23696
69.13655
318.02813
0
27.65462
0
165.92772
221.23696
0
193.58234
165.92772
884.94784
110.61848
69.13655
871.12053
3830.16487
152.10041
27.65462
27.65462
82.96386
41.48193
96.79117
55.30924
165.92772
41.48193
0
27.65462
41.48193
27.65462
27.65462
179.75503
0
0
0
207.40965
55.30924
96.79117
221.23696
138.2731
0
96.79117
69.13655
13.82731
124.44579
55.30924
27.65462
27.65462
165.92772
1202.97597
165.92772
165.92772
96.79117
152.10041
124.44579
248.89158
13.82731
553.0924
55.30924
152.10041
82.96386
69.13655
0
82.96386
55.30924
13.82731
152.10041
138.2731
290.37351
96.79117
594.57433
69.13655
13.82731
27.65462
0
13.82731
13.82731
55.30924
470.12854
82.96386
96.79117
221.23696
165.92772
82.96386
248.89158
69.13655
69.13655
318.02813
152.10041
124.44579
331.85544
0
0
677.53819
0
318.02813
0
0
0
0
0
0
0
0
0
0
0
0
0
0
0
0
345.68275
0
35702.11442
497.78316
0
4134.36569
0
138.2731
0
0
0
0
0
3802.51025
1617.79527
0
0
0
0
4756.59464
193.58234
0
28733.15018
0
0
0
0
0
0
3194.10861
13.82731
0
21390.84857
3360.03633
0
0
0
0
0
13.82731
0
0
0
0
0
0
0
0
0
0
0
110.61848
69.13655
69.13655
608.40164
0
0
1175.32135
0
0
0
0
0
0
0
27.65462
0
0
152.10041
69.13655
82.96386
165.92772
0
27.65462
138.2731
0
0
331.85544
0
456.30123
0
0
553.0924
290.37351
165.92772
525.43778
0
0
0
0
470.12854
0
0
69.13655
442.47392
0
0
207.40965
110.61848
0
41.48193
0
248.89158
594.57433
967.9117
0
359.51006
96.79117
0
0
0
0
110.61848
539.26509
82.96386
276.5462
82.96386
0
179.75503
0
0
262.71889
774.32936
0
124.44579
55.30924
0
0
0
0
1299.76714
0
124.44579
0
96.79117
41.48193
0
414.8193
0
0
0
0
0
27.65462
331.85544
0
0
0
636.05626
82.96386
0
27.65462
760.50205
138.2731
0
0
276.5462
0
304.20082
0
0
110.61848
0
0
0
82.96386
0
2087.92381
0
0
0
0
110.61848
165.92772
0
2212.3696
1106.1848
0
13.82731
124.44579
0
0
1424.21293
0
82.96386
13.82731
0
152.10041
0
41.48193
110.61848
0
0
41.48193
0
884.94784
1534.83141
0
0
0
0
290.37351
0
0
373.33737
0
898.77515
0
0
0
0
0
0
0
0
497.78316
0
0
0
359.51006
0
0
0
0
0
0
0
0
0
0
0
0
0
0
0
0
0
0
0
0
0
0
0
13.82731
0
0
0
0
0
0
55.30924
0
82.96386
13.82731
0
96.79117
0
0
0
0
41.48193
414.8193
0
82.96386
207.40965
27.65462
69.13655
248.89158
96.79117
0
0
0
0
0
0
82.96386
0
152.10041
13.82731
497.78316
0
110.61848
0
41.48193
1410.38562
0
0
27.65462
0
0
0
13.82731
41.48193
82.96386
470.12854
359.51006
41.48193
0
179.75503
27.65462
165.92772
13.82731
138.2731
27.65462
0
0
179.75503
13.82731
0
1272.11252
0
152.10041
1244.4579
0
27.65462
0
55.30924
0
0
0
1133.83942
138.2731
69.13655
0
27.65462
0
55.30924
138.2731
0
0
0
13.82731
1382.731
5586.23324
0
27.65462
138.2731
0
27.65462
2488.9158
96.79117
41.48193
235.06427
0
0
0
497.78316
41.48193
0
967.9117
0
41.48193
0
0
0
0
0
0
0
0
0
276.5462
0
0
0
0
497.78316
0
0
0
0
0
0
0
0
0
0
3484.48212
0
0
0
0
0
0
0
0
0
0
0
0
0
0
0
96.79117
0
0
0
0
0
0
0
0
0
0
0
0
0
0
0
0
0
0
0
0
414.8193
0
0
0
0
0
0
0
0
0
0
0
0
0
0
1009.39363
0
0
0
0
0
470.12854
0
0
0
0
0
0
0
0
0
0
0
0
0
0
428.64661
0
0
0
0
0
0
0
0
0
27.65462
0
0
0
0
0
0
0
0
0
0
0
456.30123
0
0
0
0
0
0
0
0
0
0
0
0
0
0
0
0
0
0
0
0
0
0
0
0
0
0
0
0
0
0
0
0
0
0
0
0
0
0
0
0
0
0
0
0
0
0
428.64661
0
0
0
0
0
774.32936
0
0
0
0
0
0
0
0
0
0
0
0
0
0
0
0
0
649.88357
41.48193
55.30924
152.10041
456.30123
41.48193
0
290.37351
235.06427
0
13.82731
0
13.82731
0
276.5462
55.30924
0
27.65462
345.68275
0
82.96386
13.82731
0
13.82731
0
193.58234
622.22895
290.37351
318.02813
0
207.40965
41.48193
0
96.79117
27.65462
0
0
96.79117
110.61848
0
69.13655
41.48193
0
483.95585
0
221.23696
124.44579
41.48193
27.65462
13.82731
13.82731
0
0
0
110.61848
0
69.13655
0
276.5462
13.82731
0
0
0
0
649.88357
13.82731
442.47392
69.13655
27.65462
0
0
0
41.48193
0
82.96386
235.06427
13.82731
1617.79527
55.30924
884.94784
193.58234
179.75503
0
55.30924
193.58234
0
1465.69486
55.30924
0
27.65462
41.48193
0
13.82731
0
0
69.13655
0
0
82.96386
0
0
41.48193
82.96386
0
0
27.65462
13.82731
13.82731
0
27.65462
0
0
290.37351
27.65462
27.65462
0
0
82.96386
0
0
0
0
13.82731
0
0
0
0
13.82731
0
110.61848
0
27.65462
0
0
0
0
0
0
41.48193
0
0
0
0
0
13.82731
0
41.48193
0
13.82731
0
13.82731
55.30924
2295.33346
0
27.65462
0
0
0
1382.731
13.82731
96.79117
27.65462
0
0
1050.87556
13.82731
0
41.48193
0
0
0
0
0
0
995.56632
27.65462
0
0
0
0
0
110.61848
0
0
0
179.75503
0
13.82731
13.82731
0
0
0
13.82731
0
41.48193
0
0
0
0
0
0
2558.05235
318.02813
55.30924
55.30924
0
55.30924
0
0
96.79117
0
13.82731
0
0
0
0
0
0
41.48193
0
13.82731
262.71889
110.61848
0
0
0
0
0
0
0
0
2074.0965
0
0
0
0
0
0
0
0
3083.49013
0
0
0
221.23696
0
0
0
0
0
0
0
0
0
0
0
0
0
0
0
0
0
0
0
0
815.81129
0
193.58234
0
0
0
0
0
0
0
0
0
0
0
0
0
0
0
0
967.9117
0
0
0
0
290.37351
27.65462
331.85544
41.48193
82.96386
69.13655
55.30924
0
27.65462
13.82731
27.65462
207.40965
82.96386
55.30924
13.82731
248.89158
13.82731
0
1852.85954
0
1908.16878
110.61848
69.13655
82.96386
539.26509
304.20082
13.82731
41.48193
0
55.30924
235.06427
428.64661
0
193.58234
110.61848
0
55.30924
0
4009.9199
0
124.44579
0
0
13.82731
0
69.13655
41.48193
0
96.79117
0
0
1258.28521
27.65462
884.94784
0
0
0
0
0
0
0
0
0
0
0
0
0
0
0
0
27.65462
0
0
0
0
0
0
27.65462
0
0
0
0
0
0
13.82731
0
13.82731
0
13.82731
13.82731
0
0
0
0
0
0
0
0
96.79117
96.79117
0
0
0
0
0
12292.47859
0
13.82731
0
0
0
815.81129
0
13.82731
0
0
566.91971
0
0
0
0
0
0
0
0
0
0
0
0
0
0
0
0
13.82731
0
0
0
0
0
511.61047
0
0
0
304.20082
13.82731
0
290.37351
0
0
0
0
0
13.82731
0
82.96386
2405.95194
0
0
0
0
0
0
0
677.53819
13.82731
0
0
0
0
27.65462
96.79117
0
0
0
0
0
318.02813
0
0
0
0
0
0
0
0
27.65462
0
0
0
0
0
0
82.96386
0
27.65462
0
262.71889
262.71889
179.75503
0
0
0
0
0
0
41.48193
4798.07657
207.40965
0
262.71889
0
0
0
0
0
193.58234
0
0
290.37351
0
0
110.61848
0
0
414.8193
0
0
0
96.79117
13.82731
0
608.40164
0
843.46591
0
179.75503
82.96386
55.30924
788.15667
0
483.95585
179.75503
13.82731
0
0
0
248.89158
82.96386
179.75503
290.37351
0
0
290.37351
138.2731
69.13655
0
0
0
179.75503
0
27.65462
13.82731
27.65462
0
0
0
221.23696
1037.04825
0
193.58234
96.79117
511.61047
0
0
0
0
0
774.32936
981.73901
96.79117
27.65462
0
0
0
0
0
0
0
0
138.2731
0
0
124.44579
926.42977
0
0
0
41.48193
0
0
0
0
0
82.96386
0
815.81129
0
304.20082
0
41.48193
345.68275
41.48193
179.75503
41.48193
27.65462
290.37351
165.92772
179.75503
55.30924
622.22895
124.44579
815.81129
96.79117
13.82731
193.58234
0
0
55.30924
41.48193
345.68275
0
69.13655
69.13655
262.71889
13.82731
82.96386
41.48193
69.13655
27.65462
55.30924
0
165.92772
387.16468
0
290.37351
0
41.48193
0
13.82731
0
0
27.65462
3484.48212
1825.20492
248.89158
884.94784
27.65462
110.61848
0
96.79117
13.82731
0
400.99199
0
0
41.48193
0
0
0
110.61848
0
41.48193
0
0
27.65462
373.33737
55.30924
0
27.65462
13.82731
27.65462
318.02813
13.82731
0
207.40965
124.44579
82.96386
0
1037.04825
124.44579
165.92772
0
829.6386
0
165.92772
6844.51845
27.65462
732.84743
0
5447.96014
0
248.89158
165.92772
0
27.65462
193.58234
41.48193
41.48193
1742.24106
13.82731
0
442.47392
96.79117
13.82731
27.65462
871.12053
276.5462
41.48193
0
27.65462
0
0
0
0
0
0
13.82731
0
0
0
0
359.51006
0
0
0
41.48193
0
0
27.65462
0
0
0
0
0
0
0
0
884.94784
0
27.65462
0
0
0
0
0
0
0
0
0
0
0
0
0
13.82731
124.44579
0
27.65462
774.32936
13.82731
0
0
55.30924
0
0
0
0
27.65462
0
0
0
0
0
0
0
0
0
0
0
0
41.48193
0
0
0
0
0
0
0
0
0
41.48193
0
0
0
0
0
0
0
0
0
0
0
0
0
0
0
0
0
0
0
0
0
0
0
0
0
0
0
0
0
41.48193
0
0
0
0
0
0
0
0
0
0
0
0
0
0
0
0
0
0
0
0
0
0
0
0
0
0
0
0
0
0
0
0
0
0
0
0
0
0
0
0
248.89158
3346.20902
0
1921.99609
0
267945.61318
17104.38247
84747.58299
345.68275
41.48193
69.13655
43763.43615
248.89158
193.58234
3719.54639
48188.17535
96.79117
13.82731
0
0
0
0
0
0
0
0
0
55.30924
0
0
69.13655
0
27.65462
0
0
0
0
0
0
41.48193
774.32936
0
152.10041
0
0
566.91971
0
705.19281
110.61848
13.82731
276.5462
27.65462
0
13.82731
27.65462
96.79117
11476.6673
9720.59893
0
0
0
2475.08849
13.82731
0
193.58234
2931.38972
41.48193
331.85544
0
677.53819
179.75503
345.68275
179.75503
0
55.30924
27.65462
27.65462
8393.17717
41.48193
0
221.23696
0
0
0
0
0
0
0
0
0
0
0
0
0
0
0
0
0
0
41.48193
0
0
55.30924
27.65462
0
0
0
0
6374.38991
13.82731
0
0
0
0
193.58234
2627.1889
82.96386
0
0
0
0
0
0
0
0
96.79117
0
0
0
0
0
0
0
0
0
0
0
483.95585
0
967.9117
0
566.91971
0
82.96386
0
13.82731
0
96.79117
0
22400.2422
82.96386
0
13.82731
0
41.48193
912.60246
124.44579
13.82731
0
27.65462
0
1299.76714
96.79117
0
27.65462
304.20082
0
276.5462
359.51006
525.43778
0
0
138.2731
55.30924
138.2731
580.74702
359.51006
96.79117
69.13655
0
0
0
13.82731
152.10041
96.79117
1133.83942
96.79117
207.40965
82.96386
27.65462
0
207.40965
138.2731
580.74702
0
0
124.44579
248.89158
0
41.48193
55.30924
0
663.71088
0
705.19281
110.61848
207.40965
373.33737
152.10041
442.47392
13.82731
0
0
165.92772
0
0
0
96.79117
13.82731
1078.53018
13.82731
0
13.82731
13.82731
290.37351
13.82731
0
124.44579
13.82731
0
235.06427
0
0
96.79117
1645.44989
0
0
27.65462
207.40965
0
304.20082
13.82731
0
27.65462
124.44579
262.71889
0
1106.1848
82.96386
82.96386
304.20082
13.82731
152.10041
55.30924
13.82731
13.82731
0
497.78316
0
0
525.43778
0
13.82731
0
69.13655
27.65462
27.65462
179.75503
0
235.06427
2198.54229
981.73901
235.06427
788.15667
0
0
13.82731
0
41.48193
0
165.92772
359.51006
13.82731
96.79117
0
0
0
1272.11252
27.65462
0
0
0
207.40965
553.0924
290.37351
1009.39363
622.22895
4079.05645
0
0
0
3138.79937
0
1037.04825
788.15667
13.82731
732.84743
456.30123
0
940.25708
27.65462
345.68275
1548.65872
0
1382.731
8725.03261
3498.30943
553.0924
0
0
19192.30628
0
0
2143.23305
69.13655
0
0
3470.65481
705.19281
13.82731
0
0
0
138.2731
0
0
13.82731
0
0
0
27.65462
539.26509
0
5503.26938
0
0
3443.00019
0
7369.95623
2322.98808
110.61848
0
843.46591
0
0
387.16468
0
2585.70697
760.50205
0
2212.3696
4410.91189
636.05626
0
1202.97597
0
221.23696
0
0
1382.731
2696.32545
636.05626
0
0
13.82731
4258.81148
2765.462
0
677.53819
69.13655
0
0
3207.93592
7383.78354
0
13.82731
13.82731
525.43778
0
69.13655
0
13.82731
138.2731
13.82731
0
0
0
0
0
13.82731
0
0
0
0
0
110.61848
1299.76714
0
0
13.82731
0
0
0
27.65462
0
0
0
27.65462
2018.78726
0
1396.55831
0
0
0
0
0
0
0
0
0
13.82731
0
0
0
0
0
0
0
0
0
0
13.82731
0
0
69.13655
138.2731
0
0
165.92772
0
13.82731
13.82731
0
41.48193
0
207.40965
0
0
27.65462
27.65462
138.2731
27.65462
359.51006
594.57433
96.79117
912.60246
69.13655
69.13655
124.44579
483.95585
442.47392
13.82731
41.48193
96.79117
41.48193
400.99199
96.79117
41.48193
248.89158
193.58234
1133.83942
124.44579
318.02813
248.89158
2281.50615
221.23696
193.58234
124.44579
0
96.79117
359.51006
82.96386
13.82731
96.79117
331.85544
13.82731
331.85544
898.77515
0
0
0
318.02813
11753.2135
594.57433
0
6886.00038
0
0
0
0
6291.42605
6803.03652
0
1825.20492
0
0
0
124.44579
1659.2772
0
0
0
69.13655
0
511.61047
0
3304.72709
96.79117
2032.61457
0
0
207.40965
10688.51063
0
0
10481.10098
27.65462
41.48193
0
0
41.48193
96.79117
0
13.82731
96.79117
13.82731
0
0
27.65462
0
4480.04844
207.40965
69.13655
0
138.2731
0
0
0
0
359.51006
69.13655
27.65462
0
857.29322
0
0
0
69.13655
525.43778
0
774.32936
0
179.75503
0
0
0
774.32936
41.48193
0
193.58234
0
1272.11252
0
179.75503
41.48193
0
331.85544
69.13655
165.92772
41.48193
0
304.20082
152.10041
0
0
82.96386
442.47392
0
207.40965
0
1410.38562
0
193.58234
0
0
110.61848
0
165.92772
1230.63059
41.48193
318.02813
262.71889
69.13655
0
193.58234
13.82731
0
0
0
318.02813
262.71889
13.82731
0
55.30924
41.48193
179.75503
27.65462
13.82731
262.71889
27.65462
0
13.82731
179.75503
0
0
0
0
27.65462
0
41.48193
0
0
13.82731
0
138.2731
0
193.58234
13.82731
0
0
27.65462
0
82.96386
0
3069.66282
13.82731
0
0
13.82731
0
0
0
0
4383.25727
13.82731
207.40965
0
0
69.13655
0
0
27.65462
69.13655
0
27.65462
13.82731
55.30924
0
0
69.13655
0
69.13655
96.79117
138.2731
27.65462
55.30924
82.96386
165.92772
13.82731
110.61848
0
0
0
96.79117
0
235.06427
152.10041
0
456.30123
0
179.75503
0
0
0
0
27.65462
0
13.82731
0
55.30924
152.10041
124.44579
41.48193
622.22895
0
331.85544
152.10041
207.40965
0
0
290.37351
0
0
0
13.82731
41.48193
0
746.67474
0
0
152.10041
0
82.96386
0
13.82731
96.79117
0
276.5462
0
0
0
0
55.30924
400.99199
0
0
41.48193
138.2731
262.71889
0
13.82731
207.40965
0
0
110.61848
207.40965
0
0
124.44579
110.61848
13.82731
0
138.2731
0
221.23696
0
0
179.75503
0
82.96386
110.61848
55.30924
1617.79527
0
0
110.61848
55.30924
801.98398
13.82731
13.82731
179.75503
0
732.84743
13.82731
0
0
2627.1889
13.82731
262.71889
1424.21293
13896.44655
0
248.89158
1438.04024
0
235.06427
96.79117
0
0
221.23696
580.74702
27.65462
2157.06036
0
27.65462
110.61848
27.65462
0
27.65462
290.37351
0
13.82731
69.13655
0
967.9117
13.82731
124.44579
41.48193
0
0
5185.24125
9720.59893
580.74702
124.44579
193.58234
235.06427
27.65462
359.51006
152.10041
470.12854
27.65462
0
843.46591
235.06427
0
0
1493.34948
483.95585
13.82731
1921.99609
0
1092.35749
331.85544
1230.63059
41.48193
165.92772
2378.29732
1244.4579
124.44579
0
41.48193
110.61848
221.23696
13.82731
55.30924
0
4632.14885
27.65462
1147.66673
110.61848
110.61848
0
636.05626
55.30924
290.37351
27.65462
41.48193
138.2731
27.65462
124.44579
262.71889
0
318.02813
165.92772
13.82731
13.82731
1037.04825
1106.1848
0
27.65462
829.6386
608.40164
373.33737
1438.04024
732.84743
221.23696
1507.17679
912.60246
13.82731
387.16468
290.37351
41.48193
55.30924
400.99199
2074.0965
69.13655
13.82731
0
124.44579
55.30924
124.44579
2060.26919
124.44579
359.51006
69.13655
0
69.13655
13.82731
27.65462
13.82731
1839.03223
0
2046.44188
13.82731
0
138.2731
96.79117
719.02012
69.13655
2599.53428
884.94784
152.10041
4258.81148
165.92772
124.44579
0
207.40965
1216.80328
304.20082
6277.59874
912.60246
400.99199
13.82731
138.2731
608.40164
345.68275
69.13655
248.89158
940.25708
262.71889
1686.93182
13.82731
0
276.5462
760.50205
483.95585
27.65462
0
110.61848
442.47392
428.64661
96.79117
69.13655
1009.39363
124.44579
248.89158
96.79117
428.64661
2253.85153
3028.18089
0
318.02813
13.82731
373.33737
0
0
0
705.19281
0
0
1272.11252
55.30924
193.58234
18736.00505
0
82.96386
1299.76714
331.85544
345.68275
0
165.92772
497.78316
82.96386
304.20082
221.23696
788.15667
41.48193
124.44579
857.29322
359.51006
1230.63059
165.92772
152.10041
179.75503
0
2378.29732
221.23696
221.23696
124.44579
55.30924
497.78316
608.40164
1534.83141
13.82731
13.82731
55.30924
1147.66673
1410.38562
41.48193
165.92772
55.30924
13.82731
0
179.75503
13.82731
1797.5503
69.13655
663.71088
27.65462
13.82731
27.65462
3415.34557
27.65462
345.68275
6567.97225
1106.1848
318.02813
96.79117
55.30924
41.48193
0
0
0
69.13655
0
0
0
1921.99609
0
0
0
0
0
0
0
0
0
0
179.75503
0
41.48193
0
0
1368.90369
0
0
0
0
0
0
0
27.65462
0
0
0
0
0
0
0
0
0
0
414.8193
0
41.48193
10.1777510713846
511.61047
2917.56241
0
0
0
0
0
0
0
13.82731
13.82731
13.82731
13.82731
13.82731
13.82731
13.82731
0
27.65462
27.65462
27.65462
27.65462
27.65462
27.65462
41.48193
41.48193
41.48193
0
0
55.30924
55.30924
55.30924
55.30924
276.5462
290.37351
0
0
69.13655
69.13655
82.96386
96.79117
0
96.79117
0
0
96.79117
0
221.23696
719.02012
248.89158
262.71889
276.5462
331.85544
0
345.68275
0
0
0
1202.97597
0
276.5462
0
0
0
0
13.82731
0
0
0
0
0
0
0
0
0
0
0
0
0
0
0
0
0
0
0
0
0
0
0
0
0
0
0
0
0
0
0
0
0
3.64955892861538
0
0
0
0
0
0
0
0
0
0
0
0
0
0
0
0
0
0
0
0
0
0
0
0
0
0
0
0
0
0
0
0
0
0
69.13655
649.88357
13.82731
124.44579
857.29322
69.13655
165.92772
414.8193
179.75503
608.40164
13.82731
304.20082
276.5462
248.89158
359.51006
1991.13264
318.02813
152.10041
318.02813
428.64661
55.30924
705.19281
165.92772
69.13655
27.65462
4383.25727
27.65462
414.8193
0
1355.07638
1230.63059
414.8193
788.15667
0
0
691.3655
0
566.91971
41.48193
41.48193
884.94784
27.65462
0
0
27.65462
13.82731
248.89158
193.58234
41.48193
179.75503
165.92772
0
0
0
290.37351
27.65462
331.85544
566.91971
96.79117
69.13655
801.98398
138.2731
110.61848
235.06427
0
13.82731
13.82731
746.67474
663.71088
0
69.13655
179.75503
0
41.48193
0
0
138.2731
27.65462
41.48193
165.92772
55.30924
13.82731
0
27.65462
0
13.82731
193.58234
193.58234
152.10041
262.71889
0
0
96.79117
0
13.82731
82.96386
124.44579
248.89158
27.65462
124.44579
276.5462
152.10041
276.5462
262.71889
41.48193
0
525.43778
55.30924
13.82731
179.75503
82.96386
0
373.33737
69.13655
55.30924
13.82731
290.37351
0
41.48193
525.43778
193.58234
221.23696
138.2731
55.30924
705.19281
27.65462
262.71889
41.48193
456.30123
497.78316
96.79117
0
55.30924
179.75503
359.51006
138.2731
152.10041
207.40965
152.10041
82.96386
497.78316
152.10041
801.98398
13.82731
705.19281
13.82731
525.43778
124.44579
304.20082
276.5462
0
27.65462
152.10041
235.06427
27.65462
0
13.82731
304.20082
27.65462
1424.21293
1106.1848
110.61848
27.65462
110.61848
248.89158
13.82731
207.40965
41924.40392
13.82731
4908.69505
1050.87556
110.61848
0
0
27.65462
580.74702
608.40164
0
0
13.82731
96.79117
27.65462
179.75503
1368.90369
138.2731
27.65462
27.65462
0
