55.30924
0
82.96386
0
0
27.65462
0
41.48193
0
0
0
0
0
0
0
0
1009.39363
0
55.30924
0
0
27.65462
41.48193
165.92772
41.48193
207.40965
0
152.10041
871.12053
193.58234
41.48193
0
0
0
0
41.48193
898.77515
0
0
0
96.79117
96.79117
207.40965
276.5462
193.58234
110.61848
82.96386
82.96386
0
0
636.05626
165.92772
0
0
0
41.48193
262.71889
276.5462
0
497.78316
276.5462
0
2585.70697
511.61047
0
0
0
0
0
0
0
0
0
0
0
0
0
0
0
0
0
0
0
0
0
0
0
0
0
0
0
0
0
22040.73214
0
0
2516.57042
0
622.22895
0
0
0
0
0
276.5462
0
0
0
0
0
0
1050.87556
0
69.13655
4175.84762
0
0
0
0
110.61848
0
0
0
0
27.65462
0
0
0
0
0
0
0
0
0
0
0
0
0
96.79117
41.48193
0
0
0
0
0
0
0
0
0
0
0
0
2599.53428
0
27364.24649
0
0
0
0
580.74702
0
55.30924
0
0
0
13.82731
290.37351
0
41.48193
0
1783.72299
0
0
27.65462
13.82731
0
0
27.65462
0
27.65462
124.44579
13.82731
13.82731
0
331.85544
69.13655
0
13.82731
13.82731
10163.07285
0
691.3655
0
318.02813
13.82731
0
0
0
0
82.96386
27.65462
124.44579
0
13.82731
0
69.13655
82.96386
0
69.13655
41.48193
0
110.61848
0
221.23696
1465.69486
0
0
0
0
0
0
0
0
0
0
27.65462
0
0
0
179.75503
0
0
0
0
0
0
276.5462
0
0
0
774.32936
0
0
0
0
0
0
0
0
0
0
0
0
0
0
1313.59445
0
13.82731
0
0
0
0
0
0
0
0
442.47392
0
1133.83942
0
0
0
0
0
55.30924
0
0
0
304.20082
954.08439
719.02012
428.64661
1023.22094
262.71889
345.68275
1216.80328
138.2731
110.61848
318.02813
0
0
0
0
0
0
0
0
884.94784
41.48193
0
2281.50615
0
13.82731
0
0
0
0
0
0
0
9637.63507
0
0
0
0
0
0
3318.5544
0
0
0
0
0
1700.75913
10107.76361
0
0
0
0
221.23696
138.2731
0
15569.55106
0
0
0
0
0
0
1465.69486
0
0
96.79117
497.78316
1023.22094
0
0
55.30924
0
124.44579
0
0
0
0
0
0
0
0
0
0
0
0
0
0
13.82731
0
0
13.82731
0
0
0
0
0
0
0
0
0
0
0
0
0
0
0
0
0
0
0
27.65462
0
0
0
0
0
0
0
13.82731
0
0
0
801.98398
0
0
0
0
0
0
0
0
0
0
0
0
0
13.82731
13.82731
0
0
0
0
0
0
0
0
13.82731
0
0
0
0
0
0
0
0
13.82731
0
0
1106.1848
0
4383.25727
0
0
13.82731
0
0
0
0
124.44579
0
13.82731
0
55.30924
0
0
0
0
373.33737
0
0
0
13.82731
0
0
0
13.82731
0
0
0
0
0
0
0
0
0
0
0
0
0
0
0
0
0
0
0
0
0
0
0
13.82731
0
0
2378.29732
0
0
13.82731
0
0
0
0
0
0
0
0
0
0
0
0
553.0924
0
0
0
0
13.82731
0
0
0
1631.62258
0
898.77515
0
290.37351
96.79117
96.79117
290.37351
221.23696
138.2731
553.0924
525.43778
55.30924
0
0
373.33737
11213.94841
82.96386
0
110.61848
7024.27348
82.96386
82.96386
179.75503
110.61848
41.48193
96.79117
152.10041
0
387.16468
41.48193
55.30924
0
0
152.10041
235.06427
179.75503
41.48193
27.65462
82.96386
0
898.77515
27.65462
967.9117
318.02813
27.65462
248.89158
96.79117
304.20082
55.30924
0
96.79117
0
13.82731
0
248.89158
0
0
0
0
0
3000.52627
0
0
165.92772
0
138.2731
0
0
0
0
0
82.96386
0
165.92772
0
55.30924
387.16468
0
138.2731
0
69.13655
41.48193
69.13655
387.16468
0
0
41.48193
138.2731
331.85544
1852.85954
4770.42195
152.10041
13.82731
1037.04825
22082.21407
0
41.48193
511.61047
13094.46257
96.79117
1714.58644
663.71088
82.96386
1534.83141
0
0
511.61047
0
0
110.61848
0
221.23696
400.99199
0
0
0
470.12854
649.88357
0
138.2731
0
207.40965
2834.59855
898.77515
0
4106.71107
497.78316
871.12053
5586.23324
0
96.79117
0
0
69.13655
414.8193
318.02813
165.92772
0
55.30924
0
0
0
165.92772
2516.57042
318.02813
829.6386
165.92772
0
8310.21331
3664.23715
0
0
318.02813
0
0
4065.22914
0
69.13655
0
0
13.82731
0
124.44579
82.96386
1202.97597
27.65462
0
0
442.47392
0
0
691.3655
6166.98026
5973.39792
0
27060.04567
0
0
0
0
7494.40202
0
1216.80328
4410.91189
0
0
1465.69486
1562.48603
1202.97597
2281.50615
0
4244.98417
0
96.79117
221.23696
7770.94822
0
0
1880.51416
27.65462
221.23696
691.3655
1534.83141
138.2731
0
0
0
0
0
318.02813
0
0
5572.40593
622.22895
0
539.26509
0
0
1064.70287
1673.10451
0
0
345.68275
2585.70697
0
456.30123
0
0
2959.04434
110.61848
2115.57843
0
0
110.61848
1341.24907
0
0
1285.93983
0
1161.49404
387.16468
27.65462
0
55.30924
221.23696
6955.13693
0
1507.17679
442.47392
0
2641.01621
69.13655
0
594.57433
2862.25317
912.60246
96.79117
0
124.44579
41.48193
746.67474
3042.0082
0
69.13655
248.89158
165.92772
235.06427
539.26509
0
539.26509
815.81129
470.12854
82.96386
732.84743
0
4051.40183
0
0
400.99199
2170.88767
1424.21293
2129.40574
110.61848
3014.35358
1894.34147
0
13.82731
13.82731
0
82.96386
1631.62258
1479.52217
622.22895
124.44579
373.33737
9540.8439
165.92772
0
0
649.88357
55.30924
13.82731
3830.16487
304.20082
2820.77124
2004.95995
193.58234
0
4507.70306
0
1216.80328
1368.90369
0
414.8193
0
0
373.33737
345.68275
553.0924
5765.98827
2336.81539
566.91971
0
1880.51416
387.16468
0
1244.4579
387.16468
152.10041
0
470.12854
0
7701.81167
0
55.30924
1852.85954
11407.53075
41.48193
428.64661
27.65462
41.48193
69.13655
0
27.65462
0
179.75503
165.92772
0
13.82731
0
0
0
0
13.82731
0
290.37351
345.68275
0
0
0
138.2731
13.82731
82.96386
0
0
0
0
124.44579
0
0
0
0
0
0
0
0
0
0
0
0
0
0
0
884.94784
0
0
0
0
0
0
318.02813
69.13655
0
110.61848
41.48193
124.44579
0
0
138.2731
0
0
0
0
13.82731
290.37351
0
27.65462
262.71889
0
0
0
0
0
0
0
0
0
0
55.30924
0
0
0
0
0
0
0
304.20082
0
0
0
0
0
0
0
0
0
0
0
41.48193
13.82731
55.30924
0
788.15667
152.10041
55.30924
82.96386
0
124.44579
0
580.74702
41.48193
110.61848
110.61848
124.44579
0
138.2731
13.82731
511.61047
27.65462
428.64661
82.96386
0
0
0
456.30123
96.79117
331.85544
553.0924
110.61848
124.44579
69.13655
0
193.58234
13.82731
0
27.65462
221.23696
82.96386
345.68275
193.58234
0
304.20082
27.65462
0
207.40965
13.82731
82.96386
0
55.30924
248.89158
207.40965
0
165.92772
691.3655
124.44579
0
1548.65872
82.96386
483.95585
152.10041
27.65462
0
0
96.79117
0
165.92772
41.48193
0
829.6386
1742.24106
110.61848
0
2392.12463
124.44579
0
0
0
0
290.37351
497.78316
55.30924
0
1258.28521
884.94784
1023.22094
41.48193
41.48193
0
13.82731
27.65462
69.13655
1078.53018
179.75503
0
1078.53018
0
0
0
1880.51416
594.57433
3539.79136
276.5462
276.5462
0
248.89158
0
0
0
0
69.13655
0
0
0
96.79117
0
2281.50615
221.23696
0
41.48193
179.75503
152.10041
0
0
0
0
0
0
0
0
13.82731
0
0
0
0
0
0
207.40965
0
5683.02441
0
0
0
0
0
0
13.82731
0
0
0
0
0
0
0
0
0
0
0
13.82731
0
69.13655
0
0
0
1548.65872
0
456.30123
0
0
0
0
0
0
0
0
0
0
0
0
0
0
0
0
207.40965
0
0
0
0
511.61047
262.71889
981.73901
69.13655
387.16468
248.89158
470.12854
13.82731
138.2731
304.20082
124.44579
0
276.5462
235.06427
96.79117
1037.04825
0
400.99199
13.82731
0
0
0
165.92772
0
0
0
1645.44989
165.92772
0
0
0
622.22895
0
0
0
0
0
0
0
0
318.02813
912.60246
553.0924
55.30924
124.44579
165.92772
995.56632
248.89158
1230.63059
0
954.08439
0
69.13655
981.73901
0
0
1092.35749
926.42977
13.82731
0
41.48193
262.71889
0
27.65462
857.29322
55.30924
359.51006
387.16468
1341.24907
13.82731
511.61047
221.23696
884.94784
0
318.02813
55.30924
400.99199
138.2731
13.82731
13.82731
0
96.79117
69.13655
871.12053
96.79117
165.92772
165.92772
179.75503
69.13655
82.96386
304.20082
622.22895
1106.1848
0
1382.731
0
0
1147.66673
400.99199
414.8193
1009.39363
82.96386
1189.14866
96.79117
11808.52274
49280.53284
0
55.30924
82.96386
13.82731
193.58234
1106.1848
221.23696
27.65462
248.89158
27.65462
2378.29732
13.82731
262.71889
0
373.33737
55.30924
0
884.94784
843.46591
497.78316
0
235.06427
69.13655
511.61047
940.25708
594.57433
442.47392
82.96386
912.60246
1064.70287
594.57433
138.2731
719.02012
414.8193
0
0
0
0
207.40965
2848.42586
0
0
0
55.30924
110.61848
0
0
1562.48603
0
12596.67941
0
27.65462
0
0
0
0
0
27.65462
0
0
0
21487.63974
0
41.48193
414.8193
165.92772
138.2731
0
170642.83271
0
26036.82473
0
55.30924
262.71889
0
235.06427
0
69.13655
0
0
1977.30533
124.44579
193.58234
0
0
11324.56689
0
41.48193
0
0
290.37351
0
0
0
0
138.2731
221.23696
55.30924
27.65462
115264.45616
262.71889
96.79117
55.30924
1078.53018
1147.66673
138.2731
0
0
0
0
0
96.79117
11213.94841
0
0
0
179.75503
69.13655
0
0
0
0
0
0
0
27.65462
0
41.48193
0
13.82731
0
0
428.64661
0
0
13.82731
0
0
0
0
0
0
0
0
0
0
27.65462
0
0
0
0
0
0
55.30924
0
0
0
0
0
0
0
0
0
13.82731
13.82731
0
0
0
0
0
0
0
55.30924
0
0
0
0
0
0
0
0
0
0
13.82731
0
0
0
0
0
0
0
0
0
0
0
0
0
0
0
55.30924
0
179.75503
0
0
165.92772
27.65462
96.79117
13.82731
27.65462
165.92772
96.79117
96.79117
27.65462
359.51006
69.13655
470.12854
41.48193
13.82731
110.61848
0
0
27.65462
13.82731
193.58234
0
41.48193
27.65462
152.10041
13.82731
55.30924
27.65462
41.48193
0
27.65462
0
96.79117
221.23696
0
165.92772
0
27.65462
69.13655
13.82731
0
69.13655
13.82731
0
0
152.10041
511.61047
13.82731
69.13655
0
41.48193
13.82731
0
235.06427
0
0
27.65462
0
0
0
82.96386
0
27.65462
0
0
27.65462
221.23696
27.65462
0
0
13.82731
13.82731
193.58234
0
0
0
82.96386
41.48193
331.85544
0
55.30924
110.61848
0
470.12854
428.64661
96.79117
0
0
414.8193
0
0
815.81129
3207.93592
96.79117
0
13.82731
110.61848
27.65462
13.82731
0
13.82731
0
248.89158
55.30924
0
13.82731
0
0
27.65462
0
13.82731
0
82.96386
3691.89177
96.79117
193.58234
0
331.85544
400.99199
27.65462
27.65462
0
13.82731
138.2731
13.82731
124.44579
1161.49404
1037.04825
13.82731
13.82731
27.65462
27.65462
69.13655
152.10041
193.58234
152.10041
331.85544
0
0
0
497.78316
0
13.82731
608.40164
0
41.48193
0
13.82731
13.82731
0
0
0
124.44579
373.33737
55.30924
2696.32545
138.2731
27.65462
22026.90483
539.26509
13.82731
0
0
0
13.82731
0
0
636.05626
235.06427
41.48193
0
0
0
0
0
0
41.48193
483.95585
0
96.79117
2046.44188
165.92772
0
0
27.65462
41.48193
69.13655
276.5462
96.79117
0
13.82731
373.33737
96.79117
55.30924
221.23696
1120.01211
13.82731
0
138.2731
0
0
55.30924
0
41.48193
0
0
0
483.95585
0
0
0
13.82731
276.5462
0
82.96386
400.99199
0
0
124.44579
0
165.92772
165.92772
179.75503
318.02813
0
0
0
221.23696
138.2731
41.48193
871.12053
41.48193
27.65462
0
207.40965
13.82731
27.65462
221.23696
594.57433
27.65462
96.79117
0
0
0
165.92772
483.95585
165.92772
0
55.30924
0
0
165.92772
152.10041
55.30924
0
110.61848
207.40965
0
55.30924
0
13.82731
0
3678.06446
0
69.13655
0
165.92772
0
1023.22094
0
262.71889
0
0
0
27.65462
0
456.30123
0
27.65462
511.61047
262.71889
13.82731
954.08439
428.64661
1410.38562
0
96.79117
221.23696
276.5462
0
179.75503
456.30123
483.95585
1451.86755
0
179.75503
0
165.92772
0
815.81129
193.58234
705.19281
1645.44989
677.53819
0
1686.93182
566.91971
0
69.13655
0
0
0
0
373.33737
0
0
0
0
4521.53037
0
0
2087.92381
0
0
0
13.82731
0
0
0
0
0
0
0
884.94784
0
0
0
0
5503.26938
0
0
0
0
0
0
0
0
0
0
124.44579
0
1562.48603
0
276.5462
304.20082
29341.55182
0
290.37351
470.12854
0
3857.81949
27.65462
0
235.06427
1949.65071
0
1866.68685
0
0
8241.07676
13.82731
0
0
0
304.20082
1009.39363
4037.57452
41.48193
1963.47802
0
0
0
0
0
0
414.8193
3733.3737
359.51006
0
940.25708
25898.55163
0
0
0
0
0
0
0
0
55.30924
594.57433
0
636.05626
0
110.61848
0
0
400.99199
13.82731
0
0
0
0
0
871.12053
0
82.96386
13.82731
0
0
0
235.06427
110.61848
13.82731
0
0
27.65462
0
13.82731
41.48193
41.48193
0
179.75503
0
13.82731
13.82731
0
0
13.82731
27.65462
0
0
0
0
470.12854
13.82731
96.79117
0
13.82731
0
13.82731
0
13.82731
13.82731
0
0
262.71889
13.82731
27.65462
165.92772
0
13.82731
0
0
677.53819
69.13655
13.82731
13.82731
27.65462
13.82731
27.65462
69.13655
0
0
13.82731
0
0
262.71889
0
69.13655
0
0
566.91971
566.91971
0
27.65462
0
69.13655
13.82731
221.23696
0
27.65462
0
359.51006
13.82731
0
0
0
0
13.82731
124.44579
0
0
124.44579
13.82731
41.48193
96.79117
0
0
0
0
0
0
55.30924
13.82731
0
0
414.8193
193.58234
0
0
193.58234
0
13.82731
0
27.65462
13.82731
13.82731
69.13655
0
0
165.92772
2931.38972
82.96386
304.20082
0
871.12053
0
0
13.82731
193.58234
0
138.2731
13.82731
41.48193
0
0
0
0
13.82731
0
0
0
82.96386
276.5462
110.61848
0
0
0
152.10041
0
0
0
1783.72299
0
5517.09669
0
276.5462
2461.26118
0
0
0
0
0
13.82731
0
0
0
96.79117
0
331.85544
0
0
0
0
2267.67884
0
110.61848
0
0
0
0
0
0
387.16468
0
0
0
884.94784
0
0
470.12854
0
0
0
0
0
0
0
2101.75112
0
4189.67493
0
3042.0082
0
0
4203.50224
69.13655
13993.23772
0
857.29322
0
470.12854
1521.0041
884.94784
221.23696
0
0
0
0
0
0
553.0924
0
0
967.9117
0
0
0
815.81129
912.60246
0
0
0
0
0
82.96386
207.40965
0
27.65462
1493.34948
511.61047
373.33737
387.16468
179.75503
13.82731
884.94784
0
13.82731
1686.93182
0
0
0
0
55.30924
0
124.44579
27.65462
13.82731
96.79117
27.65462
55.30924
0
0
0
13.82731
3318.5544
0
55.30924
580.74702
69.13655
27.65462
331.85544
41.48193
13.82731
41.48193
110.61848
207.40965
13.82731
41.48193
0
13.82731
82.96386
0
27.65462
0
0
290.37351
0
13.82731
0
0
41.48193
138.2731
0
1811.37761
3608.92791
82.96386
0
235.06427
0
69.13655
27.65462
13.82731
0
0
0
0
0
566.91971
193.58234
0
235.06427
0
0
0
0
0
0
0
0
0
0
13.82731
0
0
276.5462
0
13.82731
0
0
470.12854
0
0
0
0
0
580.74702
0
0
0
0
27.65462
0
0
0
0
0
0
0
0
27.65462
13.82731
27.65462
55.30924
179.75503
13.82731
0
0
0
0
0
0
13.82731
0
13.82731
13.82731
0
13.82731
0
0
0
414.8193
13.82731
0
1175.32135
0
2959.04434
9333.43425
0
0
0
0
0
0
0
0
0
13.82731
27.65462
0
82.96386
0
0
0
0
0
0
0
0
0
0
0
82.96386
0
0
0
27.65462
0
13.82731
0
0
55.30924
0
0
0
318.02813
27.65462
331.85544
0
0
0
0
55.30924
0
0
0
262.71889
13.82731
0
69.13655
0
0
0
55.30924
13.82731
0
110.61848
27.65462
0
13.82731
0
96.79117
55.30924
0
428.64661
27.65462
152.10041
0
69.13655
0
0
0
69.13655
553.0924
0
41.48193
0
55.30924
0
13.82731
110.61848
82.96386
27.65462
0
0
13.82731
0
0
0
428.64661
0
13.82731
0
69.13655
0
276.5462
41.48193
13.82731
663.71088
27.65462
55.30924
0
0
0
0
0
0
55.30924
0
55.30924
82.96386
0
13.82731
0
0
0
248.89158
13.82731
0
0
27.65462
0
0
96.79117
10135.41823
13.82731
0
0
470.12854
248.89158
82.96386
0
0
0
0
1742.24106
0
0
69.13655
0
0
27.65462
110.61848
0
41.48193
13.82731
69.13655
0
0
0
0
470.12854
110.61848
483.95585
27.65462
69.13655
96.79117
193.58234
13.82731
124.44579
0
0
0
96.79117
0
235.06427
0
0
0
760.50205
207.40965
55.30924
179.75503
0
0
27.65462
815.81129
13.82731
124.44579
0
179.75503
124.44579
41.48193
0
0
0
165.92772
235.06427
0
0
318.02813
235.06427
0
69.13655
13.82731
41.48193
235.06427
0
0
0
0
0
82.96386
0
27.65462
96.79117
0
0
331.85544
373.33737
193.58234
0
55.30924
442.47392
0
0
55.30924
152.10041
290.37351
0
27.65462
235.06427
124.44579
193.58234
124.44579
221.23696
0
82.96386
138.2731
318.02813
69.13655
0
152.10041
235.06427
0
0
0
13.82731
0
96.79117
124.44579
82.96386
0
152.10041
304.20082
124.44579
13.82731
207.40965
13.82731
13.82731
27.65462
0
940.25708
13.82731
0
0
55.30924
0
221.23696
1700.75913
5489.44207
0
41.48193
1507.17679
0
884.94784
262.71889
0
0
193.58234
594.57433
0
2502.74311
13.82731
13.82731
96.79117
13.82731
0
0
13.82731
0
0
27.65462
0
442.47392
0
41.48193
13.82731
0
0
2004.95995
4507.70306
152.10041
27.65462
207.40965
248.89158
0
41.48193
27.65462
594.57433
13.82731
0
2364.47001
41.48193
0
0
2558.05235
82.96386
0
138.2731
0
981.73901
221.23696
373.33737
0
248.89158
2309.16077
1493.34948
124.44579
525.43778
110.61848
27.65462
235.06427
0
1617.79527
0
290.37351
0
193.58234
318.02813
27.65462
0
400.99199
13.82731
55.30924
13.82731
138.2731
69.13655
0
262.71889
69.13655
0
0
27.65462
13.82731
0
2876.08048
566.91971
0
13.82731
428.64661
318.02813
179.75503
1258.28521
954.08439
0
1880.51416
442.47392
13.82731
124.44579
290.37351
41.48193
27.65462
110.61848
2101.75112
13.82731
0
0
511.61047
27.65462
41.48193
2779.28931
69.13655
235.06427
221.23696
0
27.65462
0
69.13655
13.82731
414.8193
0
207.40965
0
0
27.65462
110.61848
138.2731
13.82731
0
27.65462
207.40965
2613.36159
69.13655
13.82731
0
55.30924
1202.97597
82.96386
3415.34557
1686.93182
138.2731
13.82731
124.44579
276.5462
345.68275
5724.50634
69.13655
1023.22094
69.13655
414.8193
0
0
152.10041
884.94784
511.61047
0
0
110.61848
207.40965
1050.87556
96.79117
13.82731
497.78316
41.48193
248.89158
193.58234
511.61047
1659.2772
4065.22914
0
69.13655
0
608.40164
0
0
0
276.5462
0
0
221.23696
0
96.79117
138.2731
0
13.82731
1548.65872
331.85544
235.06427
13.82731
207.40965
511.61047
13.82731
13.82731
41.48193
82.96386
0
179.75503
1147.66673
262.71889
304.20082
41.48193
27.65462
27.65462
0
3705.71908
207.40965
55.30924
27.65462
13.82731
1285.93983
608.40164
2240.02422
0
0
27.65462
525.43778
1396.55831
179.75503
138.2731
0
13.82731
0
69.13655
27.65462
746.67474
13.82731
400.99199
0
0
13.82731
2751.63469
0
41.48193
8379.34986
0
69.13655
13.82731
13.82731
0
0
0
0
0
0
0
1009.39363
0
0
1202.97597
0
0
0
0
0
0
0
0
0
0
0
0
0
0
0
0
0
0
0
359.51006
414.8193
318.02813
815.81129
124.44579
276.5462
13.82731
304.20082
82.96386
359.51006
884.94784
442.47392
387.16468
96.79117
13.82731
414.8193
1180.61912428062
1479.52217
69.13655
13.82731
13.82731
13.82731
13.82731
13.82731
27.65462
27.65462
27.65462
41.48193
41.48193
55.30924
55.30924
55.30924
69.13655
110.61848
82.96386
96.79117
110.61848
110.61848
110.61848
124.44579
124.44579
124.44579
152.10041
221.23696
235.06427
179.75503
193.58234
221.23696
221.23696
0
0
304.20082
304.20082
262.71889
262.71889
304.20082
331.85544
428.64661
345.68275
442.47392
456.30123
373.33737
511.61047
331.85544
0
912.60246
981.73901
1023.22094
1216.80328
1548.65872
1617.79527
2405.95194
1396.55831
387.16468
0
2392.12463
649.88357
967.9117
1175.32135
2322.98808
539.26509
1659.2772
829.6386
2917.56241
3138.79937
0
0
0
0
0
0
0
0
0
0
0
0
0
0
0
0
0
0
0
0
0
0
0
0
0
0
0
0
0
0
423.348835719385
0
0
0
0
0
0
0
0
0
0
0
0
0
0
0
0
0
0
0
0
0
0
0
0
0
0
0
0
0
0
0
0
0
0
13.82731
110.61848
41.48193
193.58234
636.05626
13.82731
55.30924
0
179.75503
0
0
0
0
0
0
96.79117
0
152.10041
138.2731
179.75503
13.82731
0
27.65462
69.13655
0
359.51006
0
110.61848
0
1009.39363
138.2731
207.40965
359.51006
0
0
152.10041
0
387.16468
55.30924
82.96386
1728.41375
27.65462
0
0
13.82731
13.82731
207.40965
359.51006
27.65462
345.68275
318.02813
0
0
0
235.06427
27.65462
677.53819
1037.04825
69.13655
69.13655
1479.52217
138.2731
165.92772
207.40965
0
13.82731
27.65462
1382.731
1285.93983
0
152.10041
345.68275
0
69.13655
0
0
235.06427
13.82731
55.30924
331.85544
55.30924
13.82731
0
13.82731
13.82731
13.82731
152.10041
359.51006
318.02813
207.40965
0
0
96.79117
0
13.82731
0
0
221.23696
27.65462
110.61848
0
138.2731
248.89158
235.06427
41.48193
1202.97597
483.95585
55.30924
13.82731
179.75503
82.96386
0
331.85544
55.30924
55.30924
13.82731
262.71889
0
41.48193
0
193.58234
207.40965
124.44579
55.30924
636.05626
27.65462
235.06427
41.48193
428.64661
442.47392
82.96386
0
41.48193
165.92772
318.02813
124.44579
124.44579
193.58234
138.2731
55.30924
456.30123
138.2731
0
13.82731
636.05626
13.82731
483.95585
124.44579
262.71889
262.71889
0
13.82731
124.44579
207.40965
13.82731
0
13.82731
276.5462
0
0
995.56632
96.79117
27.65462
96.79117
221.23696
0
69.13655
14781.39439
0
1742.24106
373.33737
0
0
0
13.82731
207.40965
207.40965
0
0
0
41.48193
13.82731
0
456.30123
55.30924
0
13.82731
0
