7038.10079
31761.33107
5738.33365
6761.55459
5351.63283394063
3180.2813
3733.3737
32217.6323
5959.57061
4825.73119
6761.55459
1880.51416
4355.60265
2295.33346
774.32936
10508.7556
12154.20549
2336.81539
414.8193
6844.51845
2834.59855
42933.79755
9471.70735
8158.1129
9831.21741
18459.45885
7853.91208
28166.23047
2806.94393
6319.08067
2765.462
1521.0041
2364.47001
2502.74311
23216.05349
15721.65147
166368.944275707
2087.92381
16661.90855
10633.20139
22082.21407
14961.14942
1562.48603
5641.54248
94592.62771
3443.00019
7646.50243
45520.2903003525
118928.69331
3664.23715
46169.38809
46155.56078
2350.6427
3733.3737
6955.13693
2101.75112
12168.0328
13716.69152
21957.76828
2516.57042
24266.92905
14352.74778
41357.48421
49432.63325
2862.25317
4092.88376
1341.24907
7369.95623
21750.35863
30005.2627
8572.9322
6319.08067
2461.26118
4784.24926
1014273.17008521
59429.77838
18556.25002
232409.42648
186006.47446479
8227.24945
31623.05797
46044.9423
6678.59073
2419.77925
5212.89587
91418.3001772345
1603.96796
1825.20492
774.32936
11863.83198
2502.74311
2959.04434
2322.98808
12831.74368
1382.731
3982.26528
2862.53966701115
21114.30237
44897.27557
9250.47039
3636.58253
1050.87556
1479.52217
4341.77534
23450.8312629888
4189.67493
2143.23305
21736.53132
2032.61457
6028.70716
3885.47411
7121.06465
3456.8275
7798.60284
1285.93983
2198.54229
18169.08534
6637.1088
1285.93983
1590.14065
2392.12463
2046.44188
4549.18499
3857.81949
10052.45437
0
1285.93983
138.2731
9941.83589
1839.03223
788.15667
1078.53018
1341.24907
5185.24125
1272.11252
4383.25727
1023.22094
3954.61066
2309.16077
15445.10527
1064.70287
69786.43357
1576.31334
6899.82769
43417.7534
1120.01211
1811.37761
4092.88376
4645.97616
3470.65481
2779.28931
7383.78354
2779.28931
132.319332765478
12624.33403
2599.53428
4244.98417
287730.709563908
262.71889
10494.92829
59236.19604
13343.35415
5710.67903
199855.991143496
3996.09259
60314.72622
356661.63414
6111.67102
22427.89682
44551.59282
7895.39401
312497.206
39988.58052
11158.63917
10038.62706
1809444.8155599
30461.56393
44275.04662
2157.06036
13606.07304
69731.12433
1783.72299
4120.53838
66882.69847
25635.83274
22331.10565
664326.533887355
91287.90062
5240.55049
893537.6181683
580070.907533836
9554.67121
411326.166207395
637541.355968309
113771.10668
210789.245462596
47828.66529
115264.45616
98782.30264
187303.315536164
33973.70067
67574.06397
981.73901
9457.88004
87526.8723
67283.69046
143306.24084
25013.60379
13426.31801
2226.19691
109456.98596
23077.78039
330987.924788736
54700.83836
14560.15743
109483.913161211
2378.29732
233059.31005
2765.462
857.29322
1189.14866
116316.685968372
4590.66692
387.16468
1852.85954
3111.14475
608.40164
1216.80328
248.89158
6180.80757
196112.73773
345.68275
46763.96242
14795.2217
926.42977
108599.69274
12237.16935
19634.7802
732.84743
3111.14475
3512.13674
457.261583363344
3622.75522
262.71889
21626.9123790642
345.68275
1921.99609
2060.26919
10688.51063
35342.60436
4383.25727
318.02813
4120.53838
14739.91246
621.268596636656
2889.90779
6457.35377
13205.08105
5240.55049
5904.26137
4189.67493
470.12854
1189.14866
8420.83179
3622.75522
59844.59768
2627.1889
1479.52217
4604.49423
1258.28521
276.5462
1078.53018
732.84743
10121.59092
4120.53838
719.02012
40111.3999413531
1811.37761
302804.26169
58544.83054
80557.90806
9513.18928
103898.40734
23395.80852
6180.80757
5613.88786
14795.2217
73533.63458
19607.12558
0
36379.65261
1258.28521
67933.57403
2240.02422
124851.88243796
317433.55567
926.42977
6678.59073
19275.27014
15389.79603
42048.84971
5116.1047
32466.52388
926.42977
168886.76434
55627.26813
12029.7597
2654.84352
6139.32564
318.02813
1272.11252
2613.36159
1175.32135
2046.44188
6346.73529
27336.59187
10743.81987
121383.265317876
1548.65872
6415.87184
3512.13674
1161.49404
235.06427
56069.74205
40693.77333
42048.84971
2046.44188
691.3655
1921.99609
45685.43224
41316.00228
11213.94841
458237.0534
0
10246.03671
30005.2627
2986.69896
180897.59628204
48284.96652
271817.25998
98804.3578981539
105086.01722397
93182.24209
3539.79136
18653.04119
11601.11309
20823.92886
13011.49871
76008.72307
21930.11366
1576.31334
2806.94393
525.43778
72551.89557
3346.20902
14684.60322
1534.83141
1258.28521
608.40164
815.81129
165.92772
9112.19729
3498.30943
6346.73529
9643.98493015488
4480.04844
1147.66673
32618.62429
622.22895
331.85544
1285.93983
3608.92791
6872.17307
1438.04024
3553.61867
719.02012
6540.31763
677.53819
16343.88042
7826.25746
871.12053
85340.8341803851
470.12854
4811.90388
24889.158
17685.12949
387.16468
10038.62706
649.88357
126084.890029845
4867.21312
5074.62277
22386.41489
2502.74311
10674.68332
497.78316
5627.71517
2889.90779
1908.16878
2032.61457
0
1590.14065
3249.41785
9181.33384
27613.13807
1852.85954
82.96386
8090.29948961491
2212.3696
2309.16077
815.81129
2654.84352
14822.87632
18072.29417
26576.08982
3304.72709
277514.1117
4300.29341
96.79117
14062.37427
14546.33012
2336.81539
2641.01621
552.274162432135
7314.64699
131069.07149
1880.51416
3622.75522
8683.55068
1631.62258
2032.61457
51824.75788
32964.30704
732.84743
10729.99256
1202.97597
1175.32135
1839.03223
483.95585
788.15667
10909.74759
2129.40574
746.67474
5447.96014
2737.80738
9416.39811
719.02012
829.6386
23727.66396
1894.34147
3042.0082
1479.52217
1216.80328
732.84743
995.56632
262.71889
373.33737
5669.1971
2101.75112
566.91971
2087.92381
3664.23715
51575.8663
17961.67569
511.61047
414.8193
179.75503
3636.58253
4065.22914
1023.22094
1697.61726520673
7618.84781
1382.731
5821.29751
193.58234
2101.75112
801.98398
60743.37283
16343.88042
594.57433
1230.63059
801.98398
13291.1867747933
4327.94803
705.19281
3747.20101
2143.23305
69.13655
1548.65872
1050.87556
2004.95995
2198.54229
7605.0205
7770.94822
4051.40183
1894.34147
622.22895
14560.15743
179.75503
553.0924
2655.66175756786
6194.63488
8752.68723
3913.12873
5378.82359
470.12854
3678.06446
2433.60656
179.75503
248.89158
2074.0965
28594.87708
373.33737
1424.21293
926.42977
1714.58644
86227.10516
387.16468
23077.78039
1617.79527
677.53819
4908.69505
10204.55478
705.19281
3843.99218
39532.27929
940.25708
525.43778
69.13655
17712.78411
1977.30533
5185.24125
248.89158
1521.0041
1037.04825
5641.54248
3318.5544
3373.86364
1189.14866
3000.52627
1673.10451
3373.86364
3622.75522
31152.92943
7840.08477
1825.20492
594.57433
1216.80328
8006.01249
3346.20902
14380.4024
898.77515
608.40164
3913.12873
2723.98007
1382.731
1659.2772
21390.84857
2253.85153
1133.83942
13965.5831
2516.57042
1783.72299
5212.89587
69.13655
4341.77534
608.40164
1534.83141
1438.04024
34844.8212
3207.93592
2336.81539
13.82731
9679.117
6125.49833
924480.185235006
3290.89978
345.68275
10992.71145
1728.41375
1023.22094
163182.118104871
1852.85954
27.65462
3346.20902
2350.6427
2046.44188
19911.3264
3761.02832
1066.65896608058
1465.69486
5005.48622
0
1521.0041
235.06427
920.303755297427
5710.67903
2986.69896
8904.78764
1949.65071
0
1603.96796
2723.98007
1189.14866
84028.76035005
19966.63564
10605.54677
7085.70873470257
84678.44644
13509.28187
1714.58644
5613.88786
7632.67512
4037.57452
4217.32955
27613.13807
16108.81615
31816.64031
5807.4702
81885.32982
1479.52217
2240.02422
884.94784
3871.6468
1161.49404
1327.42176
497.78316
3622.75522
6652.79814177057
1465.69486
7107.23734
33171.71669
1133.83942
1811.37761
2516.57042
0
276.5462
580.74702
4410.91189
2004.95995
25027.4311
17809.57528
4754.63854391942
33323.8171
1175.32135
952.222358229426
2654.84352
774.32936
5129.93201
20976.02927
1686.93182
12776.43444
2447.43387
3249.41785
815.81129
1728.41375
1534.83141
5364.99628
52789.4472937785
2170.88767
41454.27538
10729.99256
3650.40984
50732.40039
11283.08496
622.22895
1202.97597
2461.26118
0
1382.731
7466.7474
30876.38323
387.16468
5945.7433
2378.29732
5613.88786
6166.98026
4452.39382
4148.193
14836.70363
8006.01249
18362.66768
3014.35358
1728.41375
1438.04024
3456.8275
1728.41375
2945.21703
5973.39792
4079.05645
57563.09153
4659.80347
3761.02832
5005.48622
4092.88376
13467.79994
3802.51025
6803.03652
1368.90369
1686.93182
7923.04863
1603.96796
13357.18146
5199.06856
5226.72318
1230.63059
193772.848406294
12762.60713
6816.86383
18722.17774
170587.52347
3000.52627
1023.22094
3539.79136
22441.72413
4618.32154
15251.52293
857.29322
3650.40984
1023.22094
732.84743
1839.03223
1299.76714
525.43778
1811.37761
19233.78821
1548.65872
387.16468
6028.70716
3042.0082
2668.67083
1700.75913
30862.55592
3595.1006
6982.79155
2820.77124
898.77515
1880.51416
1783.72299
1714.58644
19925.15371
1258.28521
442.47392
38605.84952
1852.85954
12555.19748
4563.0123
788.15667
4618.32154
3304.72709
9126.0246
2834.59855
1479.52217
2115.57843
801.98398
1175.32135
1327.42176
1649.48549978015
497.78316
1935.8234
24336.0656
3346.20902
2101.75112
1645.44989
5378.82359
1189.14866
1521.0041
3346.20902
1839.03223
1673.10451
8904.78764
3664.23715
1175.32135
1714.58644
3290.89978
1120.01211
6720.07266
4466.22113
3581.27329
1479.85975966444
1898.2741495981
1272.11252
9457.88004
2889.90779
11573.45847
1728.41375
1686.93182
3525.96405
926.42977
843.46591
995.56632
995.56632
1769.89568
1921.99609
857.29322
1949.65071
1355.07638
2945.21703
636.05626
1202.97597
594.57433
1659.2772
1700.75913
7674.15705
4036.35215742354
13149.77181
1603.96796
1880.51416
1811.37761
17367.10136
55641.09544
801.98398
1927.0658014537
4092.88376
539.26509
3360.03633
3899.30142
6512.66301
1299.76714
760.50205
1507.17679
1020.12876800247
2018.78726
37001.88156
3180.2813
3235.59054
2405.95194
1285.93983
4908.69505
829.6386
78829.49431
20146.39067
2198.54229
207.40965
1797.5503
25718.7966
2309.16077
11449.01268
11794.69543
3857.81949
0
4964.00429
968.930335480387
8462.31372
1465.69486
2018.78726
1013.14124859722
9997.14513
1202.97597
1728.41375
22925.67998
414.8193
1742.24106
2668.67083
746.67474
6429.69915
954.08439
3608.92791
2903.7351
1438.04024
14892.01287
290.37351
428.64661
3000.52627
705.19281
511.61047
1465.69486
1230.63059
801.98398
511.61047
7770.94822
6236.11681
497.78316
2889.90779
331.85544
18487.11347
400.99199
331.85544
3788.68294
1894.34147
10218.38209
9596.15314
2723.98007
9402.5708
400.99199
732.84743
2157.06036
1562.48603
359.51006
967.9117
1023.22094
1272.11252
19994.29026
954.08439
276.5462
1548.65872
1811.37761
719.02012
20284.66377
954.08439
1327.42176
566.91971
3954.61066
428.64661
36075.45179
290.37351
1603.96796
1050.87556
8807.99647
6982.79155
1313.59445
1659.2772
1064.70287
5447.96014
1728.41375
6816.86383
677.53819
1106.1848
1880.51416
1811.37761
483.95585
1064.70287
2060.26919
636.05626
566.91971
1479.52217
1728.41375
8877.13302
1921.99609
428.64661
12555.19748
884.94784
1811.37761
4272.63879
940.25708
857.29322
1009.39363
9471.70735
1230.63059
71003.23685
6775.3819
33323.8171
608.40164
1797.5503
622.22895
553.0924
677.53819
1742.24106
3235.59054
1977.30533
801.98398
760.50205
359.51006
1078.53018
497.78316
2157.06036
442.47392
103428.2788
2530.39773
1299.76714
2889.90779
884.94784
11075.67531
0
5309.68704
55.30924
2668.67083
16357.70773
8130.45828
1327.42176
1493.34948
2240.02422
0
1769.89568
0
4881.04043
40527.84561
207.40965
2433.60656
5945.7433
1258.28521
17795.74797
7840.08477
5530.924
4701.2854
649.88357
1078.53018
19095.51511
2502.74311
290.37351
1977.30533
66343.43338
2032.61457
6816.86383
12416.92438
1659.2772
677.53819
2378.29732
2696.32545
3719.54639
3498.30943
1382.731
4853.38581
677.53819
21321.71202
4314.12072
3857.81949
5793.64289
13412.4907
0
207.40965
13882.61924
2488.9158
188314.13489
7425.26547
3595.1006
0
1244.4579
456.30123
843.46591
12582.8521
1742.24106
1023.22094
1396.55831
2405.95194
1521.0041
2779.28931
2060.26919
0
3899.30142
11559.63116
2613.36159
995.56632
14892.01287
884.94784
6609.45418
5669.1971
5351.16897
4397.08458
1037.04825
1548.65872
3913.12873
0
2599.53428
3996.09259
1548.65872
6139.32564
7259.33775
2046.44188
2654.84352
5835.12482
1534.83141
470.12854
1244.4579
5779.81558
8669.72337
2004.95995
12569.02479
0
3235.59054
7286.99237
4811.90388
3415.34557
4079.05645
2419.77925
0
6332.90798
0
2903.7351
4162.02031
3014.35358
24183.96519
2613.36159
3401.51826
2723.98007
7425.26547
387.16468
4507.70306
8047.49442
5904.26137
6899.82769
5392.6509
5323.51435
6305.25336
2834.59855
17132.03709
65444.65823
36269.03413
1479.52217
2378.29732
2571.87966
3028.18089
4839.5585
4480.04844
103870.75272
1783.72299
4148.193
8904.78764
2820.77124
5517.09669
13924.10117
2820.77124
2295.33346
89808.37845
6678.59073
35121.3674
31374.16639
3014.35358
10647.0287
16260.91656
2806.94393
4134.36569
9208.98846
206220.50134
34402.34728
8738.85992
5641.54248
35771.25097
1189.14866
3996.09259
3525.96405
10812.95642
11753.2135
539.26509
4314.12072
8932.44226
14850.53094
6609.45418
14809.04901
29189.45141
20174.04529
1659.2772
5613.88786
4908.69505
8835.65109
9430.22542
19717.74406
7563.53857
9969.49051
1908.16878
5738.33365
1825.20492
12002.10508
6761.55459
35951.006
2309.16077
4258.81148
8987.7515
4369.42996
1078.53018
3954.61066
14753.73977
1327.42176
1825.20492
2972.87165
1659.2772
2212.3696
21819.49518
857.29322
49142.25974
304781.56702
3733.3737
1590.14065
9388.74349
2226.19691
7743.2936
3484.48212
20865.41079
3512.13674
15071.7679
7.07486234995642
1507.17679
535379.61589
77502.07255
2087.92381
4659.80347
1825.20492
3525.96405
22967.16191
9278.12501
10840.61104
0
41274.52035
22856.54343
46598.0347
3498.30943
134414.908857951
10536.41022
74529.2009
22289.62372
34677.8185651434
2419.77925
53055.38847
91633.58337
16657.8620596044
383270.871637302
110.61848
705.19281
5406.47821
2848.42586
1590.14065
83171.26965
760.50205
2170.88767
11780.86812
1037.04825
21363.19395
3857.81949
17533.02908
2295.33346
3055.83551
1299.76714
3498.30943
1451.86755
1659.2772
843.46591
3097.31744
3235.59054
3608.92791
4535.35768
5295.85973
566.91971
1949.65071
12513.71555
2931.38972
2336.81539
4438.56651
3996.09259
51230.18355
5904.26137
2295.33346
1493.34948
4051.40183
14366.57509
11352.22151
539.26509
116615.236197307
41.48193
387.16468
428.64661
539.26509
48903.8401832393
9029.23343
649.88357
1479.52217
6277.59874
2074.0965
6567.97225
2917.56241
1935.8234
1576.31334
235.06427
483.95585
17353.27405
4728.94002
152.10041
24142.48326
3207.93592
30558.3551
1534.83141
636.05626
719.02012
3083.49013
82.96386
1396.55831
46146.029812693
705.19281
318.02813
27101.5276
55931.46895
4604.49423
2240.02422
414.8193
3691.89177
3263.24516
6332.90798
26410.1621
729255.684686761
3650.40984
373.33737
160770.13337
2032.61457
2018.78726
2682.49814
705.19281
8517.62296
1341.24907
2198.54229
11656.42233
732.84743
1728.41375
2765.462
6595.62687
318.02813
331.85544
2364.47001
4590.66692
57037.65375
1189.14866
2488.9158
1562.48603
1866.68685
4922.52236
4217.32955
442.47392
110936.50813
1313.59445
940.25708
1921.99609
2917.56241
843.46591
497.78316
6526.49032
705.19281
1092.35749
649.88357
1244.4579
221.23696
3207.93592
1534.83141
4742.76733
4203.50224
304.20082
636.05626
2654.84352
1756.06837
1216.80328
2917.56241
4148.193
691.3655
5848.95213
4563.0123
539.26509
18376.49499
4867.21312
1562.48603
1202.97597
2668.67083
10978.88414
649.88357
82991.51462
940.25708
1299.76714
1438.04024
7397.61085
2364.47001
981.73901
49736.83407
13232.73567
6042.53447
2046.44188
20174.04529
5696.85172
1106.1848
1202.97597
1603.96796
276.5462
3235.59054
967.9117
2336.81539
26824.9814
2267.67884
414.8193
5088.45008
12209.51473
2544.22504
6581.79956
8130.45828
1548.65872
2903.7351
636.05626
4189.67493
2267.67884
1147.66673
2972.87165
1368.90369
2032.61457
1880.51416
3802.51025
4825.73119
6803.03652
2834.59855
19316.75207
17657.47487
1285.93983
1908.16878
2972.87165
5143.75932
6512.66301
30420.082
72289.17668
3373.86364
4327.94803
193.58234
14463.36626
13412.4907
4272.63879
1092.35749
2267.67884
17173.51902
1921.99609
6125.49833
8282.55869
14338.92047
2419.77925
4162.02031
5655.36979
6194.63488
5199.06856
12223.34204
17685.12949
4604.49423
3194.10861
5157.58663
2060.26919
4480.04844
4438.56651
1659.2772
7397.61085
4839.5585
6664.76342
2060.26919
7770.94822
4701.2854
4881.04043
1230.63059
22994.81653
11352.22151
691.3655
6485.00839
4452.39382
1617.79527
4673.63078
1894.34147
2544.22504
4549.18499
3747.20101
5157.58663
3221.76323
3664.23715
11476.6673
16910.80013
3484.48212
1921.99609
1714.58644
3207.93592
2198.54229
7079.58272
3664.23715
3773.05019452892
663.71088
3014.35358
6125.49833
2447.43387
2530.39773
1368.90369
304.20082
21971.59559
19464.4526286608
5489.44207
2063.69534636036
5323.51435
5364.99628
11531.97654
1410.38562
608.40164
19308.7685624147
1216.80328
497.78316
8310.21331
857.29322
36877.8634049907
5880.30822401453
10647.0287
2212.3696
1839.03223
539.26509
594.57433
884.94784
3034.38617681029
1092.35749
649.88357
4894.86774
10301.34595
1050.87556
1023.22094
49156.08705
4936.34967
1410.38562
3000.52627
470.12854
525.43778
1175.32135
4715.11271
663.71088
160359.824543142
28442.77667
39380.17888
6443.52646
0
5779.81558
3277.07247
4120.53838
497.78316
3622.75522
1756.06837
2585.70697
2488.9158
3263.24516
857.29322
400.99199
4784.24926
193.58234
1120.01211
2737.80738
2364.47001
6208.46219
995.56632
1009.39363
6084.0164
6111.67102
3111.14475
1189.14866
843.46591
345.68275
4037.57452
2060.26919
5406.47821
4480.04844
1949.65071
18575.3100656706
2226.19691
8116.63097
359.51006
0
1797.5503
7180.88623340729
359.51006
1078.53018
29673.40726
276.5462
2267.67884
7605.0205
309358.40663
4203.50224
0
193.58234
7853.91208
746.67474
318.02813
4162.02031
2889.90779
1078.53018
10688.51063
2267.67884
6084.0164
2862.25317
1023.22094
760.50205
1562.48603
27.65462
1410.38562
126229.51299
2585.70697
1769.89568
1521.0041
1424.21293
2405.95194
55.30924
18362.66768
1037.04825
1949.65071
290.37351
2115.57843
3069.66282
414.8193
1562.48603
13592.24573
17823.40259
55.30924
2585.70697
55.30924
69.13655
3000.52627
1617.79527
124.44579
3553.61867
10259.86402
331.85544
2101.75112
165.92772
1244.4579
359.51006
400.99199
18722.17774
373.33737
3318.5544
27.65462
760.50205
1106.1848
110.61848
2046.44188
0
4383.25727
1534.83141
1659.2772
2115.57843
1050.87556
414.8193
15624.8603
539.26509
705.19281
1603.96796
1534.83141
96.79117
2170.88767
456.30123
96.79117
34416.17459
9928.00858
1120.01211
0
27.65462
41.48193
1313.59445
2488.9158
235.06427
566.91971
9775.90817
1341.24907
1064.70287
19565.64365
1120.01211
1023.22094
1092.35749
3595.1006
1686.93182
1479.52217
2143.23305
2502.74311
4272.63879
1686.93182
9485.53466
746.67474
1064.70287
1368.90369
136325.423597902
456.30123
1521.0041
871.12053
400.99199
732.84743
6332.90798
428.64661
318.02813
428.64661
55.30924
318.02813
18763.65967
1548.65872
580.74702
82.96386
566.91971
2405.95194
318.02813
760.50205
1410.38562
1258.28521
1147.66673
1617.79527
82.96386
940.25708
1493.34948
27242.3272793598
8088.97635
152.10041
0
0
7010.44617
2060.26919
1189.14866
636.05626
1244.4579
815.81129
3166.45399
483.95585
760.50205
1935.8234
1382.731
8019.8398
774.32936
3111.14475
1438.04024
235.06427
2046.44188
35715.94173
1889.84058273867
10329.00057
1631.62258
843.46591
387.16468
96.79117
470.12854
1092.35749
207.40965
884.94784
1659.2772
15901.4065
1023.22094
511.61047
152.10041
2267.67884
4300.29341
607613.48333
15776.96071
18445.63154
124.44579
442.47392
5129.93201
1341.24907
1341.24907
11089.50262
1977.30533
6747.72728
1963.47802
553.0924
107313.75291
2751.63469
16191.78001
4397.08458
4535.35768
6208.46219
4645.97616
9886.52665
48990.15933
12306.3059
16302.39849
15127.07714
3774.85563
48658.30389
150759.16093
78068.99226
63978.96337
18307.35844
23575.56355
74101.9274676091
28553.39515
0
5105.01439241398
51161.047
49606.6420908796
94316.08151
147662.393138185
76630.95202
319006.890170399
5987.22523
12864.8160495208
8296.386
222457.191269696
14389.4491712953
135867.14806
248.89158
20422.93687
3636.58253
3650.40984
10135.41823
483.95585
51105.73776
19081.6878
4839.5585
981.73901
82.96386
774.32936
16274.74387
4728.94002
5019.31353
5005.48622
5088.45008
691.3655
10757.64718
2101.75112
3138.79937
3567.44598
19634.7802
24239.27443
4798.07657
16883.14551
2060.26919
2834.59855
2820.77124
2018.78726
691.3655
8088.97635
59526.56955
3373.86364
267288.800247016
19150.82435
9388.74349
8324.04062
19136.99704
11905.31391
2862.25317
13550.7638
4051.40183
5240.55049
4953.08859019555
25248.66806
210202.76662
5641.54248
7286.99237
9686.81827678349
4715.11271
3843.99218
1092.35749
5600.06055
11435.18537
483340.113535335
1783.72299
6982.79155
580.74702
123975.66146
14967.4946070076
253164.21879
306031.075926307
60674.23628
25649.66005
133557.98729
11213.94841
34305.55611
2226.19691
15887.57919
5019.31353
1880.51416
430469.68688696
25691.14198
90452.3541411815
45768.3961
10356.65519
14145.33813
30834.9013
914.945868129142
967.9117
3484.48212
9112.19729
179506.13842
1252.13038423749
4452.39382
11628.76771
13430.4204468477
15182.38638
3346.20902
7729.46629
30779.59206
3581.27329
1341.24907
23589.39086
41.48193
677.53819
9775.90817
1009.39363
2087.92381
5517.09669
14919.66749
5146.43213219921
22334.7435642908
27115.35491
34872.47582
21847.1498
10218.38209
1202.97597
9554.67121
608.40164
9291.95232
1976.29885181698
3429.17288
1935.8234
235.06427
14684.60322
3581.27329
19565.64365
43141.2072
3774.85563
10384.30981
25400.76847
4701.2854
7300.81968
35342.60436
7508.22933
52889.46075
1880.51416
35301.12243
1313.59445
967.9117
4894.86774
2530.39773
64227.85495
13813.48269
26423.98941
7743.2936
16620.42662
3124.97206
4825.73119
1299.76714
15293.00486
2613.36159
16067.33422
1133.83942
9056.88805
16233.26194
9361.08887
2931.38972
2806.94393
912.60246
2129.40574
169315.41095
1742.24106
3484.48212
11048.02069
15085.59521
36221.24147351
3498.30943
24889.158
12900.88023
1686.93182
4687.45809
2322.98808
1465.69486
3747.20101
23630.87279
539.26509
13592.24573
19524.16172
27972.64813
22980.98922
11932.96853
11255.43034
3525.96405
4203.50224
8268.73138
2820.77124
7245.51044
926.42977
2627.1889
539.26509
8420.83179
8614.41413
107795.156130943
69.13655
1285.93983
4549.18499
16551.29007
9941.83589
13619.90035
1935.8234
898.77515
0
1507.17679
96.79117
0
898.77515
304.20082
566.91971
13592.24573
18556.25002
829.6386
1120.01211
304.20082
207.40965
1202.97597
331.85544
442.47392
13.82731
11946.79584
0
594.57433
0
124.44579
13.82731
110.61848
940.25708
345.68275
1106.1848
470.12854
6581.79956
3567.44598
677.53819
746.67474
110.61848
1451.86755
981.73901
0
1852.85954
27.65462
2516.57042
1977.30533
331.85544
13.82731
41.48193
27.65462
0
221.23696
4327.94803
276.5462
1244.4579
262.71889
7826.25746
456.30123
4023.74721
3069.66282
37458.18279
3843.99218
10716.16525
11780.86812
8351.69524
11366.04882
4645.97616
81373.71935
1230.63059
3608.92791
23381.98121
25414.59578
1120.01211
8503.79565
8655.89606
3415.34557
318359.98544
3885.47411
5019.31353
32286.76885
16426.84428
13163.59912
3111.14475
220213.73906
3512.13674
5254.3778
1949.65071
12679.64327
6567.97225
169674.92101
19579.47096
3595.1006
788.15667
5171.41394
3913.12873
1963.47802
2530.39773
8088.97635
2613.36159
14103.8562
7549.71126
35038.40354
7701.81167
16537.46276
3608.92791
63176.97939
118831.90214
2862.25317
6706.24535
9941.83589
3968.43797
2585.70697
3968.43797
14449.53895
1659.2772
115140.01037
1064.70287
940.25708
13191.25374
1189.14866
5779.81558
1037.04825
1783.72299
4701.2854
3235.59054
62001.65804
3401.51826
3802.51025
18680.69581
11449.01268
7466.7474
12458.40631
2737.80738
4908.69505
40071.54438
16565.11738
49847.45255
24073.34671
5627.71517
4037.57452
276.5462
25359.28654
12444.579
11227.77572
3982.26528
7881.5667
1368.90369
10716.16525
1894.34147
7253.36278732401
677.53819
6374.38991
2419.77925
7618.84781
4604.96145417352
5171.41394
17543.3218998292
7798.60284
2931.38972
705.19281
48008.42032
995.56632
33585.4000592689
1133.33191693566
3409.67248078507
7605.0205
10772.2710440774
5461.78745
276.5462
898.77515
14122.7087434873
9057.58065591835
11046.756911749
1396.55831
3617.77448712967
912.60246
1299.76714
1866.68685
2972.87165
9109.06989124398
245.123751914681
1645.44989
31816.64031
2447.43387
3174.56212162636
2696.32545
15583.37837
3373.86364
4535.35768
1424.21293
4618.32154
8448.48641
5572.40593
935.231846512693
3871.6468
8259.70778956025
2685.34002425249
18957.24201
1451.86755
967.9117
2087.92381
153331.04059
19717.74406
19773.0533
3512.13674
4272.63879
5848.95213
35569.816282676
8379.34986
6692.41804
788.15667
1285.93983
12288.0434661158
3996.09259
9264.2977
3213.3471818808
10315.17326
539.26509
206184.323903539
9195.16115
11324.56689
3705.71908
2599.53428
9167.50653
3954.61066
15223.86831
191300.83385
14090.02889
5959.57061
9015.40612
2143.23305
3830.16487
38840.91379
16924.62744
566.91971
1313.59445
2737.80738
5544.75131
60591.27242
5268.20511
8877.13302
12444.579
2862.25317
61835.73032
9139.85191
14739.91246
8642.06875
93610.8887
5752.16096
11919.14122
6332.90798
414.8193
5876.60675
34775.68465
5752.16096
1811.37761
8572.9322
55654.92275
290.37351
11476.6673
17533.02908
224353.851237794
6982.79155
31567.74873
14172.99275
39034.49613
17311.79212
4438.56651
99459.84083
45679.6857522058
26838.80871
539.26509
31636.88528
27944.99351
101893.44739
3788.68294
7881.5667
6747.72728
6803.03652
7660.32974
17740.43873
43390.09878
4777.93239581588
6277.59874
44344.18317
57466.30036
511.61047
11780.86812
387.16468
9997.14513
4466.22113
6001.05254
3124.97206
1368.90369
65361.69437
54299.84637
14145.33813
6236.11681
44067.63697
29548.96147
15334.48679
9139.85191
18348.84037
4314.12072
18514.76809
87201.3337241841
2530.39773
13426.31801
17574.51101
1078.53018
377582.35417
3913.12873
1562.48603
32162.32306
2889.90779
33061.09821
248.89158
2004.95995
3664.23715
4493.87575
7342.30161
4355.60265
62817.46933
3470.65481
42795.52445
1037.04825
51755.62133
1230.63059
1301.05724301838
11462.83999
120422.04279
14959.8593169816
2682.49814
28138.57585
3454.5976660051
27433.38304
1977.30533
2931.38972
46848.7057068581
32270.6153957625
1050.87556
69451.6596208989
9471.70735
3691.89177
7273.16506
2903.7351
10583.1368033386
9167.50653
5959.57061
40707.60064
6485.00839
3221.76323
22745.92495
10923.5749
49861.27986
14947.32211
2157.06036
64421.43729
4466.67153713679
7909.22132
24073.34671
6733.89997
3833.72397723994
72247.69475
1576.31334
4466.22113
5268.20511
8337.86793
14062.37427
13191.25374
61918.69418
46584.20739
55.30924
48506.20348
20685.65576
4549.18499
2945.21703
23810.62782
393.709515765949
898.77515
677.53819
691.3655
6858.34576
11279.7522134639
2989.64469795205
277.775864997968
124.44579
310.75646433517
6153.15295
1133.83942
2309.16077
3484.48212
290.37351
677.53819
2944.16475140187
850.116970391418
318.02813
470.12854
477.613282889069
531.201631431429
857.29322
300.435493948391
456.30123
497.78316
0
235.06427
0
152.10041
27.65462
8780.34185
69.13655
0
801.98398
452.975836993092
27.0144793169469
3373.86364
1078.53018
3512.13674
4452.39382
553.0924
1064.70287
0
3412.49190828414
1673.10451
82.96386
27.65462
35397.9136
3456.8275
26715.0030606831
152.10041
295.987421914468
940.25708
110.61848
691.3655
1147.12349993186
5254.3778
0
525.43778
2959.04434
2405.95194
1590.14065
691.103306299217
13329.52684
55.30924
18556.25002
8310.21331
2074.0965
1686.93182
19385.88862
18694.52312
5420.30552
1576.31334
3318.5544
10315.17326
4092.88376
1272.11252
4327.94803
1603.96796
6706.24535
7964.53056
2018.78726
8088.97635
188576.85378
2046.44188
2599.53428
7024.27348
7148.71927
2765.462
2405.95194
6056.36178
7259.33775
4466.22113
0
12375.44245
2350.6427
12776.43444
90679.49898
276.5462
3055.83551
4397.08458
6402.04453
2461.26118
4991.65891
3484.48212
3360.03633
1673.10451
3194.10861
746.67474
6332.90798
2696.32545
93597.06139
1686.93182
4175.84762
6747.72728
2074.0965
5544.75131
16012.02498
6733.89997
4466.22113
2986.69896
18293.53113
4521.53037
4203.50224
16537.46276
1050.87556
7853.91208
30917.86516
815.81129
1562.48603
7383.78354
3097.31744
1382.731
857.29322
1783.72299
20132.56336
5890.43406
11379.87613
8075.14904
47068.16324
3567.44598
1009.39363
14421.88433
239309.25417
2889.90779
1078.53018
32093.18651
36199.89758
8987.7515
1272.11252
2475.08849
1355.07638
1479.52217
7051.9281
29134.14217
1686.93182
3360.03633
4894.86774
2502.74311
21335.53933
30613.66434
3290.89978
15763.1334
359.51006
2419.77925
345.68275
7853.91208
138.2731
261.195253839564
981.73901
4701.2854
2627.1889
1189.14866
91108.14559
326462.7891
1133.83942
69.13655
3332.38171
6844.51845
33185.544
40237.4721
1294.47167888828
912.60246
1935.8234
7743.2936
2253.85153
6125.49833
4894.86774
5765.98827
470.12854
64628.84694
2475.08849
1172.88499287842
2157.06036
1313.59445
3608.92791
9070.71536
248.89158
774.32936
594.57433
306.201434516792
4458.93594255383
432476.77487
207.40965
2475.08849
43569.85381
2516.57042
414.8193
6775.3819
1230.63059
432.591755399218
1396.55831
1534.83141
1147.66673
1064.70287
2737.80738
406721.033784329
373.33737
5710.67903
2502.74311
267432.429004148
3152.62668
165.92772
2336.81539
100.24281127199
2004.95995
2696.32545
14276.0651447508
221.23696
40269.7358141801
81719.4021
2820.77124
2392.12463
5807.4702
2157.06036
0
304.20082
55.30924
57065.30837
3180.2813
2737.80738
2917.56241
2876.08048
68473.0654658663
788.15667
4217.32955
0
0
14020.89234
4375.43121046123
24128.65595
27765.23848
2046.44188
18708.35043
8901.18210469263
215.855674741632
13.82731
1202.97597
96.79117
1756.06837
359371.560554134
11725.55888
2087.92381
124.44579
14905.84018
746.67474
40928.8376
138853.84702
3954.61066
857.29322
11366.04882
15690.2057018994
5434.13283
9990.68851328371
497.78316
13896.44655
6648.87081760796
138.2731
815.81129
2522.98023198621
3525.96405
205.613959191545
66702.94344
0
4079.05645
22992.800228103
2043.83843599678
2723.98007
76561.81547
2779.28931
82.96386
124.44579
9029.23343
18252.0492
37.5367846007817
1161.49404
207.40965
152.10041
18818.96891
2350.6427
2723.98007
1742.24106
1811.37761
4687.45809
2530.39773
7010.44617
1064.70287
912.60246
3018.04372499591
4065.22914
0
63665.6276191263
235.06427
2392.12463
51271.66548
23.9644750040856
2751.63469
6429.69915
525.572499833157
719.02012
3235.59054
10163.07285
6872.17307
373.33737
13227.9099540046
5268.20511
359.51006
1686.93182
2544.22504
81304.5828
6360.5626
857.29322
304.20082
14394.22971
1652.98800726019
1617.79527
3892.27755530346
135819.256318014
2502.74311
414.8193
7273.16506
6650.93611
5019.31353
27017.6399636329
1521.0041
5185.24125
503611.713971306
39671.4192253802
1521.0041
2087.92381
6761.55459
649.88357
511.61047
1161.49404
2869.34432192018
580.74702
18805.1416
3678.06446
0
4438.56651
6941.30962
1258.28521
1368.90369
1341.24907
1935.8234
193.58234
566.91971
2516.57042
0
6249.94412
663.71088
29369.20644
1037.04825
11739.38619
12845.57099
0
0
981.73901
331.85544
193048.210730373
79226.5476214494
207.40965
373.33737
0
10010.97244
13111.1046559575
226394.54663
1908.16878
245067.985978694
9485.53466
290.37351
5613.88786
11075.67531
6291.42605
14062.37427
12790.26175
3802.51025
6720.07266
5005.48622
47164.95441
2737.80738
1230.63059
23257.53542
3525.96405
400.99199
73699.5623
7093.41003
2184.71498
4393.60519797296
76136.9600081006
1258.28521
3498.30943
3221.76323
3180.2813
3290.89978
21971.59559
46280.00657
8545.27758
1133.83942
150314.996583906
6471.18108
2779.28931
1189.14866
4576.83961
13536.93649
6872.17307
4037.57452
4853.38581
2004.95995
2295.33346
1935.8234
311890.494786094
3111.14475
5005.48622
6872.17307
16164.12539
21252.57547
11283.08496
140886.46159
11531.97654
61185.84675
1092.35749
54064.7821
4424.7392
3802.51025
2488.9158
19455.02517
428.64661
4203.50224
636.05626
2018.78726
1175.32135
2364.47001
6139.32564
4701.2854
3042.0082
4728.94002
1272.11252
14435.71164
1424.88514999385
0
13453.97263
290.37351
0
10923.5749
304.20082
6913.655
3138.79937
2530.39773
2491.82751734995
0
497.78316
5807.4702
1327.42176
497.78316
82.96386
331.85544
56968.5172
871.12053
96.79117
2945.21703
13.82731
6332.90798
0
511.61047
40.6342913336974
3954.61066
13.82731
1064.70287
1631.62258
7425.26547
1714.58644
1645.44989
152.10041
331.85544
857.29322
27.65462
2378.29732
5489.44207
39933.27128
6886.00038
138.2731
4397.08458
12569.02479
13.82731
843.46591
732.84743
304.20082
2723.98007
19980.46295
622.22895
705.19281
82.96386
0
2447.43387
96.79117
9361.08887
276.5462
3417.72730727544
442.47392
193.58234
677.53819
2682.49814
2405.95194
0
912.60246
165.92772
1410.38562
414.8193
86959.95259
6194.63488
55.30924
248.89158
21141.95699
3691.89177
18307.35844
1866.68685
1451.86755
4051.40183
4770.42195
4618.32154
14698.43053
15030.28597
165.92772
898.77515
4701.2854
12748.77982
14961.14942
1355.07638
6996.61886
3719.54639
32624.0513782186
0
0
0
0
0
138.2731
510.938250006154
0
2723.98007
9762.08086
0
0.847638666302632
0
1451.86755
0
2544.22504
0
0
28359.81281
0
152.10041
0
0
0
67483.291284506
35671.54808265
1092.35749
0
0
0
2862.25317
89559.48687
6720.07266
6166.98026
0
110286.62456
0
3484.48212
0
0
7826.25746
6070.18909
42007.36778
13619.90035
9499.36197
55724.0593
774.32936
14186.82006
6139.32564
677.53819
21058.99313
871.12053
30641.31896
10799.12911
8462.31372
3069.66282
209974.066826273
54378.1808782992
9236.64308
4825.73119
8683.55068
2834.59855
5793.64289
7273.16506
3954.61066
1534.83141
224055.996115428
1258.28521
31761.33107
1562.48603
162360.27402
163383.49496
11006.53876
30337.11814
580.74702
17615.99294
27364.24649
7770.94822
38799.43186
1825.20492
11642.59502
262.71889
1438.04024
7356.12892
18805.1416
497.78316
677.53819
221.23696
7632.67512
898.77515
1313.59445
5143.75932
926.42977
1355.07638
5503.26938
11518.14923
2599.53428
4217.32955
45754.56879
1756.06837
1120.01211
8254.90407
3733.3737
10135.41823
4217.32955
4023.74721
5613.88786
2889.90779
4286.4661
13606.07304
705.19281
857.29322
3014.35358
9347.26156
456.30123
926.42977
677.53819
2530.39773
3360.03633
13191.25374
4065.22914
608.40164
1106.1848
3899.30142
2613.36159
1092.35749
636.05626
3055.83551
4120.53838
636.05626
2378.29732
0
10564.06484
2502.74311
1161.49404
1258.28521
5641.54248
594.57433
27129.18222
705.19281
428.64661
3042.0082
7522.05664
1880.51416
4964.00429
2184.71498
60936.95517
7853.91208
2115.57843
13.82731
3277.07247
11449.01268
110.61848
10135.41823
414.8193
4383.25727
3401.51826
1783.72299
1631.62258
318.02813
1092.35749
8503.79565
2060.26919
19054.03318
1106.1848
18736.00505
1202.97597
1438.04024
1645.44989
22165.17793
15652.51492
3996.09259
165.92772
483.95585
163660.04116
3263.24516
1797.5503
2641.01621
21473.81243
7687.98436
525.43778
1852.85954
2806.94393
11850.00467
1368.90369
29673.40726
1797.5503
24405.20215
608.40164
6830.69114
9762.08086
553.0924
3069.66282
21252.57547
801.98398
3415.34557
1465.69486
636.05626
9333.43425
815.81129
10494.92829
26520.78058
5890.43406
732.84743
20796.27424
6236.11681
7591.19319
2793.11662
15279.17755
4770.42195
2931.38972
1507.17679
8047.49442
2765.462
1285.93983
1645.44989
19786.88061
5364.99628
15030.28597
912.60246
4369.42996
1714.58644
6623.28149
3152.62668
13675.20959
7204.02851
5987.22523
2129.40574
2295.33346
