7038.10079
31761.33107
5738.33365
6761.55459
3373.86364
3180.2813
3733.3737
28802.28673
0
3498.30943
4231.15686
1880.51416
3111.14475
0
0
10508.7556
788.15667
2336.81539
414.8193
6844.51845
2834.59855
663.71088
9471.70735
8158.1129
1120.01211
5116.1047
7853.91208
6485.00839
69.13655
1493.34948
2765.462
1521.0041
2364.47001
2502.74311
23216.05349
926.42977
11684.07695
2087.92381
1576.31334
0
1521.0041
3733.3737
1562.48603
1327.42176
39601.41584
3443.00019
967.9117
6014.87985
21791.84056
3664.23715
19247.61552
0
2350.6427
3733.3737
6955.13693
0
2046.44188
13288.04491
18321.18575
2516.57042
13163.59912
0
2032.61457
221.23696
2862.25317
1576.31334
0
7369.95623
21708.8767
17228.82826
8559.10489
6319.08067
2461.26118
4189.67493
309621.12552
59429.77838
18556.25002
224942.67908
73934.62657
8227.24945
31623.05797
14822.87632
6678.59073
2419.77925
691.3655
6388.21722
1244.4579
1825.20492
774.32936
1106.1848
2502.74311
82.96386
2322.98808
0
1382.731
1852.85954
0
21114.30237
0
9250.47039
3636.58253
1050.87556
1479.52217
4341.77534
3788.68294
0
2143.23305
0
2032.61457
6028.70716
3277.07247
41.48193
0
954.08439
1285.93983
2198.54229
18169.08534
0
1285.93983
1590.14065
2392.12463
2046.44188
774.32936
0
10052.45437
0
0
138.2731
9941.83589
1839.03223
0
124.44579
1341.24907
1603.96796
13.82731
4383.25727
69.13655
3954.61066
0
0
1064.70287
5143.75932
152.10041
6899.82769
6222.2895
0
1811.37761
0
400.99199
1078.53018
387.16468
7383.78354
0
0
55.30924
2599.53428
0
26285.71631
110.61848
1686.93182
39407.8335
663.71088
5627.71517
11352.22151
3774.85563
8531.45027
247439.71245
6001.05254
4894.86774
2696.32545
7881.5667
232036.08911
34015.1826
5060.79546
10038.62706
825919.05361
29673.40726
1299.76714
1548.65872
8199.59483
67338.9997
1756.06837
2004.95995
66619.97958
1410.38562
6886.00038
362206.38545
5572.40593
4079.05645
373102.30573
161392.36232
7549.71126
507572.89548
32494.1785
2074.0965
60328.55353
30102.05387
8019.8398
33171.71669
125026.53702
18818.96891
18583.90464
801.98398
5627.71517
14186.82006
21446.15781
105212.00179
4092.88376
13274.2176
345.68275
104935.45559
1852.85954
57175.92685
38522.88566
13993.23772
16841.66358
2378.29732
42505.15094
82.96386
857.29322
1189.14866
276.5462
2322.98808
387.16468
248.89158
3111.14475
608.40164
1216.80328
248.89158
2696.32545
0
27.65462
31775.15838
6084.0164
926.42977
16592.772
0
2267.67884
55.30924
1368.90369
2405.95194
843.46591
55.30924
193.58234
649.88357
345.68275
1921.99609
400.99199
1576.31334
539.26509
539.26509
318.02813
4120.53838
165.92772
235.06427
414.8193
138.2731
318.02813
2917.56241
5904.26137
511.61047
304.20082
1189.14866
566.91971
3622.75522
871.12053
1078.53018
1479.52217
815.81129
1258.28521
0
622.22895
732.84743
3069.66282
1742.24106
719.02012
1590.14065
1811.37761
121417.60911
28664.01363
3899.30142
3443.00019
16689.56317
2226.19691
5171.41394
5240.55049
14795.2217
27488.69228
19607.12558
0
36379.65261
1258.28521
2737.80738
2240.02422
19247.61552
317433.55567
926.42977
27.65462
19275.27014
15389.79603
34512.96576
5116.1047
2419.77925
926.42977
168886.76434
55627.26813
12029.7597
2654.84352
6139.32564
318.02813
1272.11252
815.81129
1175.32135
2046.44188
6346.73529
27336.59187
10743.81987
90914.56325
1548.65872
6415.87184
3512.13674
1161.49404
235.06427
56069.74205
36614.71688
42048.84971
2046.44188
691.3655
1921.99609
14214.47468
41316.00228
11213.94841
458237.0534
0
10246.03671
30005.2627
898.77515
266673.50066
48284.96652
233183.75584
91412.34641
21971.59559
93126.93285
3539.79136
18653.04119
11601.11309
20823.92886
11338.3942
76008.72307
21930.11366
1576.31334
2806.94393
525.43778
72551.89557
3346.20902
14684.60322
1534.83141
1258.28521
608.40164
815.81129
165.92772
41.48193
179.75503
69.13655
248.89158
4480.04844
1147.66673
179.75503
622.22895
331.85544
1285.93983
3608.92791
6872.17307
1368.90369
179.75503
719.02012
6540.31763
677.53819
677.53819
0
871.12053
44288.87393
470.12854
1341.24907
539.26509
235.06427
387.16468
69.13655
649.88357
0
4867.21312
5074.62277
179.75503
2502.74311
511.61047
497.78316
5627.71517
0
179.75503
2032.61457
0
1590.14065
3249.41785
9181.33384
55.30924
1852.85954
82.96386
4203.50224
110.61848
2309.16077
815.81129
193.58234
1355.07638
774.32936
55.30924
857.29322
0
82.96386
96.79117
14062.37427
4410.91189
2336.81539
1507.17679
566.91971
1493.34948
760.50205
331.85544
124.44579
580.74702
221.23696
96.79117
801.98398
32964.30704
732.84743
456.30123
566.91971
1175.32135
1839.03223
483.95585
788.15667
2295.33346
13.82731
746.67474
2986.69896
2737.80738
9416.39811
82.96386
829.6386
23727.66396
539.26509
0
1479.52217
1216.80328
732.84743
995.56632
96.79117
373.33737
5669.1971
27.65462
566.91971
276.5462
1050.87556
0
207.40965
511.61047
276.5462
179.75503
3636.58253
1023.22094
1023.22094
400.99199
1866.68685
1382.731
746.67474
193.58234
207.40965
801.98398
10080.10899
345.68275
594.57433
1230.63059
801.98398
110.61848
69.13655
705.19281
3747.20101
262.71889
69.13655
1548.65872
1050.87556
2004.95995
2198.54229
7605.0205
7770.94822
4051.40183
248.89158
622.22895
0
179.75503
553.0924
1396.55831
663.71088
7231.68313
69.13655
5378.82359
27.65462
3678.06446
2433.60656
179.75503
248.89158
1272.11252
0
373.33737
82.96386
926.42977
1714.58644
70173.59825
387.16468
22994.81653
1617.79527
262.71889
4908.69505
10204.55478
248.89158
400.99199
39532.27929
290.37351
483.95585
69.13655
17712.78411
1977.30533
5185.24125
248.89158
497.78316
1037.04825
5254.3778
3055.83551
3373.86364
1189.14866
3000.52627
1673.10451
3373.86364
3622.75522
31083.79288
7840.08477
0
594.57433
1189.14866
8006.01249
3346.20902
4742.76733
898.77515
608.40164
3097.31744
2723.98007
981.73901
1659.2772
21390.84857
1382.731
138.2731
2986.69896
1465.69486
82.96386
5212.89587
69.13655
4341.77534
608.40164
1534.83141
1438.04024
34844.8212
2668.67083
2336.81539
13.82731
414.8193
719.02012
12900.88023
3290.89978
345.68275
10992.71145
1728.41375
1023.22094
9803.56279
1576.31334
27.65462
138.2731
815.81129
2046.44188
0
940.25708
5821.29751
1341.24907
5005.48622
0
442.47392
235.06427
7563.53857
5710.67903
2986.69896
82.96386
1949.65071
0
1603.96796
2723.98007
96.79117
49930.41641
2392.12463
10605.54677
442.47392
15500.41451
13509.28187
1714.58644
5613.88786
2405.95194
4037.57452
1548.65872
27613.13807
8489.96834
2475.08849
0
19593.29827
0
2240.02422
884.94784
3871.6468
1161.49404
1327.42176
497.78316
774.32936
96.79117
1465.69486
7107.23734
21860.97711
82.96386
1811.37761
1645.44989
0
276.5462
580.74702
981.73901
27.65462
3277.07247
1147.66673
0
1631.62258
1175.32135
7273.16506
1451.86755
774.32936
5129.93201
20976.02927
1686.93182
2004.95995
2447.43387
3249.41785
0
110.61848
1534.83141
5364.99628
50801.53694
165.92772
41454.27538
3111.14475
3650.40984
5530.924
11283.08496
622.22895
1202.97597
2461.26118
0
1382.731
4632.14885
30544.52779
387.16468
5945.7433
2378.29732
5613.88786
6166.98026
1368.90369
4148.193
4438.56651
0
18362.66768
3014.35358
1728.41375
1438.04024
3456.8275
1728.41375
2820.77124
5973.39792
4079.05645
39283.38771
4659.80347
3761.02832
5005.48622
4092.88376
7356.12892
3802.51025
6803.03652
1368.90369
1686.93182
7923.04863
0
13357.18146
5199.06856
5226.72318
1230.63059
5835.12482
4618.32154
2170.88767
18722.17774
49349.66939
3000.52627
1023.22094
3539.79136
0
4618.32154
15251.52293
857.29322
3650.40984
1023.22094
0
1839.03223
1299.76714
525.43778
1714.58644
5517.09669
400.99199
387.16468
6028.70716
3042.0082
110.61848
1700.75913
30862.55592
0
6982.79155
2820.77124
898.77515
1880.51416
1783.72299
1714.58644
19925.15371
1258.28521
442.47392
0
1852.85954
12555.19748
4563.0123
788.15667
4618.32154
193.58234
4881.04043
2834.59855
1479.52217
2115.57843
801.98398
0
1327.42176
1078.53018
497.78316
1935.8234
24336.0656
3346.20902
2101.75112
1645.44989
5378.82359
1189.14866
1521.0041
3346.20902
1839.03223
1673.10451
8904.78764
3664.23715
1175.32135
1714.58644
3290.89978
1120.01211
6720.07266
4466.22113
3553.61867
0
400.99199
1272.11252
9457.88004
69.13655
11573.45847
1728.41375
1686.93182
3525.96405
926.42977
843.46591
995.56632
995.56632
1576.31334
1921.99609
857.29322
1949.65071
1355.07638
2945.21703
636.05626
1202.97597
594.57433
1659.2772
1700.75913
7674.15705
1880.51416
13052.98064
1603.96796
1880.51416
1811.37761
3014.35358
55641.09544
801.98398
0
4092.88376
539.26509
3360.03633
3899.30142
6512.66301
1299.76714
760.50205
1507.17679
0
2018.78726
37001.88156
3180.2813
3235.59054
1216.80328
1285.93983
4908.69505
829.6386
29576.61609
20146.39067
2198.54229
0
1797.5503
2364.47001
2309.16077
11449.01268
11794.69543
3857.81949
0
0
0
152.10041
1465.69486
2018.78726
0
9997.14513
1202.97597
1728.41375
22925.67998
414.8193
1742.24106
0
0
373.33737
954.08439
3608.92791
0
871.12053
138.2731
290.37351
27.65462
1908.16878
705.19281
511.61047
1465.69486
1230.63059
27.65462
511.61047
4576.83961
5212.89587
497.78316
2378.29732
331.85544
2004.95995
400.99199
0
3788.68294
857.29322
10218.38209
9596.15314
96.79117
9347.26156
400.99199
732.84743
2157.06036
1562.48603
359.51006
0
1023.22094
1272.11252
19994.29026
954.08439
276.5462
511.61047
1603.96796
719.02012
13232.73567
954.08439
1327.42176
566.91971
0
428.64661
6166.98026
290.37351
0
1050.87556
0
6982.79155
373.33737
1659.2772
1064.70287
13.82731
179.75503
0
69.13655
1106.1848
1880.51416
0
483.95585
663.71088
13.82731
608.40164
566.91971
1479.52217
1728.41375
8877.13302
1921.99609
428.64661
12555.19748
884.94784
1811.37761
4272.63879
940.25708
857.29322
110.61848
5461.78745
1230.63059
20588.86459
6775.3819
1949.65071
608.40164
1797.5503
622.22895
553.0924
677.53819
1742.24106
1659.2772
1977.30533
801.98398
318.02813
359.51006
1078.53018
497.78316
0
0
3166.45399
0
0
0
884.94784
0
0
0
55.30924
0
0
0
1327.42176
0
2240.02422
0
0
0
4881.04043
13.82731
207.40965
2433.60656
0
0
0
0
0
0
0
0
19095.51511
0
290.37351
0
0
1769.89568
345.68275
0
1659.2772
677.53819
0
0
3719.54639
0
0
829.6386
677.53819
11435.18537
1133.83942
0
0
0
0
207.40965
456.30123
0
22579.99723
0
0
0
400.99199
0
0
0
0
0
0
525.43778
1521.0041
0
193.58234
0
193.58234
553.0924
0
0
0
0
0
5669.1971
0
954.08439
1037.04825
0
0
0
0
0
0
0
0
0
96.79117
5835.12482
0
0
0
0
0
0
0
0
0
0
0
0
0
0
0
0
0
41.48193
4162.02031
0
0
0
0
0
0
0
0
8047.49442
5904.26137
4175.84762
0
5323.51435
6305.25336
2834.59855
2972.87165
2447.43387
35577.66863
1479.52217
2378.29732
2571.87966
3028.18089
2765.462
1949.65071
103870.75272
1783.72299
4148.193
8904.78764
2820.77124
2737.80738
13924.10117
2170.88767
2295.33346
0
6678.59073
35121.3674
0
3014.35358
10647.0287
16260.91656
2806.94393
4134.36569
1230.63059
0
16426.84428
0
5641.54248
35771.25097
912.60246
3996.09259
1728.41375
0
0
539.26509
0
5434.13283
14850.53094
6609.45418
580.74702
29189.45141
20174.04529
1023.22094
0
4908.69505
8835.65109
9430.22542
19717.74406
7563.53857
9969.49051
1908.16878
5738.33365
1825.20492
1451.86755
4079.05645
5586.23324
1590.14065
456.30123
4286.4661
179.75503
207.40965
3733.3737
5503.26938
829.6386
331.85544
1534.83141
1659.2772
1852.85954
4964.00429
400.99199
49142.25974
179.75503
3733.3737
1590.14065
4051.40183
2226.19691
7743.2936
3484.48212
4037.57452
1147.66673
6913.655
13.82731
1507.17679
470.12854
3055.83551
2087.92381
4659.80347
1825.20492
3525.96405
1438.04024
9278.12501
10840.61104
0
37430.52817
3567.44598
19012.55125
3498.30943
9236.64308
4563.0123
11587.28578
8918.61495
46362.97043
2419.77925
39822.6528
40278.95403
0
36905.09039
110.61848
705.19281
5406.47821
0
1590.14065
13.82731
0
2170.88767
0
1037.04825
4839.5585
3857.81949
17533.02908
2295.33346
2074.0965
1299.76714
1410.38562
1451.86755
1659.2772
843.46591
138.2731
3235.59054
3608.92791
4535.35768
5295.85973
566.91971
1949.65071
3207.93592
1507.17679
2336.81539
4438.56651
705.19281
51230.18355
5904.26137
13.82731
1493.34948
4051.40183
14366.57509
11352.22151
539.26509
10826.78373
41.48193
387.16468
428.64661
539.26509
3194.10861
9029.23343
649.88357
0
1631.62258
2074.0965
3152.62668
221.23696
1935.8234
179.75503
235.06427
483.95585
82.96386
4728.94002
152.10041
2917.56241
3207.93592
30558.3551
1534.83141
636.05626
110.61848
3083.49013
82.96386
1396.55831
442.47392
705.19281
318.02813
580.74702
566.91971
4604.49423
1839.03223
27.65462
3691.89177
3263.24516
4272.63879
6249.94412
0
3650.40984
373.33737
39864.13473
2032.61457
2018.78726
2682.49814
705.19281
8517.62296
1341.24907
2198.54229
11656.42233
732.84743
1728.41375
2765.462
1880.51416
318.02813
27.65462
2364.47001
4590.66692
51907.72174
1189.14866
2488.9158
1562.48603
1866.68685
4922.52236
4217.32955
442.47392
110936.50813
1313.59445
940.25708
1921.99609
2917.56241
843.46591
497.78316
6526.49032
705.19281
138.2731
649.88357
0
221.23696
3207.93592
1534.83141
4742.76733
4203.50224
304.20082
636.05626
580.74702
1756.06837
1216.80328
2917.56241
4148.193
691.3655
5848.95213
4563.0123
539.26509
18376.49499
3401.51826
55.30924
1202.97597
2668.67083
1216.80328
649.88357
24515.82063
940.25708
1299.76714
1438.04024
7397.61085
2364.47001
981.73901
5683.02441
13232.73567
6042.53447
2046.44188
10204.55478
5696.85172
1106.1848
1202.97597
1603.96796
276.5462
3235.59054
967.9117
2336.81539
26824.9814
2267.67884
414.8193
5088.45008
12209.51473
2544.22504
6581.79956
8130.45828
1548.65872
2903.7351
636.05626
4189.67493
2267.67884
1147.66673
2972.87165
1368.90369
2032.61457
1880.51416
3802.51025
4825.73119
6803.03652
2834.59855
19316.75207
17657.47487
1285.93983
1908.16878
2972.87165
5143.75932
6512.66301
30420.082
21874.80442
3373.86364
4327.94803
193.58234
815.81129
13412.4907
4272.63879
1092.35749
2267.67884
17173.51902
1921.99609
6125.49833
8282.55869
14338.92047
2419.77925
4162.02031
5655.36979
6194.63488
5199.06856
12223.34204
17685.12949
4604.49423
3194.10861
5157.58663
2060.26919
4480.04844
4438.56651
1659.2772
7397.61085
4839.5585
6664.76342
2060.26919
7770.94822
4701.2854
4881.04043
1230.63059
22994.81653
11352.22151
691.3655
6485.00839
4452.39382
1617.79527
4673.63078
1894.34147
2544.22504
4549.18499
3747.20101
5157.58663
3221.76323
3664.23715
11476.6673
16910.80013
3484.48212
1921.99609
1714.58644
3207.93592
2198.54229
7079.58272
0
26050.65204
663.71088
2765.462
6125.49833
1756.06837
0
1368.90369
304.20082
21971.59559
0
1783.72299
165.92772
5323.51435
5364.99628
5765.98827
1410.38562
608.40164
0
1216.80328
497.78316
8310.21331
857.29322
41813.78544
0
5586.23324
359.51006
1839.03223
539.26509
594.57433
677.53819
27.65462
1092.35749
649.88357
4894.86774
10301.34595
1050.87556
428.64661
7010.44617
0
594.57433
359.51006
470.12854
525.43778
622.22895
4715.11271
470.12854
48229.65728
11628.76771
9333.43425
6166.98026
0
5779.81558
649.88357
4120.53838
497.78316
3622.75522
179.75503
2585.70697
2488.9158
0
248.89158
400.99199
622.22895
193.58234
1120.01211
2737.80738
2364.47001
0
788.15667
1009.39363
6084.0164
3069.66282
235.06427
1189.14866
843.46591
345.68275
4037.57452
1078.53018
2765.462
4480.04844
69.13655
3733.3737
2226.19691
4148.193
0
0
0
3277.07247
359.51006
1078.53018
29673.40726
276.5462
2267.67884
7605.0205
2530.39773
4203.50224
0
0
7853.91208
746.67474
0
4162.02031
2889.90779
0
6125.49833
2267.67884
6084.0164
2862.25317
1023.22094
691.3655
1562.48603
27.65462
1410.38562
0
2585.70697
649.88357
608.40164
1424.21293
2405.95194
55.30924
1769.89568
1023.22094
13.82731
290.37351
843.46591
3014.35358
414.8193
1562.48603
11905.31391
7660.32974
55.30924
1396.55831
55.30924
0
608.40164
1617.79527
124.44579
2889.90779
3996.09259
276.5462
1216.80328
165.92772
1244.4579
69.13655
400.99199
18473.28616
290.37351
3318.5544
27.65462
760.50205
400.99199
110.61848
2046.44188
0
3152.62668
1534.83141
1327.42176
967.9117
981.73901
414.8193
41.48193
539.26509
705.19281
1534.83141
1493.34948
0
359.51006
456.30123
96.79117
1327.42176
9928.00858
1120.01211
0
27.65462
41.48193
1313.59445
2488.9158
235.06427
566.91971
9775.90817
1341.24907
1064.70287
19040.20587
1120.01211
1023.22094
1092.35749
3595.1006
1686.93182
1479.52217
2143.23305
2502.74311
4272.63879
926.42977
9485.53466
746.67474
1064.70287
1368.90369
21390.84857
456.30123
1521.0041
871.12053
400.99199
732.84743
6332.90798
428.64661
318.02813
428.64661
55.30924
318.02813
18763.65967
1548.65872
580.74702
82.96386
566.91971
2405.95194
318.02813
760.50205
1410.38562
1258.28521
1147.66673
1617.79527
82.96386
940.25708
1064.70287
1285.93983
8088.97635
152.10041
0
0
7010.44617
2060.26919
1189.14866
636.05626
1244.4579
815.81129
3166.45399
483.95585
760.50205
1935.8234
1382.731
8019.8398
774.32936
3111.14475
1438.04024
235.06427
2046.44188
35715.94173
74874.88365
10329.00057
1631.62258
843.46591
387.16468
96.79117
470.12854
1092.35749
207.40965
884.94784
1659.2772
608.40164
1023.22094
511.61047
152.10041
2267.67884
4300.29341
72786.95984
14518.6755
18445.63154
124.44579
442.47392
5129.93201
1341.24907
1341.24907
11089.50262
1977.30533
6747.72728
1963.47802
553.0924
26050.65204
2751.63469
14352.74778
1659.2772
3595.1006
3913.12873
1797.5503
3498.30943
9789.73548
5102.27739
11006.53876
6471.18108
1147.66673
44510.11089
28774.63211
39642.89777
63978.96337
18238.22189
23575.56355
36559.40764
28484.2586
0
5918.08868
16523.63545
41412.79345
26271.889
58918.16791
67090.10812
7770.94822
5807.4702
5268.20511
6706.24535
14684.60322
10066.28168
80170.74338
193.58234
20422.93687
3636.58253
1050.87556
10135.41823
483.95585
51105.73776
19081.6878
4839.5585
981.73901
82.96386
774.32936
16274.74387
3387.69095
4991.65891
5005.48622
5088.45008
691.3655
4798.07657
2101.75112
2267.67884
3567.44598
19358.234
470.12854
1230.63059
11200.1211
2060.26919
2834.59855
2585.70697
2018.78726
691.3655
8088.97635
7923.04863
1949.65071
0
9845.04472
6567.97225
967.9117
6955.13693
5738.33365
2350.6427
2295.33346
2322.98808
5240.55049
2502.74311
8946.26957
1659.2772
1078.53018
3028.18089
359.51006
2392.12463
663.71088
608.40164
2876.08048
1991.13264
0
497.78316
1548.65872
580.74702
719.02012
304.20082
253164.21879
0
0
1742.24106
1438.04024
1009.39363
12333.96052
0
3443.00019
760.50205
428.64661
0
829.6386
0
23022.47115
2101.75112
10992.71145
30834.9013
27.65462
539.26509
179.75503
6968.96424
179354.03801
5364.99628
4452.39382
1285.93983
2972.87165
1009.39363
1341.24907
1368.90369
1949.65071
926.42977
235.06427
276.5462
41.48193
677.53819
0
719.02012
1728.41375
5517.09669
14919.66749
2682.49814
0
1368.90369
82.96386
1438.04024
179.75503
1202.97597
9554.67121
82.96386
4037.57452
110.61848
1438.04024
1935.8234
235.06427
138.2731
3581.27329
19565.64365
4134.36569
3774.85563
10384.30981
0
0
7300.81968
400.99199
3747.20101
414.8193
152.10041
2544.22504
1313.59445
55.30924
55.30924
2530.39773
1341.24907
82.96386
41.48193
82.96386
400.99199
3124.97206
4825.73119
1299.76714
4770.42195
884.94784
1742.24106
1133.83942
138.2731
5406.47821
96.79117
843.46591
428.64661
636.05626
2129.40574
1521.0041
124.44579
165.92772
5945.7433
511.61047
6581.79956
3498.30943
24889.158
483.95585
1686.93182
4687.45809
2322.98808
1465.69486
27.65462
5185.24125
539.26509
1645.44989
4728.94002
22441.72413
5779.81558
594.57433
442.47392
3525.96405
4203.50224
138.2731
414.8193
2917.56241
55.30924
801.98398
539.26509
69.13655
69.13655
9236.64308
69.13655
1285.93983
649.88357
9928.00858
82.96386
1106.1848
304.20082
110.61848
0
622.22895
96.79117
0
898.77515
304.20082
566.91971
1023.22094
3802.51025
0
1120.01211
304.20082
207.40965
1202.97597
331.85544
442.47392
13.82731
1963.47802
0
594.57433
0
124.44579
13.82731
110.61848
940.25708
345.68275
788.15667
13.82731
1161.49404
0
414.8193
746.67474
110.61848
1202.97597
981.73901
0
1852.85954
27.65462
2516.57042
1977.30533
331.85544
13.82731
41.48193
27.65462
0
221.23696
4327.94803
276.5462
760.50205
221.23696
7826.25746
456.30123
871.12053
3069.66282
470.12854
3843.99218
746.67474
9789.73548
8351.69524
8462.31372
3926.95604
81373.71935
1120.01211
3608.92791
23381.98121
17007.5913
553.0924
3138.79937
8655.89606
0
0
1963.47802
525.43778
940.25708
152.10041
13163.59912
857.29322
25815.58777
152.10041
5254.3778
1949.65071
12679.64327
2060.26919
10494.92829
290.37351
3595.1006
304.20082
414.8193
2889.90779
1963.47802
2530.39773
235.06427
1023.22094
3622.75522
7549.71126
0
5544.75131
5683.02441
3608.92791
0
387.16468
2862.25317
69.13655
4051.40183
3968.43797
2585.70697
2212.3696
12292.47859
1313.59445
115140.01037
1064.70287
940.25708
12209.51473
0
193.58234
663.71088
262.71889
4701.2854
3235.59054
11089.50262
3401.51826
1866.68685
8199.59483
11449.01268
857.29322
4839.5585
843.46591
1631.62258
35328.77705
11697.90426
732.84743
22358.76027
1272.11252
470.12854
276.5462
23160.74425
12444.579
11227.77572
3982.26528
470.12854
829.6386
0
1894.34147
110.61848
677.53819
6374.38991
2419.77925
1507.17679
2710.15276
5171.41394
1382.731
27.65462
857.29322
705.19281
19219.9609
55.30924
3124.97206
387.16468
400.99199
1714.58644
4314.12072
705.19281
276.5462
898.77515
6595.62687
1078.53018
2889.90779
1396.55831
1521.0041
912.60246
1299.76714
0
539.26509
221.23696
815.81129
871.12053
11545.80385
2447.43387
1451.86755
0
221.23696
719.02012
1839.03223
1424.21293
4369.42996
0
304.20082
8462.31372
636.05626
82.96386
2115.57843
705.19281
152.10041
0
497.78316
30586.00972
0
732.84743
3512.13674
622.22895
2364.47001
69.13655
1562.48603
1147.66673
27.65462
967.9117
0
2986.69896
0
1493.34948
10315.17326
483.95585
0
0
0
1617.79527
2599.53428
9167.50653
663.71088
235.06427
6498.8357
304.20082
1797.5503
622.22895
2060.26919
3456.8275
31111.4475
82.96386
483.95585
815.81129
2737.80738
663.71088
829.6386
884.94784
539.26509
12444.579
2433.60656
20021.94488
1161.49404
1742.24106
2018.78726
19081.6878
1590.14065
10702.33794
2502.74311
414.8193
2682.49814
14007.06503
5752.16096
732.84743
3429.17288
1106.1848
138.2731
1963.47802
3719.54639
1202.97597
940.25708
12057.41432
1424.21293
16689.56317
2488.9158
4438.56651
21999.25021
1894.34147
3913.12873
0
3982.26528
25483.73233
9955.6632
483.95585
1603.96796
1120.01211
3277.07247
7148.71927
7176.37389
2737.80738
27.65462
719.02012
5212.89587
2143.23305
511.61047
8434.6591
387.16468
0
1631.62258
373.33737
843.46591
566.91971
2433.60656
18459.45885
387.16468
4037.57452
33088.75283
5918.08868
6650.93611
3194.10861
2779.28931
179.75503
8628.24144
23713.83665
55.30924
3318.5544
193.58234
1078.53018
0
3913.12873
1327.42176
6319.08067
2143.23305
4535.35768
248.89158
414.8193
2018.78726
594.57433
6899.82769
4092.88376
96.79117
3470.65481
815.81129
1037.04825
6166.98026
0
2295.33346
13.82731
5586.23324
13965.5831
27.65462
19911.3264
1576.31334
55.30924
1977.30533
2931.38972
17602.16563
304.20082
1050.87556
5904.26137
165.92772
0
3761.02832
2903.7351
3525.96405
9167.50653
5959.57061
1645.44989
13.82731
235.06427
19524.16172
3512.13674
179.75503
96.79117
2157.06036
7314.64699
1368.90369
1728.41375
0
13.82731
3235.59054
3595.1006
0
4466.22113
4023.74721
69.13655
290.37351
1977.30533
41.48193
705.19281
55.30924
207.40965
20685.65576
0
2945.21703
1064.70287
0
857.29322
318.02813
0
6858.34576
1189.14866
0
5005.48622
124.44579
0
13.82731
1133.83942
2267.67884
3484.48212
0
677.53819
0
110.61848
318.02813
41.48193
27.65462
13.82731
815.81129
0
138.2731
497.78316
0
235.06427
0
0
27.65462
3083.49013
69.13655
0
400.99199
0
2475.08849
3373.86364
1078.53018
3000.52627
3636.58253
0
1064.70287
0
2793.11662
1673.10451
27.65462
27.65462
28774.63211
3456.8275
16468.32621
152.10041
0
940.25708
110.61848
13.82731
331.85544
0
0
207.40965
1272.11252
2392.12463
1341.24907
345.68275
55.30924
0
304.20082
276.5462
193.58234
677.53819
27.65462
3636.58253
940.25708
0
3318.5544
10315.17326
0
1272.11252
345.68275
0
0
27.65462
2018.78726
13.82731
0
0
96.79117
27.65462
7148.71927
2765.462
0
2862.25317
7259.33775
193.58234
0
0
0
2309.16077
14795.2217
0
3055.83551
3332.38171
2364.47001
2461.26118
594.57433
3484.48212
0
221.23696
1866.68685
0
6332.90798
1839.03223
0
1686.93182
4175.84762
4065.22914
2074.0965
2806.94393
788.15667
2502.74311
4466.22113
2779.28931
18293.53113
1272.11252
235.06427
1410.38562
1050.87556
1078.53018
4950.17698
0
0
7383.78354
0
0
0
1396.55831
13.82731
1327.42176
1451.86755
0
0
0
0
235.06427
239309.25417
0
705.19281
318.02813
0
8987.7515
0
2475.08849
1023.22094
0
0
4715.11271
387.16468
3360.03633
0
165.92772
2654.84352
8075.14904
3290.89978
15763.1334
179.75503
0
345.68275
7853.91208
138.2731
10425.79174
981.73901
4701.2854
871.12053
1189.14866
1783.72299
311114.475
843.46591
69.13655
2793.11662
110.61848
26548.4352
40237.4721
483.95585
110.61848
1935.8234
96.79117
2253.85153
1258.28521
1147.66673
331.85544
179.75503
3373.86364
2157.06036
28345.9855
1424.21293
1313.59445
2502.74311
7535.88395
0
96.79117
594.57433
27.65462
0
5212.89587
193.58234
2475.08849
10107.76361
0
400.99199
4950.17698
1230.63059
235.06427
1396.55831
1534.83141
235.06427
1064.70287
2737.80738
649.88357
373.33737
5710.67903
1811.37761
12168.0328
3152.62668
165.92772
2336.81539
705.19281
2004.95995
0
1023.22094
221.23696
6692.41804
9817.3901
2820.77124
511.61047
3913.12873
2157.06036
0
304.20082
13.82731
46874.5809
27.65462
2737.80738
2917.56241
2876.08048
304.20082
27.65462
3277.07247
0
0
13481.62725
1272.11252
13052.98064
2184.71498
2046.44188
6097.84371
4894.86774
110.61848
13.82731
1202.97597
82.96386
1756.06837
262718.89
2972.87165
2087.92381
124.44579
10895.92028
746.67474
5254.3778
10674.68332
1078.53018
857.29322
6097.84371
1507.17679
3691.89177
6761.55459
497.78316
1064.70287
7757.12091
138.2731
41.48193
1147.66673
3525.96405
2226.19691
13606.07304
0
387.16468
3650.40984
0
2723.98007
1202.97597
2267.67884
82.96386
124.44579
3415.34557
0
235.06427
1161.49404
207.40965
124.44579
13.82731
2350.6427
27.65462
1742.24106
1811.37761
4687.45809
2530.39773
6830.69114
221.23696
912.60246
27.65462
318.02813
0
21570.6036
110.61848
1700.75913
10066.28168
414.8193
2751.63469
373.33737
82.96386
719.02012
3235.59054
0
6692.41804
0
1202.97597
3705.71908
0
1686.93182
373.33737
81304.5828
6360.5626
400.99199
304.20082
6236.11681
0
1617.79527
2488.9158
27.65462
2502.74311
414.8193
7162.54658
0
4604.49423
3774.85563
1521.0041
5185.24125
2461.26118
27.65462
1521.0041
691.3655
6761.55459
649.88357
345.68275
843.46591
1659.2772
580.74702
18805.1416
3539.79136
0
0
5835.12482
290.37351
193.58234
359.51006
1659.2772
193.58234
566.91971
165.92772
0
1202.97597
663.71088
11670.24964
622.22895
0
0
0
0
981.73901
331.85544
7923.04863
0
207.40965
373.33737
0
27.65462
1686.93182
10688.51063
1023.22094
3691.89177
3816.33756
290.37351
5530.924
11075.67531
2751.63469
677.53819
4991.65891
3802.51025
6720.07266
954.08439
46874.5809
2737.80738
1230.63059
1410.38562
3525.96405
0
16731.0451
7093.41003
2184.71498
1064.70287
5558.57862
1258.28521
13.82731
0
3180.2813
3290.89978
21971.59559
45782.22341
4217.32955
1023.22094
25055.08572
3373.86364
1272.11252
1189.14866
4576.83961
13536.93649
6872.17307
4037.57452
4853.38581
2004.95995
2295.33346
1935.8234
95311.64783
1230.63059
5005.48622
6872.17307
16094.98884
20104.90874
9845.04472
110646.13462
11379.87613
41191.55649
1092.35749
33323.8171
2336.81539
1189.14866
995.56632
566.91971
304.20082
636.05626
0
1686.93182
1175.32135
2004.95995
2309.16077
857.29322
594.57433
4645.97616
1272.11252
55.30924
0
0
0
290.37351
0
8116.63097
304.20082
110.61848
55.30924
1341.24907
13.82731
0
0
719.02012
1327.42176
27.65462
82.96386
152.10041
0
138.2731
96.79117
221.23696
13.82731
0
0
511.61047
41.48193
2060.26919
13.82731
221.23696
400.99199
1908.16878
1714.58644
0
152.10041
248.89158
0
27.65462
55.30924
746.67474
0
41.48193
138.2731
2668.67083
1839.03223
13.82731
843.46591
732.84743
304.20082
622.22895
1355.07638
221.23696
0
82.96386
0
248.89158
96.79117
96.79117
207.40965
373.33737
442.47392
193.58234
0
27.65462
2405.95194
0
0
165.92772
0
414.8193
221.23696
0
55.30924
248.89158
2101.75112
1659.2772
7425.26547
1147.66673
13.82731
1963.47802
4203.50224
663.71088
414.8193
0
165.92772
898.77515
0
96.79117
4355.60265
1355.07638
262.71889
456.30123
536.851478375749
0
0
0
0
0
138.2731
0
0
0
0
0
0
0
1451.86755
0
0
0
0
0
0
0
0
0
0
2.4136116242515
0
0
0
0
0
0
0
6720.07266
1451.86755
0
6899.82769
0
3484.48212
0
0
7826.25746
6070.18909
30738.11013
9651.46238
8628.24144
55724.0593
774.32936
1313.59445
6139.32564
649.88357
4742.76733
871.12053
29894.64422
5793.64289
4977.8316
1756.06837
85286.84808
18597.73195
7549.71126
4825.73119
5019.31353
2834.59855
5793.64289
6692.41804
981.73901
1189.14866
66965.66233
359.51006
1009.39363
884.94784
10494.92829
163383.49496
11006.53876
30337.11814
110.61848
10550.23753
9236.64308
7770.94822
24501.99332
0
7729.46629
13.82731
0
2101.75112
0
0
0
0
1133.83942
0
0
2157.06036
221.23696
884.94784
96.79117
13.82731
1244.4579
967.9117
13.82731
0
0
456.30123
3691.89177
96.79117
4065.22914
4023.74721
165.92772
331.85544
13.82731
0
636.05626
138.2731
0
193.58234
400.99199
926.42977
262.71889
1106.1848
0
1742.24106
428.64661
0
0
0
0
124.44579
69.13655
0
0
0
2281.50615
0
8918.61495
594.57433
1161.49404
373.33737
5641.54248
594.57433
1949.65071
705.19281
428.64661
3042.0082
7522.05664
1880.51416
4964.00429
2184.71498
60936.95517
7853.91208
2115.57843
13.82731
3277.07247
11449.01268
110.61848
10135.41823
414.8193
4383.25727
3401.51826
1783.72299
1631.62258
318.02813
1092.35749
8503.79565
2060.26919
359.51006
1106.1848
18736.00505
1202.97597
1438.04024
1645.44989
1451.86755
15652.51492
1023.22094
165.92772
483.95585
152.10041
3263.24516
1797.5503
2641.01621
9775.90817
6001.05254
525.43778
1852.85954
2806.94393
11850.00467
1368.90369
3761.02832
1797.5503
24405.20215
608.40164
6830.69114
9762.08086
553.0924
3069.66282
4120.53838
801.98398
3415.34557
1465.69486
636.05626
9333.43425
815.81129
10494.92829
26520.78058
5890.43406
732.84743
3926.95604
6236.11681
3885.47411
2143.23305
15279.17755
2917.56241
2806.94393
1507.17679
2696.32545
2765.462
331.85544
138.2731
5696.85172
4327.94803
10038.62706
912.60246
262.71889
1714.58644
0
1313.59445
414.8193
7051.9281
539.26509
2129.40574
2295.33346
