0
0
0
0
72137.07627
0
0
3415.34557
5959.57061
1327.42176
2530.39773
0
1244.4579
2295.33346
774.32936
0
11366.04882
0
0
0
0
42270.08667
0
0
8711.2053
13343.35415
0
21681.22208
2737.80738
4825.73119
0
0
0
0
0
14795.2217
93209.89671
0
15085.59521
10633.20139
20561.20997
11227.77572
0
4314.12072
54991.21187
0
6678.59073
30821.07399
97136.85275
0
26921.77257
46155.56078
0
0
0
2101.75112
10121.59092
428.64661
3636.58253
0
11103.32993
14352.74778
39324.86964
49211.39629
0
2516.57042
1341.24907
0
41.48193
12776.43444
13.82731
0
0
594.57433
804500.55042
0
0
7466.7474
12223.34204
0
0
31222.06598
0
0
4521.53037
84885.85609
359.51006
0
0
10757.64718
0
2876.08048
0
12831.74368
0
2129.40574
18099.94879
0
44897.27557
0
0
0
0
0
4424.7392
4189.67493
0
21736.53132
0
0
608.40164
7079.58272
3456.8275
6844.51845
0
0
0
6637.1088
0
0
0
0
3774.85563
3857.81949
0
0
1285.93983
0
0
0
788.15667
954.08439
0
3581.27329
1258.28521
0
954.08439
0
2309.16077
15445.10527
0
64642.67425
1424.21293
0
37195.4639
1120.01211
0
4092.88376
4244.98417
2392.12463
2392.12463
0
2779.28931
276.5462
12569.02479
0
4244.98417
266963.87417
152.10041
8807.99647
19828.36254
12679.64327
82.96386
235022.78807
221.23696
51783.27595
109221.92169
110.61848
17533.02908
41855.26737
13.82731
80461.11689
5973.39792
6097.84371
0
1070537.99482
788.15667
42975.27948
608.40164
5406.47821
2392.12463
27.65462
2115.57843
262.71889
24225.44712
15445.10527
316147.61584
85715.49469
1161.49404
289059.91555
269521.92652
2004.95995
129644.85856
623860.57258
111697.01018
98422.79258
17726.61142
107244.61636
65610.58595
211433.39721
15154.73176
48990.15933
179.75503
3830.16487
73340.05224
45837.53265
38094.23905
20920.72003
152.10041
1880.51416
4521.53037
21224.92085
159442.71161
16177.9527
566.91971
92642.2495812107
0
190554.15911
2682.49814
0
0
116040.139768372
2267.67884
0
1603.96796
0
0
0
0
3484.48212
196112.73773
318.02813
14988.80404
8711.2053
0
92006.92074
12237.16935
17367.10136
677.53819
1742.24106
1106.1848
0
3567.44598
69.13655
20977.0288090642
0
0
1659.2772
9112.19729
34803.33927
3843.99218
0
0
14573.98474
0
2475.08849
6319.08067
12887.05292
2322.98808
0
3678.06446
165.92772
0
7853.91208
0
58973.47715
1548.65872
0
3788.68294
0
276.5462
456.30123
0
7051.9281
2378.29732
0
38521.2592913531
0
181386.65258
29880.81691
76658.60664
6070.18909
87208.84417
21169.61161
1009.39363
373.33737
0
46044.9423
0
0
0
0
65195.76665
0
19828.36254
0
0
6650.93611
0
0
7535.88395
0
30046.74463
0
0
0
0
0
0
0
0
1797.5503
0
0
0
0
0
120975.13519
0
0
0
0
0
0
4079.05645
0
0
0
0
31470.95756
0
0
0
0
0
0
2087.92381
0
0
38633.50414
0
0
55.30924
0
0
0
0
1673.10451
0
0
0
0
0
0
0
0
0
0
0
0
0
9070.71536
3318.5544
6277.59874
75649.21301
0
0
32438.86926
0
0
0
0
0
69.13655
3373.86364
0
0
0
15666.34223
7826.25746
0
0
0
3470.65481
24349.89291
17450.06522
0
9969.49051
0
59830.77037
0
0
22206.65986
0
10163.07285
0
0
2889.90779
1728.41375
0
0
0
0
0
27557.82883
0
0
44938.7575
2101.75112
0
0
2461.26118
13467.79994
17297.96481
26520.78058
2447.43387
277514.1117
4217.32955
0
0
10135.41823
0
1133.83942
0
5821.29751
130308.56944
1548.65872
3498.30943
8102.80366
1410.38562
1935.8234
51022.7739
0
0
10273.69133
636.05626
0
0
0
0
8614.41413
2115.57843
0
2461.26118
0
0
636.05626
0
0
1355.07638
3042.0082
0
0
0
0
165.92772
0
0
2074.0965
0
1811.37761
2613.36159
51575.8663
17754.26604
0
138.2731
0
0
3042.0082
0
7383.78354
5752.16096
0
5074.62277
0
1894.34147
0
50663.26384
15998.19767
0
0
0
7093.41003
4258.81148
0
0
1880.51416
0
0
0
0
0
0
0
0
1645.44989
0
14560.15743
0
0
1244.4579
5530.924
1521.0041
3843.99218
0
442.47392
0
0
0
0
801.98398
28594.87708
0
1341.24907
0
0
16053.50691
0
82.96386
0
414.8193
0
0
456.30123
3443.00019
0
649.88357
41.48193
0
0
0
0
0
1023.22094
0
387.16468
262.71889
0
0
0
0
0
0
69.13655
0
1825.20492
0
27.65462
0
0
9637.63507
0
0
815.81129
0
400.99199
0
0
871.12053
995.56632
10978.88414
1050.87556
1700.75913
0
0
0
0
0
0
0
539.26509
0
0
9264.2977
5406.47821
1154165.5657
0
0
0
0
0
0
276.5462
0
3207.93592
1534.83141
0
19911.3264
2820.77124
0
124.44579
0
0
1078.53018
0
0
0
0
8821.82378
0
0
0
0
1092.35749
33406.78096
17574.51101
0
0
69178.03193
0
0
0
5226.72318
0
2668.67083
0
7618.84781
29341.55182
5807.4702
62292.03155
1479.52217
0
0
0
0
0
0
2848.42586
235.06427
0
0
11310.73958
1050.87556
0
871.12053
0
0
0
3429.17288
1977.30533
21750.35863
16661.90855
0
31692.19452
0
0
1202.97597
0
0
0
0
10771.47449
0
0
815.81129
1617.79527
0
0
1078.53018
2004.95995
0
7618.84781
0
45201.47639
0
0
0
0
0
0
2834.59855
331.85544
0
0
0
0
0
3083.49013
0
10398.13712
8006.01249
0
0
0
0
0
0
124.44579
0
0
18279.70382
0
0
0
0
6111.67102
0
0
0
0
0
1603.96796
0
0
0
0
100330.96136
8144.28559
4645.97616
0
121237.85408
0
0
0
22441.72413
0
0
0
0
0
732.84743
0
0
0
96.79117
13716.69152
1147.66673
0
0
0
2558.05235
0
0
3595.1006
0
0
0
0
0
0
0
0
0
38605.84952
0
0
0
0
0
3111.14475
4244.98417
0
0
0
0
1175.32135
0
8877.13302
0
0
0
0
0
0
0
0
0
0
0
0
0
0
0
0
0
0
0
0
27.65462
359.51006
414.8193
0
0
2820.77124
0
0
0
0
0
0
0
0
193.58234
0
0
0
0
0
0
0
0
0
0
0
0
96.79117
0
0
0
14352.74778
0
0
788.15667
0
0
0
0
0
0
0
0
0
0
0
0
0
1189.14866
0
0
0
49252.87822
0
0
207.40965
0
23354.32659
0
0
0
0
0
4964.00429
0
8310.21331
0
0
193.58234
0
0
0
0
0
0
2668.67083
746.67474
6056.36178
0
0
2903.7351
566.91971
14753.73977
0
400.99199
1092.35749
0
0
0
0
774.32936
0
3194.10861
1023.22094
0
511.61047
0
16482.15352
0
331.85544
0
1037.04825
0
0
2627.1889
55.30924
0
0
0
0
0
967.9117
0
0
0
0
0
1037.04825
207.40965
0
7051.9281
0
0
0
3954.61066
0
29908.47153
0
1603.96796
0
8807.99647
0
940.25708
0
0
5434.13283
1548.65872
6816.86383
608.40164
0
0
1811.37761
0
400.99199
2046.44188
27.65462
0
0
0
0
0
0
0
0
0
0
0
0
898.77515
4009.9199
0
50414.37226
0
31374.16639
0
0
0
0
0
0
1576.31334
0
0
442.47392
0
0
0
2157.06036
442.47392
100261.82481
2530.39773
1299.76714
2889.90779
0
11075.67531
0
5309.68704
0
2668.67083
16357.70773
8130.45828
0
1493.34948
0
0
1769.89568
0
0
40514.0183
0
0
5945.7433
1258.28521
17795.74797
7840.08477
5530.924
4701.2854
649.88357
1078.53018
0
2502.74311
0
1977.30533
66343.43338
262.71889
6471.18108
12416.92438
0
0
2378.29732
2696.32545
0
3498.30943
1382.731
4023.74721
0
9886.52665
3180.2813
3857.81949
5793.64289
13412.4907
0
0
13426.31801
2488.9158
165734.13766
7425.26547
3595.1006
0
843.46591
456.30123
843.46591
12582.8521
1742.24106
1023.22094
1396.55831
1880.51416
0
2779.28931
1866.68685
0
3705.71908
11006.53876
2613.36159
995.56632
14892.01287
884.94784
6609.45418
0
5351.16897
3443.00019
0
1548.65872
3913.12873
0
2599.53428
3996.09259
1548.65872
6139.32564
7259.33775
2046.44188
2558.05235
0
1534.83141
470.12854
1244.4579
5779.81558
8669.72337
2004.95995
12569.02479
0
3235.59054
7286.99237
4811.90388
3415.34557
4079.05645
2419.77925
0
6332.90798
0
2862.25317
0
3014.35358
24183.96519
2613.36159
3401.51826
2723.98007
7425.26547
387.16468
4507.70306
0
0
2723.98007
5392.6509
0
0
0
14159.16544
62997.22436
691.3655
0
0
0
0
2074.0965
2530.39773
0
0
0
0
0
2779.28931
0
649.88357
0
89808.37845
0
0
31374.16639
0
0
0
0
0
7978.35787
206220.50134
17975.503
8738.85992
0
0
276.5462
0
1797.5503
10812.95642
11753.2135
0
4314.12072
3498.30943
0
0
14228.30199
0
0
636.05626
5613.88786
0
0
0
0
0
0
0
0
0
10550.23753
2682.49814
30364.77276
719.02012
3802.51025
4701.2854
4189.67493
871.12053
221.23696
9250.47039
497.78316
1493.34948
1438.04024
0
359.51006
16855.49089
456.30123
0
304601.81199
0
0
5337.34166
0
0
0
16827.83627
2364.47001
8158.1129
0
0
534909.48735
74446.23704
0
0
0
0
21529.12167
0
0
0
3843.99218
19289.09745
27585.48345
0
108032.77303
5973.39792
62941.91512
13371.00877
40541.67292
0
13232.73567
51354.62934
0
327942.31127
0
0
0
2848.42586
0
83157.44234
760.50205
0
11780.86812
0
16523.63545
0
0
0
981.73901
0
2087.92381
0
0
0
2959.04434
0
0
0
0
0
0
9305.77963
1424.21293
0
0
3290.89978
0
0
2281.50615
0
0
0
0
0
373.33737
0
0
0
0
5696.85172
0
0
1479.52217
4645.97616
0
3415.34557
2696.32545
0
1396.55831
0
0
17270.31019
0
0
21224.92085
0
0
0
0
608.40164
0
0
0
151118.67099
0
0
26520.78058
55364.54924
0
400.99199
387.16468
0
0
2060.26919
20160.21798
769268.56454
0
0
120905.99864
0
0
0
0
0
0
0
0
0
0
0
4715.11271
0
304.20082
0
0
5129.93201
0
0
0
0
0
0
0
0
0
0
0
0
0
0
0
0
954.08439
0
1244.4579
0
0
0
0
0
0
0
2074.0965
0
0
0
0
0
0
0
0
0
1465.69486
1507.17679
0
0
9762.08086
0
58475.69399
0
0
0
0
0
0
44053.80966
0
0
0
9969.49051
0
0
0
0
0
0
0
0
0
0
0
0
0
0
0
0
0
0
0
0
0
0
0
0
0
0
0
0
0
0
0
0
0
0
0
0
0
0
50414.37226
0
0
0
13647.55497
0
0
0
0
0
0
0
0
0
0
0
0
0
0
0
0
0
0
0
0
0
0
0
0
0
0
0
0
0
0
0
0
0
0
0
0
0
0
0
0
0
0
0
0
0
0
0
0
0
0
0
0
0
3664.23715
0
0
248.89158
0
691.3655
2530.39773
0
0
0
0
3705.71908
331.85544
0
0
5765.98827
0
0
2779.28931
0
0
0
0
147371.46998
2433.60656
5060.79546
1852.85954
0
0
0
207.40965
193.58234
0
0
0
0
0
594.57433
42145.64088
4936.34967
815.81129
2641.01621
0
0
553.0924
0
193.58234
110.61848
16814.00896
30046.74463
276.5462
0
0
2627.1889
0
0
0
1576.31334
0
0
3263.24516
608.40164
0
4162.02031
0
0
0
0
6208.46219
207.40965
0
0
3042.0082
2876.08048
0
0
0
0
981.73901
2641.01621
0
1880.51416
0
0
3968.43797
359.51006
0
1797.5503
0
0
0
0
0
0
0
306828.0089
0
0
193.58234
0
0
318.02813
0
0
1078.53018
4563.0123
0
0
0
0
69.13655
0
0
0
126229.51299
0
1120.01211
912.60246
0
0
0
16592.772
13.82731
1935.8234
0
1272.11252
55.30924
0
0
1686.93182
10163.07285
0
1189.14866
0
69.13655
2392.12463
0
0
663.71088
6263.77143
55.30924
884.94784
0
0
290.37351
0
248.89158
82.96386
0
0
0
705.19281
0
0
0
1230.63059
0
331.85544
1147.66673
69.13655
0
15583.37837
0
0
69.13655
41.48193
96.79117
1811.37761
0
0
33088.75283
0
0
0
0
0
0
0
0
0
0
0
0
525.43778
0
0
0
0
0
0
0
0
0
760.50205
0
0
0
0
67905.91941
0
0
0
0
0
0
0
0
0
0
0
0
0
0
0
0
0
0
0
0
0
0
0
0
0
428.64661
0
0
0
0
0
0
0
0
0
0
0
0
0
0
0
0
0
0
0
0
0
0
0
0
0
0
0
0
0
0
0
0
0
0
15293.00486
0
0
0
0
0
534826.52349
1258.28521
0
0
0
0
0
0
0
0
0
0
0
81263.10087
0
1839.03223
2737.80738
940.25708
2295.33346
2848.42586
6388.21722
39200.42385
7204.02851
5295.85973
8655.89606
2627.1889
4148.193
121984.52882
38426.09449
0
69.13655
0
6360.5626
69.13655
0
104064.33506
34637.41155
6968.96424
68044.19251
69164.20462
9540.8439
291299.93977
179.75503
304.20082
1590.14065
186433.62073
0
55696.40468
55.30924
0
0
2599.53428
0
0
0
0
0
0
0
0
0
1341.24907
27.65462
0
0
0
5959.57061
0
871.12053
0
276.5462
23769.14589
3567.44598
5683.02441
0
0
235.06427
0
0
0
51603.52092
1424.21293
0
9305.77963
2820.77124
7356.12892
12181.86011
6166.98026
511.61047
11255.43034
1728.41375
0
620431.3997
16302.39849
208543.48942
4563.0123
4258.81148
5240.55049
2322.98808
3180.2813
483.95585
2723.98007
9444.05273
0
1285.93983
5434.13283
0
123256.64134
10882.09297
0
0
60674.23628
23907.41899
132119.94705
10204.55478
21971.59559
2226.19691
12444.579
4258.81148
1451.86755
0
24861.50338
0
22745.92495
8254.90407
3152.62668
0
230625.70349
428.64661
3304.72709
2143.23305
152.10041
127888.79019
0
10342.82788
616186.41553
14172.99275
2004.95995
6360.5626
28829.94135
2654.84352
1106.1848
23312.84466
0
0
9775.90817
290.37351
359.51006
0
0
47814.83798
6623.28149
25746.45122
34789.51196
20409.10956
10038.62706
0
0
525.43778
5254.3778
30503.04586
1991.13264
0
0
14546.33012
0
0
39006.84151
0
0
25400.76847
4701.2854
0
34941.61237
3761.02832
52474.64145
1728.41375
32756.89739
0
912.60246
4839.5585
0
62886.60588
13730.51883
26382.50748
7660.32974
16219.43463
0
0
0
10522.58291
1728.41375
14325.09316
0
8918.61495
10826.78373
9264.2977
2087.92381
2378.29732
276.5462
0
167794.40685
1617.79527
3318.5544
5102.27739
14573.98474
0
0
0
12416.92438
0
0
0
0
3719.54639
18445.63154
0
11946.79584
14795.2217
5530.924
17201.17364
11338.3942
10812.95642
0
0
8130.45828
2405.95194
4327.94803
871.12053
1825.20492
0
8351.69524
8545.27758
70519.281
0
0
3899.30142
6623.28149
9858.87203
12513.71555
1631.62258
788.15667
0
884.94784
0
0
0
0
0
12569.02479
14753.73977
829.6386
0
0
0
0
0
0
0
9983.31782
0
0
0
0
0
0
0
0
318.02813
456.30123
5420.30552
3567.44598
262.71889
0
0
248.89158
0
0
0
0
0
0
0
0
0
0
0
0
0
0
483.95585
41.48193
0
0
3152.62668
0
36988.05425
0
9969.49051
1991.13264
0
2903.7351
719.02012
0
110.61848
0
0
8407.00448
566.91971
5364.99628
0
3415.34557
318359.98544
1921.99609
4493.87575
31346.51177
16274.74387
0
2253.85153
194398.15129
3360.03633
0
0
0
4507.70306
159179.99272
19289.09745
0
483.95585
4756.59464
1023.22094
0
0
7853.91208
1590.14065
10481.10098
0
35038.40354
2157.06036
10854.43835
0
63176.97939
118444.73746
0
6637.1088
5890.43406
0
0
1756.06837
2157.06036
345.68275
0
0
0
981.73901
1189.14866
5586.23324
373.33737
1521.0041
0
0
50912.15542
0
1935.8234
10481.10098
0
6609.45418
7618.84781
1894.34147
3277.07247
4742.76733
4867.21312
49114.60512
1714.58644
4355.60265
3567.44598
0
2198.54229
0
0
0
7411.43816
539.26509
10716.16525
0
30586.00972
0
0
0
6111.67102
14325.09316
0
6692.41804
7770.94822
2074.0965
0
28788.45942
940.25708
25760.27853
511.61047
0
5890.43406
2184.71498
4756.59464
0
0
0
2488.9158
0
0
0
0
0
1866.68685
2433.60656
0
6070.18909
774.32936
20270.83646
0
12707.29789
2696.32545
15362.14141
2654.84352
2696.32545
0
248.89158
8448.48641
5268.20511
0
3235.59054
131981.67395
15528.06913
18252.0492
1299.76714
967.9117
1590.14065
122745.03087
19717.74406
19040.20587
0
3650.40984
3484.48212
12057.41432
6816.86383
5544.75131
760.50205
318.02813
97606.98129
1009.39363
9264.2977
13.82731
0
55.30924
69.13655
9195.16115
11324.56689
2087.92381
0
0
3290.89978
14988.80404
184801.99815
13785.82807
4162.02031
8393.17717
82.96386
373.33737
7729.46629
16841.66358
82.96386
497.78316
0
4881.04043
59761.63382
4383.25727
8337.86793
0
428.64661
41813.78544
7978.35787
12997.6714
6623.28149
74529.2009
4162.02031
1216.80328
3830.16487
0
3194.10861
20768.61962
0
1078.53018
5143.75932
54548.73795
152.10041
9513.18928
13813.48269
256869.93787
6042.53447
19510.33441
12748.77982
22344.93296
14822.87632
0
77460.59062
10066.28168
22925.67998
539.26509
27654.62
2461.26118
91937.78419
3304.72709
6277.59874
5627.71517
3525.96405
511.61047
10564.06484
40652.2914
11587.28578
5558.57862
39131.2873
55323.06731
0
3346.20902
0
9997.14513
2834.59855
5627.71517
2281.50615
801.98398
62928.08781
35840.38752
13758.17345
2198.54229
10978.88414
23630.87279
8683.55068
5945.7433
15569.55106
4134.36569
9886.52665
56650.48907
2475.08849
10107.76361
17380.92867
0
377582.35417
0
235.06427
25843.24239
746.67474
28525.74053
0
1590.14065
1645.44989
3899.30142
442.47392
262.71889
62720.67816
0
41979.71316
0
45588.64107
1230.63059
0
11449.01268
114835.80955
0
2654.84352
8227.24945
0
27378.0738
0
0
0
102570.98558
0
0
9305.77963
3691.89177
3512.13674
0
0
0
0
39062.15075
6471.18108
2986.69896
3221.76323
7411.43816
49681.52483
14850.53094
0
57106.7903
34222.59225
6180.80757
24073.34671
6720.07266
0
68652.59415
1576.31334
0
1244.4579
8268.73138
13772.00076
11213.94841
61877.21225
45879.01458
0
48298.79383
0
4549.18499
0
22745.92495
0
41.48193
359.51006
691.3655
0
5447.96014
2226.19691
0
0
124.44579
6139.32564
0
41.48193
0
290.37351
0
110.61848
13.82731
0
428.64661
13.82731
0
41.48193
0
318.02813
0
0
0
0
152.10041
0
5696.85172
0
0
400.99199
152.10041
262.71889
0
0
511.61047
815.81129
553.0924
0
0
27.65462
0
55.30924
0
6623.28149
0
7535.88395
0
0
0
0
677.53819
0
5254.3778
0
318.02813
1686.93182
13.82731
248.89158
8420.83179
13274.2176
55.30924
18252.0492
8033.66711
1880.51416
1009.39363
19358.234
15057.94059
4480.04844
1576.31334
0
0
4092.88376
0
3982.26528
1603.96796
6706.24535
7936.87594
0
8075.14904
188576.85378
2046.44188
2502.74311
6996.61886
0
0
2405.95194
3194.10861
0
4272.63879
0
12375.44245
2350.6427
10467.27367
75884.27728
276.5462
0
1064.70287
4037.57452
0
4397.08458
0
3360.03633
1451.86755
1327.42176
746.67474
0
857.29322
93597.06139
0
0
2682.49814
0
2737.80738
15223.86831
4231.15686
0
207.40965
0
3249.41785
3968.43797
15127.07714
0
6775.3819
25967.68818
815.81129
1562.48603
0
3097.31744
1382.731
857.29322
387.16468
20118.73605
4563.0123
9928.00858
8075.14904
47068.16324
3567.44598
1009.39363
14186.82006
0
2889.90779
373.33737
31775.15838
36199.89758
0
1272.11252
0
331.85544
1479.52217
7051.9281
24419.02946
1299.76714
0
4894.86774
2336.81539
18680.69581
22538.5153
0
0
179.75503
2419.77925
0
0
0
0
0
0
1756.06837
0
89324.4226
15348.3141
290.37351
0
539.26509
6733.89997
6637.1088
0
0
801.98398
0
7646.50243
0
4867.21312
3747.20101
5434.13283
290.37351
61254.9833
318.02813
0
732.84743
0
1106.1848
1534.83141
248.89158
677.53819
0
40790.5645
70381.0079
427263.879
13.82731
0
33462.0902
2516.57042
13.82731
1825.20492
0
0
0
0
912.60246
0
0
250274.311
0
0
691.3655
206026.919
0
0
0
3401.51826
0
2696.32545
0
0
18666.8685
71902.012
0
1880.51416
1894.34147
0
0
0
41.48193
10190.72747
3152.62668
0
0
0
42588.1148
760.50205
940.25708
0
0
539.26509
0
11075.67531
25580.5235
0
12610.50672
0
13.82731
0
0
13.82731
0
122233.4204
8752.68723
0
0
4009.9199
0
35674.4598
128179.1637
2876.08048
0
5268.20511
32908.9978
1742.24106
0
0
12831.74368
45353.5768
0
774.32936
62361.1681
0
0
53096.8704
0
3691.89177
8462.31372
15348.3141
0
75358.8395
511.61047
0
0
5613.88786
18252.0492
0
0
0
27.65462
18805.1416
0
2696.32545
0
0
0
0
179.75503
843.46591
0
2599.53428
3747.20101
0
1133.83942
124.44579
691.3655
41205.3838
0
0
6056.36178
0
0
0
10163.07285
179.75503
373.33737
0
1562.48603
359.51006
0
2170.88767
0
0
456.30123
0
8158.1129
64296.9915
0
0
74805.7471
0
0
110.61848
6650.93611
414.8193
6125.49833
0
0
742526.547
0
0
1396.55831
0
0
165.92772
318.02813
0
0
0
138.2731
0
4438.56651
1106.1848
967.9117
1175.32135
981.73901
276.5462
0
0
2350.6427
0
5046.96815
0
17698.9568
414.8193
11739.38619
12845.57099
0
0
0
0
312497.206
0
0
0
0
9983.31782
1258.28521
215706.036
884.94784
0
5669.1971
0
82.96386
0
3539.79136
13384.83608
7798.60284
0
0
4051.40183
290.37351
0
0
21847.1498
0
400.99199
56968.5172
0
0
61254.9833
51852.4125
0
3484.48212
3221.76323
0
0
0
497.78316
4327.94803
110.61848
32425.04195
3097.31744
1507.17679
0
0
0
0
0
0
0
0
0
309413.71587
1880.51416
0
0
69.13655
1147.66673
1438.04024
30240.32697
152.10041
19994.29026
0
20740.965
2087.92381
2613.36159
1493.34948
18888.10546
124.44579
3567.44598
636.05626
331.85544
0
359.51006
3830.16487
3843.99218
2447.43387
82.96386
0
14380.4024
1424.88514999385
0
13453.97263
0
0
2806.94393
0
6803.03652
3083.49013
1189.14866
37181.63659
0
497.78316
5088.45008
0
470.12854
0
179.75503
56968.5172
732.84743
0
2723.98007
0
6332.90798
0
0
0
1894.34147
0
843.46591
1230.63059
5517.09669
0
1645.44989
0
82.96386
857.29322
0
2322.98808
4742.76733
39933.27128
6844.51845
0
1728.41375
10729.99256
0
0
0
0
2101.75112
18625.38657
400.99199
705.19281
0
0
2198.54229
0
9264.2977
69.13655
36559.40764
0
0
677.53819
2654.84352
0
0
912.60246
0
1410.38562
0
86738.71563
6194.63488
0
0
19040.20587
2032.61457
10882.09297
719.02012
1438.04024
2087.92381
566.91971
3954.61066
14283.61123
15030.28597
0
0
4701.2854
12651.98865
10605.54677
0
6733.89997
3263.24516
32087.1998998428
0
0
0
0
0
0
510.938250006154
0
2723.98007
9762.08086
0
0
0
0
0
2544.22504
0
0
28359.81281
0
152.10041
0
0
0
33965.8599701572
967.9117
1092.35749
0
0
0
2862.25317
89559.48687
0
4715.11271
0
103386.79687
0
0
0
0
0
0
11269.25765
3968.43797
871.12053
0
0
12873.22561
0
27.65462
16316.2258
0
746.67474
5005.48622
3484.48212
1313.59445
238451.96095
8476.14103
1686.93182
0
3664.23715
0
0
580.74702
2972.87165
345.68275
70629.89948
898.77515
30751.93744
677.53819
151865.34573
0
0
0
470.12854
7065.75541
18127.60341
0
14297.43854
1825.20492
3913.12873
248.89158
1438.04024
5254.3778
18805.1416
497.78316
677.53819
221.23696
6498.8357
898.77515
1313.59445
2986.69896
705.19281
470.12854
5406.47821
11504.32192
1355.07638
3249.41785
45740.74148
1756.06837
1120.01211
7798.60284
41.48193
10038.62706
152.10041
0
5447.96014
2558.05235
4272.63879
13606.07304
69.13655
719.02012
3014.35358
9153.67922
55.30924
0
414.8193
1424.21293
3360.03633
11449.01268
3636.58253
608.40164
1106.1848
3899.30142
2613.36159
967.9117
566.91971
3055.83551
4120.53838
636.05626
96.79117
0
1645.44989
1908.16878
0
884.94784
0
0
25179.53151
0
0
0
0
0
0
0
0
0
0
0
0
0
0
0
0
0
0
0
0
0
0
0
0
18694.52312
0
0
0
0
0
20713.31038
0
2972.87165
0
0
163507.94075
0
0
0
11697.90426
1686.93182
0
0
0
0
0
25912.37894
0
0
0
0
0
0
0
17132.03709
0
0
0
0
0
0
0
0
0
0
16869.3182
0
3705.71908
649.88357
0
1852.85954
124.44579
0
5351.16897
0
954.08439
1507.17679
14090.02889
1037.04825
4991.65891
0
4106.71107
0
6623.28149
1839.03223
13260.39029
152.10041
5447.96014
0
0
